1.11022e-16	2.22045e-16
0.00349972	0.565351
0.00117395	1.12761
-0.0078317	1.68922
-0.0150813	2.2513
-0.0204007	2.81607
-0.0296935	3.39028
-0.0415274	3.96949
-0.055937	4.5562
-0.070081	5.15046
-0.087982	5.75129
-0.105471	6.36394
-0.123858	6.98963
-0.144474	7.6376
-0.164512	8.30211
-0.184475	8.97838
-0.207719	9.66192
-0.232999	10.3537
-0.253794	11.0642
-0.270128	11.7984
-0.282116	12.5587
-0.296212	13.3352
-0.31283	14.124
-0.327087	14.9276
-0.34512	15.7488
-0.358557	16.5817
-0.36611	17.4281
-0.368644	18.2881
-0.381287	19.1697
-0.393144	20.0706
-0.406558	20.9906
-0.419658	21.9249
-0.437561	22.8777
-0.450732	23.8492
-0.46864	24.825
-0.487074	25.8075
-0.505576	26.7949
-0.525875	27.7959
-0.546485	28.8031
-0.567916	29.8173
-0.588476	30.8382
-0.611385	31.8666
-0.634186	32.9025
-0.656257	33.9494
-0.679967	35.0044
-0.704629	36.0673
-0.731816	37.1299
-0.750946	38.2016
-0.763742	39.277
-0.786111	40.3536
-0.811981	41.431
-0.840559	42.5065
-0.870911	43.5805
-0.905996	44.6454
-0.944805	45.7073
-0.981509	46.7798
-1.0156	47.8582
-1.05011	48.9346
-1.0795	50.0106
-1.11251	51.0892
-1.1429	52.1595
-1.1775	53.2326
-1.21049	54.3065
-1.24879	55.3725
-1.28223	56.4438
-1.31941	57.5145
-1.35218	58.6006
-1.38718	59.6858
-1.41801	60.7685
-1.44456	61.8474
-1.46949	62.9251
-1.49992	64.004
-1.52809	65.0853
-1.55877	66.1697
-1.59332	67.2614
-1.62351	68.3497
-1.64924	69.4349
-1.67316	70.5223
-1.69757	71.606
-1.72404	72.6896
-1.7546	73.7689
-1.78443	74.8429
-1.81802	75.9117
-1.85227	76.9801
-1.89275	78.0446
-1.93169	79.115
-1.9716	80.1804
-2.00925	81.241
-2.04609	82.2956
-2.0822	83.3426
-2.11815	84.3815
-2.15226	85.4064
-2.18721	86.4172
-2.22492	87.4107
-2.26242	88.3826
-2.30369	89.3353
-2.34477	90.2656
-2.39013	91.1707
-2.43474	92.0552
-2.48672	92.9158
-2.53828	93.754
-2.59438	94.5671
-2.64959	95.3521
-2.70982	96.1106
-2.76931	96.8365
-2.82759	97.5331
-2.8853	98.1968
-2.94058	98.8327
-2.99255	99.4374
-3.04366	100.02
-3.09227	100.582
-3.1324	101.12
-3.1624	101.636
-3.18249	102.131
-3.19672	102.604
-3.20197	103.055
-3.19818	103.487
-3.18267	103.907
-3.15688	104.319
-3.11616	104.719
-3.06183	105.116
-2.99391	105.498
-2.91142	105.878
-2.81389	106.24
-2.69944	106.603
-2.57078	106.944
-2.43175	107.285
-2.27936	107.617
-2.10939	107.927
-1.92149	108.235
-1.72022	108.515
-1.50675	108.794
-1.28283	109.05
-1.04701	109.31
-0.797227	109.549
-0.530716	109.791
-0.246636	110.016
0.0557837	110.206
0.374458	110.404
0.705109	110.568
1.04953	110.73
1.40813	110.857
1.7741	110.988
2.14892	111.103
2.53314	111.185
2.93463	111.266
3.3507	111.318
3.78382	111.364
4.22727	111.402
4.69076	111.447
5.17344	111.49
5.67265	111.518
6.19294	111.527
6.72852	111.518
7.28232	111.5
7.85534	111.49
8.44766	111.482
9.06575	111.462
9.70845	111.433
10.3653	111.412
11.0417	111.398
11.7305	111.391
12.4406	111.377
13.1636	111.361
13.9022	111.345
14.6583	111.336
15.4238	111.324
16.2008	111.309
16.981	111.294
17.7675	111.276
18.5654	111.252
19.3715	111.225
20.1879	111.207
21.0056	111.189
21.8275	111.169
22.6584	111.15
23.4968	111.137
24.3382	111.128
25.1821	111.111
26.0272	111.099
26.8655	111.087
27.6965	111.067
28.5175	111.042
29.3403	111.019
30.1718	110.996
31.0029	110.973
31.8244	110.95
32.6373	110.931
33.4496	110.915
34.2556	110.896
35.0597	110.874
35.8595	110.852
36.6557	110.832
37.4503	110.812
38.2406	110.788
39.0235	110.76
39.8044	110.731
40.5755	110.698
41.3483	110.662
42.1159	110.626
42.8761	110.594
43.6256	110.563
44.359	110.533
45.0737	110.502
45.7787	110.472
46.4792	110.441
47.1765	110.412
47.8711	110.382
48.5656	110.348
49.254	110.315
49.9395	110.289
50.6236	110.263
51.2989	110.229
51.9717	110.195
52.6411	110.164
53.3068	110.132
53.9664	110.084
54.6275	110.029
55.2967	109.976
55.9687	109.923
56.6451	109.86
57.3246	109.792
58.0125	109.725
58.7092	109.653
59.4186	109.576
60.1424	109.503
60.8681	109.43
61.5965	109.351
62.3294	109.265
63.07	109.174
63.8146	109.091
64.5634	109.014
65.3156	108.934
66.0597	108.857
66.8058	108.791
67.5462	108.72
68.2857	108.648
69.0248	108.567
69.7701	108.483
70.5194	108.398
71.2741	108.316
72.0277	108.228
72.787	108.144
73.5516	108.056
74.323	107.966
75.0981	107.874
75.8789	107.783
76.6636	107.685
77.4543	107.582
78.2494	107.483
79.0466	107.378
79.8488	107.269
80.6562	107.159
81.4741	107.049
82.2975	106.933
83.1285	106.823
83.9628	106.716
84.8016	106.609
85.6502	106.499
86.4992	106.39
87.3488	106.286
88.1956	106.18
89.0433	106.076
89.8949	105.978
90.7563	105.879
91.6216	105.777
92.4873	105.675
93.3471	105.574
94.2111	105.475
95.0744	105.372
95.9365	105.268
96.7909	105.166
97.6459	105.065
98.4989	104.97
99.352	104.878
100.202	104.788
101.043	104.696
101.878	104.606
102.708	104.511
103.536	104.414
104.361	104.315
105.178	104.216
105.991	104.117
106.798	104.021
107.603	103.926
108.401	103.83
109.192	103.731
109.977	103.631
110.757	103.531
111.535	103.427
112.308	103.32
113.078	103.211
113.842	103.109
114.599	103.004
115.357	102.887
116.117	102.766
116.883	102.65
117.639	102.533
118.386	102.411
119.131	102.295
119.873	102.178
120.611	102.053
121.346	101.931
122.079	101.812
122.813	101.684
123.547	101.547
124.273	101.408
124.997	101.269
125.712	101.126
126.425	100.975
127.132	100.811
127.837	100.64
128.537	100.456
129.235	100.265
129.927	100.066
130.618	99.8568
131.304	99.642
131.986	99.4321
132.668	99.2161
133.345	98.9927
134.017	98.7678
134.687	98.5535
135.347	98.3406
136.005	98.1349
136.66	97.9265
137.316	97.7184
137.966	97.5118
138.607	97.3144
139.243	97.1198
139.873	96.9265
140.503	96.7389
141.13	96.5545
141.752	96.3771
142.369	96.2044
142.983	96.0345
143.594	95.8635
144.202	95.6956
144.801	95.539
145.393	95.3907
145.98	95.2441
146.565	95.0991
147.143	94.965
147.725	94.8416
148.302	94.7184
148.878	94.6023
149.451	94.4979
150.022	94.4044
150.593	94.3247
151.16	94.251
151.729	94.1997
152.294	94.1654
152.854	94.1421
153.415	94.1304
153.973	94.1276
154.533	94.1327
155.089	94.1393
155.647	94.138
156.196	94.1206
156.743	94.0931
157.285	94.0524
157.821	94.0073
158.353	93.9601
158.879	93.9068
159.401	93.8382
159.916	93.7572
160.431	93.6692
160.939	93.5782
161.435	93.4852
161.931	93.3862
162.418	93.2763
162.899	93.161
163.379	93.0499
163.854	92.9387
164.332	92.8353
164.806	92.7289
165.278	92.6226
165.744	92.5132
166.209	92.412
166.675	92.2996
167.149	92.187
167.633	92.0695
168.125	91.9461
168.622	91.8103
169.126	91.6684
169.639	91.5263
170.158	91.3812
170.683	91.2259
171.214	91.0624
171.748	90.8965
172.29	90.7348
172.837	90.5691
173.387	90.397
173.933	90.2159
174.481	90.0352
175.029	89.8625
175.574	89.6877
176.116	89.5135
176.658	89.341
177.198	89.1739
177.737	89.009
178.272	88.8461
178.797	88.6899
179.316	88.5396
179.825	88.3945
180.322	88.2556
180.808	88.1232
181.282	87.9937
181.743	87.8686
182.186	87.7535
182.612	87.6509
183.026	87.5615
183.432	87.482
183.833	87.4098
184.232	87.3486
184.623	87.2937
185.02	87.2561
185.413	87.2336
185.804	87.2315
186.194	87.2442
186.57	87.2633
186.952	87.2978
187.332	87.3403
187.697	87.3858
188.069	87.4519
188.424	87.5259
188.788	87.6192
189.155	87.7286
189.51	87.8462
189.882	87.9926
190.234	88.1573
190.601	88.3538
190.949	88.5541
191.32	88.7816
191.693	89.0323
192.042	89.2922
192.411	89.6005
192.748	89.9295
193.103	90.2964
193.454	90.6845
193.78	91.0878
194.121	91.5289
194.438	91.9889
194.764	92.4855
195.072	93.0074
195.378	93.549
195.684	94.1217
195.976	94.7115
196.272	95.3271
196.562	95.957
196.852	96.6074
197.137	97.2774
197.418	97.9701
197.69	98.6823
197.95	99.4111
198.207	100.16
198.462	100.926
198.716	101.703
198.972	102.487
199.242	103.284
199.517	104.093
199.798	104.914
200.083	105.745
200.371	106.591
200.661	107.444
200.955	108.306
201.252	109.169
201.55	110.032
201.848	110.893
202.151	111.754
202.454	112.621
202.757	113.487
203.059	114.35
203.364	115.214
203.665	116.082
203.984	117
204.266	117.82
204.563	118.69
204.858	119.562
205.151	120.437
205.445	121.309
205.735	122.179
206.023	123.049
206.312	123.92
206.599	124.79
206.881	125.657
207.162	126.52
207.441	127.377
207.712	128.226
207.98	129.071
208.243	129.908
208.502	130.736
208.751	131.553
208.997	132.35
209.239	133.144
209.465	133.899
209.687	134.654
209.905	135.39
210.115	136.111
210.316	136.813
210.505	137.493
210.684	138.15
210.853	138.781
211.015	139.387
211.168	139.969
211.315	140.528
211.456	141.062
211.592	141.577
211.724	142.072
211.848	142.554
211.968	143.023
212.088	143.49
212.202	143.94
212.315	144.396
212.419	144.849
212.509	145.296
212.587	145.739
212.644	146.171
212.693	146.609
212.728	147.044
212.735	147.467
212.736	147.897
212.698	148.309
212.655	148.728
212.594	149.14
212.491	149.528
212.395	149.931
212.253	150.305
212.12	150.688
211.968	151.061
211.765	151.398
211.571	151.74
211.328	152.041
211.1	152.351
210.858	152.646
210.571	152.9
210.304	153.167
209.986	153.386
209.69	153.61
209.384	153.816
209.036	153.976
208.71	154.128
208.345	154.238
208.004	154.357
207.629	154.447
207.27	154.537
206.903	154.612
206.514	154.664
206.137	154.727
205.743	154.786
205.343	154.84
204.924	154.869
204.498	154.895
204.055	154.916
203.602	154.948
203.136	154.982
202.653	155.003
202.15	155.02
201.62	155.019
201.071	155.005
200.504	154.98
199.92	154.957
199.318	154.934
198.697	154.91
198.057	154.885
197.401	154.857
196.723	154.826
196.029	154.796
195.317	154.772
194.586	154.754
193.837	154.749
193.071	154.75
192.285	154.76
191.485	154.779
190.669	154.809
189.835	154.851
188.985	154.903
188.123	154.966
187.254	155.041
186.382	155.122
185.506	155.21
184.63	155.303
183.754	155.401
182.877	155.503
181.999	155.604
181.114	155.705
180.229	155.806
179.34	155.906
178.45	156.008
177.558	156.111
176.665	156.218
175.773	156.324
174.881	156.428
173.987	156.532
173.098	156.639
172.211	156.746
171.32	156.849
170.423	156.953
169.532	157.058
168.641	157.161
167.749	157.264
166.857	157.368
165.965	157.472
165.077	157.577
164.166	157.688
163.305	157.795
162.423	157.906
161.544	158.015
160.668	158.127
159.791	158.237
158.917	158.348
158.045	158.461
157.173	158.573
156.307	158.686
155.435	158.799
154.57	158.914
153.702	159.03
152.83	159.144
151.954	159.259
151.075	159.379
150.19	159.501
149.301	159.622
148.418	159.744
147.523	159.874
146.626	160.006
145.726	160.131
144.824	160.257
143.922	160.391
143.007	160.517
142.09	160.64
141.169	160.768
140.245	160.894
139.316	161.019
138.373	161.138
137.441	161.249
136.497	161.358
135.547	161.464
134.595	161.56
133.636	161.656
132.677	161.749
131.711	161.841
130.741	161.936
129.767	162.034
128.789	162.129
127.789	162.224
126.824	162.314
125.847	162.403
124.87	162.489
123.895	162.576
122.923	162.663
121.952	162.748
120.983	162.833
120.011	162.917
119.04	162.998
118.068	163.082
117.096	163.165
116.126	163.248
115.153	163.332
114.183	163.418
113.213	163.504
112.241	163.591
111.271	163.676
110.299	163.762
109.33	163.845
108.36	163.93
107.386	164.015
106.417	164.101
105.445	164.185
104.478	164.269
103.509	164.353
102.541	164.435
101.572	164.514
100.608	164.594
99.6444	164.672
98.6801	164.752
97.7162	164.836
96.7447	164.928
95.7795	165.025
94.8134	165.123
93.8493	165.223
92.8865	165.326
91.9184	165.427
90.9521	165.53
89.9719	165.637
89.0282	165.743
88.0654	165.851
87.0961	165.963
86.1262	166.075
85.1505	166.192
84.1841	166.305
83.2161	166.418
82.2426	166.531
81.2656	166.646
80.2869	166.754
79.3118	166.863
78.3389	166.974
77.3672	167.087
76.3933	167.202
75.4097	167.314
74.4248	167.427
73.4387	167.539
72.4561	167.648
71.4726	167.755
70.4852	167.863
69.4976	167.968
68.5083	168.07
67.5198	168.168
66.5297	168.262
65.5363	168.354
64.5409	168.442
63.5437	168.53
62.5421	168.615
61.5404	168.697
60.5389	168.778
59.5393	168.859
58.5372	168.941
57.536	169.021
56.5341	169.103
55.5339	169.185
54.5342	169.265
53.5363	169.343
52.5433	169.42
51.5499	169.495
50.5616	169.567
49.5719	169.64
48.5877	169.708
47.6118	169.776
46.6355	169.84
45.6609	169.901
44.6818	169.959
43.7101	170.017
42.7442	170.072
41.7818	170.125
40.8234	170.177
39.8647	170.228
38.9072	170.278
37.953	170.328
37.0042	170.377
36.0688	170.426
35.1329	170.474
34.2079	170.519
33.29	170.561
32.3853	170.603
31.4845	170.642
30.5818	170.679
29.7044	170.713
28.8259	170.746
27.9548	170.777
27.0934	170.807
26.2444	170.834
25.4055	170.857
24.5832	170.877
23.7758	170.897
22.9862	170.916
22.2093	170.938
21.4456	170.964
20.6909	170.994
19.9443	171.028
19.2061	171.065
18.4727	171.103
17.748	171.142
17.0282	171.183
16.3141	171.228
15.6068	171.273
14.8995	171.317
14.2232	171.36
13.5455	171.404
12.8758	171.447
12.2162	171.492
11.5681	171.54
10.9339	171.588
10.3137	171.638
9.70917	171.687
9.12053	171.74
8.55146	171.796
7.99864	171.854
7.46175	171.909
6.93851	171.966
6.43264	172.024
5.9412	172.09
5.46164	172.156
4.99536	172.228
4.54199	172.299
4.1011	172.376
3.67436	172.461
3.26275	172.549
2.86458	172.644
2.47555	172.739
2.10015	172.84
1.73714	172.944
1.3941	173.061
1.0667	173.186
0.749034	173.313
0.435287	173.449
0.124488	173.585
-0.194002	173.743
-0.481995	173.905
-0.774407	174.082
-1.05628	174.26
-1.32486	174.457
-1.58099	174.666
-1.82705	174.866
-2.06539	175.092
-2.29897	175.308
-2.53316	175.557
-2.7621	175.809
-2.984	176.102
-3.19765	176.414
-3.40846	176.72
-3.61363	177.056
-3.80931	177.392
-3.99476	177.764
-4.17251	178.135
-4.34195	178.538
-4.50601	178.952
-4.65889	179.398
-4.80267	179.873
-4.93093	180.367
-5.03712	180.879
-5.13238	181.397
-5.21269	181.953
-5.27335	182.524
-5.31934	183.105
-5.35152	183.715
-5.37439	184.332
-5.38621	184.972
-5.39232	185.625
-5.39418	186.293
-5.39249	186.981
-5.38794	187.683
-5.38074	188.4
-5.3739	189.128
-5.37215	189.872
-5.37608	190.633
-5.38351	191.407
-5.38659	192.193
-5.38856	192.984
-5.3974	193.782
-5.40602	194.585
-5.41488	195.395
-5.42512	196.207
-5.44044	197.018
-5.4507	197.828
-5.46379	198.639
-5.47598	199.457
-5.48971	200.28
-5.50283	201.108
-5.51484	201.934
-5.53031	202.76
-5.54606	203.584
-5.56006	204.407
-5.57464	205.23
-5.59592	206.049
-5.6168	206.864
-5.6384	207.676
-5.66336	208.488
-5.69212	209.294
-5.7197	210.095
-5.74662	210.888
-5.77568	211.678
-5.80704	212.46
-5.8361	213.232
-5.86077	213.99
-5.88549	214.732
-5.91233	215.454
-5.9409	216.159
-5.97002	216.847
-5.99631	217.516
-6.02328	218.169
-6.05376	218.804
-6.08427	219.412
-6.11459	220.001
-6.14573	220.567
-6.1781	221.114
-6.20908	221.641
-6.23967	222.147
-6.2677	222.631
-6.29009	223.095
-6.30844	223.545
-6.31985	223.988
-6.32374	224.427
-6.31942	224.867
-6.30439	225.299
-6.27433	225.732
-6.23617	226.152
-6.19086	226.569
-6.13226	226.985
-6.05534	227.383
-5.95913	227.787
-5.84254	228.167
-5.70541	228.552
-5.55735	228.91
-5.39245	229.278
-5.21527	229.621
-5.034	229.963
-4.84275	230.276
-4.63922	230.599
-4.4127	230.913
-4.1627	231.193
-3.8942	231.486
-3.61705	231.743
-3.33917	232.032
-3.05112	232.292
-2.73811	232.558
-2.39757	232.795
-2.03929	232.974
-1.66356	233.174
-1.27852	233.345
-0.874758	233.542
-0.435952	233.703
0.00239807	233.849
0.470349	233.981
0.952823	234.072
1.45182	234.167
1.96817	234.246
2.50406	234.327
3.06334	234.395
3.63315	234.447
4.21949	234.492
4.8184	234.522
5.43245	234.536
6.06874	234.536
6.71886	234.53
7.38999	234.522
8.0742	234.506
8.77187	234.477
9.48222	234.437
10.2063	234.393
10.95	234.353
11.714	234.319
12.4926	234.282
13.2837	234.243
14.0799	234.197
14.887	234.157
15.6982	234.114
16.5014	234.08
17.3047	234.044
18.1098	234.011
18.9182	233.981
19.7262	233.956
20.5389	233.937
21.3503	233.92
22.1668	233.908
23.0004	233.896
23.8119	233.893
24.6346	233.893
25.4545	233.896
26.2767	233.893
27.1013	233.893
27.9277	233.889
28.7547	233.888
29.5826	233.88
30.4079	233.872
31.2345	233.863
32.0587	233.86
32.8821	233.854
33.7038	233.849
34.5227	233.842
35.3385	233.829
36.1534	233.818
36.9686	233.805
37.7795	233.791
38.5853	233.772
39.3838	233.751
40.1794	233.727
40.9714	233.707
41.7628	233.684
42.5523	233.662
43.3372	233.643
44.1237	233.622
44.9078	233.596
45.6897	233.571
46.4584	233.547
47.2269	233.521
47.994	233.49
48.7585	233.462
49.5228	233.435
50.2844	233.411
51.0452	233.39
51.8031	233.37
52.557	233.346
53.3041	233.323
54.05	233.306
54.7957	233.283
55.5503	233.252
56.2806	233.226
57.0082	233.21
57.7232	233.181
58.4456	233.148
59.1737	233.123
59.9002	233.105
60.62	233.087
61.3337	233.066
62.0438	233.046
62.7505	233.037
63.4544	233.03
64.1522	233.017
64.8463	232.998
65.5395	232.98
66.2264	232.96
66.9079	232.934
67.5853	232.908
68.2591	232.886
68.9275	232.867
69.5855	232.849
70.2381	232.832
70.8877	232.815
71.5363	232.796
72.1822	232.777
72.8257	232.758
73.4682	232.746
74.1035	232.726
74.7379	232.699
75.3666	232.67
75.9935	232.647
76.6184	232.622
77.2393	232.591
77.8618	232.553
78.4878	232.513
79.121	232.473
79.7635	232.427
80.4154	232.376
81.0785	232.319
81.7458	232.254
82.4231	232.188
83.1116	232.123
83.8127	232.052
84.5244	231.97
85.2431	231.882
85.9696	231.795
86.7091	231.7
87.4664	231.598
88.2377	231.491
89.0241	231.38
89.8255	231.264
90.6385	231.144
91.4678	231.021
92.3083	230.899
93.1707	230.775
94.0246	230.649
94.9009	230.52
95.7977	230.39
96.7043	230.258
97.6241	230.132
98.5563	230.008
99.5003	229.89
100.455	229.778
101.418	229.673
102.391	229.569
103.377	229.468
104.369	229.376
105.359	229.285
106.348	229.193
107.341	229.105
108.345	229.013
109.35	228.921
110.358	228.826
111.363	228.735
112.367	228.65
113.366	228.564
114.373	228.478
115.372	228.394
116.359	228.311
117.36	228.229
118.355	228.153
119.348	228.077
120.339	228.001
121.331	227.93
122.323	227.863
123.309	227.797
124.289	227.734
125.266	227.678
126.241	227.623
127.217	227.574
128.192	227.527
129.152	227.477
130.11	227.426
131.064	227.375
132.013	227.319
132.962	227.26
133.91	227.207
134.854	227.155
135.796	227.099
136.725	227.043
137.658	226.984
138.59	226.919
139.517	226.851
140.442	226.781
141.363	226.703
142.285	226.624
143.209	226.535
144.133	226.441
145.056	226.346
145.977	226.238
146.902	226.123
147.826	225.996
148.746	225.863
149.665	225.721
150.587	225.568
151.519	225.403
152.426	225.231
153.345	225.052
154.266	224.859
155.186	224.651
156.104	224.435
157.018	224.208
157.937	223.974
158.853	223.736
159.77	223.494
160.685	223.256
161.603	223.016
162.519	222.782
163.439	222.554
164.366	222.328
165.293	222.111
166.214	221.9
167.135	221.701
168.052	221.507
168.971	221.32
169.891	221.142
170.813	220.973
171.738	220.808
172.652	220.646
173.565	220.491
174.47	220.341
175.365	220.191
176.246	220.043
177.119	219.901
177.979	219.765
178.819	219.634
179.64	219.506
180.449	219.376
181.257	219.252
182.065	219.131
182.872	219.01
183.679	218.884
184.483	218.757
185.286	218.629
186.087	218.498
186.883	218.363
187.673	218.229
188.455	218.1
189.238	217.971
190.021	217.841
190.804	217.716
191.582	217.6
192.361	217.486
193.141	217.374
193.905	217.266
194.669	217.159
195.432	217.055
196.195	216.954
196.962	216.856
197.728	216.759
198.485	216.667
199.233	216.576
199.972	216.486
200.697	216.403
201.407	216.321
202.099	216.238
202.77	216.153
203.42	216.072
204.042	215.996
204.639	215.925
205.206	215.85
205.75	215.775
206.268	215.704
206.764	215.642
207.241	215.583
207.704	215.519
208.163	215.447
208.613	215.38
209.06	215.309
209.5	215.243
209.946	215.165
210.35	215.091
210.751	215.017
211.132	214.943
211.491	214.875
211.825	214.809
212.137	214.745
212.447	214.677
212.755	214.608
213.062	214.535
213.365	214.463
213.665	214.387
213.959	214.314
214.254	214.24
214.541	214.167
214.824	214.089
215.109	214.009
215.396	213.924
215.688	213.835
215.978	213.736
216.274	213.633
216.575	213.527
216.878	213.413
217.185	213.294
217.491	213.158
217.808	213.016
218.126	212.861
218.457	212.701
218.789	212.521
219.132	212.333
219.481	212.125
219.819	211.889
220.171	211.644
220.512	211.371
220.866	211.092
221.207	210.779
221.551	210.459
221.895	210.117
222.22	209.742
222.556	209.363
222.873	208.952
223.184	208.536
223.474	208.083
223.767	207.624
224.051	207.148
224.313	206.641
224.572	206.128
224.808	205.586
225.045	205.038
225.247	204.454
225.438	203.865
225.611	203.26
225.753	202.631
225.886	202.005
225.97	201.35
226.041	200.7
226.092	200.045
226.11	199.367
226.114	198.696
226.084	198.001
226.043	197.305
225.976	196.591
225.9	195.878
225.808	195.16
225.694	194.431
225.571	193.7
225.43	192.957
225.277	192.215
225.105	191.464
224.917	190.708
224.717	189.948
224.502	189.19
224.27	188.432
224.03	187.671
223.779	186.899
223.515	186.122
223.236	185.337
222.95	184.556
222.66	183.771
222.372	182.981
222.081	182.189
221.783	181.391
221.48	180.578
221.19	179.799
220.892	178.999
220.596	178.197
220.307	177.397
220.021	176.587
219.751	175.796
219.483	174.996
219.224	174.2
218.969	173.408
218.721	172.617
218.482	171.835
218.254	171.065
218.032	170.309
217.819	169.569
217.612	168.845
217.409	168.132
217.217	167.459
217.026	166.792
216.836	166.133
216.651	165.492
216.473	164.884
216.293	164.277
216.111	163.683
215.938	163.124
215.757	162.56
215.578	162.017
215.393	161.479
215.198	160.946
214.999	160.43
214.787	159.923
214.57	159.44
214.345	158.976
214.101	158.518
213.854	158.088
213.574	157.663
213.292	157.272
212.971	156.885
212.661	156.533
212.307	156.182
211.965	155.873
211.583	155.56
211.22	155.29
210.844	155.044
210.427	154.805
210.025	154.61
209.587	154.41
209.163	154.246
208.699	154.084
208.249	153.969
207.764	153.857
207.289	153.779
206.799	153.714
206.281	153.652
205.762	153.62
205.214	153.591
204.678	153.573
204.109	153.563
203.557	153.566
202.976	153.576
202.379	153.589
201.759	153.616
201.14	153.65
200.497	153.69
199.842	153.738
199.176	153.795
198.495	153.861
197.802	153.931
197.094	154.001
196.372	154.07
195.635	154.138
194.884	154.206
194.124	154.276
193.347	154.35
192.56	154.428
191.761	154.507
190.949	154.591
190.124	154.677
189.288	154.765
188.44	154.855
187.577	154.946
186.708	155.043
185.823	155.145
184.929	155.251
184.027	155.361
183.116	155.476
182.198	155.595
181.272	155.712
180.34	155.828
179.402	155.945
178.461	156.059
177.517	156.174
176.57	156.287
175.624	156.401
174.679	156.512
173.734	156.624
172.794	156.735
171.846	156.845
170.901	156.954
169.956	157.068
169.016	157.182
168.082	157.295
167.148	157.41
166.216	157.525
165.285	157.641
164.357	157.756
163.431	157.872
162.507	157.988
161.586	158.104
160.665	158.219
159.747	158.333
158.826	158.448
157.906	158.565
156.985	158.681
156.06	158.797
155.139	158.913
154.216	159.032
153.294	159.152
152.368	159.274
151.44	159.4
150.51	159.529
149.575	159.66
148.641	159.793
147.703	159.93
146.76	160.072
145.814	160.206
144.868	160.34
143.921	160.479
142.964	160.61
142.001	160.739
141.031	160.869
140.057	160.997
139.074	161.121
138.086	161.237
137.092	161.348
136.081	161.455
135.077	161.554
134.059	161.649
133.044	161.745
132.024	161.839
130.994	161.935
129.955	162.035
128.911	162.134
127.859	162.234
126.807	162.331
125.744	162.427
124.684	162.52
123.621	162.614
122.556	162.707
121.492	162.799
120.428	162.892
119.361	162.986
118.297	163.082
117.233	163.18
116.167	163.278
115.103	163.378
114.041	163.476
112.976	163.574
111.913	163.673
110.848	163.771
109.786	163.869
108.724	163.967
107.659	164.063
106.597	164.16
105.531	164.254
104.468	164.349
103.407	164.444
102.344	164.537
101.282	164.63
100.222	164.728
99.1616	164.826
98.0992	164.929
97.0303	165.043
95.9595	165.165
94.891	165.287
93.8189	165.416
92.7469	165.548
91.6754	165.68
90.5999	165.817
89.5265	165.956
88.4542	166.096
87.3771	166.238
86.2979	166.381
85.2104	166.528
84.1229	166.674
83.0336	166.817
81.9441	166.96
80.8405	167.102
79.737	167.239
78.6334	167.373
77.5344	167.504
76.4272	167.63
75.3098	167.751
74.1784	167.871
73.0503	167.986
71.9185	168.097
70.781	168.206
69.6409	168.315
68.4961	168.424
67.3486	168.533
66.1944	168.637
65.0396	168.738
63.8774	168.835
62.7103	168.931
61.5417	169.023
60.3757	169.113
59.2144	169.2
58.0516	169.284
56.8918	169.366
55.7346	169.447
54.5777	169.525
53.4241	169.604
52.272	169.682
51.1248	169.756
49.9764	169.831
48.8335	169.903
47.6999	169.976
46.5642	170.046
45.4319	170.116
44.2994	170.187
43.1739	170.254
42.0516	170.315
40.9451	170.374
39.8392	170.43
38.7424	170.483
37.663	170.533
36.5922	170.583
35.5353	170.63
34.4941	170.674
33.4627	170.718
32.4609	170.758
31.4654	170.795
30.4883	170.829
29.527	170.863
28.5778	170.895
27.6503	170.927
26.7363	170.955
25.8387	170.981
24.9603	171.007
24.0966	171.032
23.2529	171.061
22.4175	171.094
21.5995	171.132
20.7912	171.174
20.0207	171.24
19.3166	171.345
18.6117	171.449
17.9067	171.554
17.2018	171.658
16.4979	171.763
15.7942	171.867
15.0898	171.971
14.3862	172.076
13.6829	172.18
12.9804	172.284
12.2772	172.388
11.5748	172.492
10.8724	172.596
10.1702	172.7
9.44211	172.806
8.83819	172.908
8.25153	173.002
7.68223	173.094
7.13235	173.177
6.60505	173.254
6.09518	173.323
5.61129	173.387
5.15088	173.446
4.71774	173.499
4.30937	173.544
3.92563	173.583
3.5688	173.62
3.23742	173.652
2.92919	173.68
2.64161	173.705
2.37584	173.73
2.13064	173.753
1.89963	173.776
1.67955	173.799
1.46576	173.819
1.25862	173.839
1.05692	173.86
0.859618	173.879
0.663087	173.895
0.465217	173.909
0.266755	173.925
0.0686383	173.944
-0.12803	173.962
-0.324786	173.978
-0.522732	173.992
-0.72023	174.003
-0.917514	174.013
-1.11827	174.019
-1.33059	174.024
-1.5594	174.032
-1.80979	174.043
-2.08043	174.055
-2.36959	174.068
-2.67389	174.082
-2.99758	174.095
-3.33969	174.105
-3.70809	174.113
-4.09864	174.121
-4.51292	174.132
-4.95345	174.148
-5.41652	174.168
-5.90432	174.187
-6.41014	174.204
-6.93604	174.228
-7.4782	174.263
-8.03419	174.303
-8.60936	174.34
-9.20589	174.363
-9.8247	174.383
-10.464	174.413
-11.1247	174.452
-11.8035	174.479
-12.4942	174.495
-13.2002	174.511
-13.9191	174.528
-14.6626	174.544
-15.431	174.568
-16.2223	174.591
-17.0285	174.613
-17.8414	174.628
-18.6741	174.642
-19.5155	174.657
-20.3819	174.671
-21.263	174.681
-22.1532	174.695
-23.0541	174.711
-23.9675	174.723
-24.8917	174.737
-25.8252	174.752
-26.7703	174.768
-27.7285	174.788
-28.6979	174.812
-29.6806	174.84
-30.6688	174.869
-31.6643	174.901
-32.6663	174.935
-33.6711	174.97
-34.6865	175.005
-35.7078	175.04
-36.7347	175.075
-37.765	175.105
-38.8036	175.134
-39.8436	175.166
-40.8948	175.196
-41.9484	175.221
-43.0012	175.252
-44.0619	175.286
-45.1225	175.319
-46.1849	175.352
-47.2482	175.385
-48.3095	175.415
-49.3744	175.443
-50.4329	175.47
-51.4931	175.499
-52.5574	175.526
-53.6266	175.558
-54.6955	175.588
-55.7576	175.616
-56.813	175.643
-57.868	175.673
-58.9259	175.703
-59.9921	175.737
-61.0609	175.769
-62.1301	175.805
-63.1968	175.839
-64.2632	175.874
-65.3281	175.907
-66.3942	175.939
-67.4659	175.972
-68.5377	176.003
-69.6132	176.031
-70.6808	176.058
-71.7492	176.081
-72.8196	176.103
-73.8957	176.124
-74.9765	176.146
-76.0576	176.171
-77.134	176.196
-78.2088	176.218
-79.2874	176.234
-80.367	176.244
-81.4471	176.258
-82.5276	176.27
-83.6095	176.28
-84.6922	176.291
-85.773	176.293
-86.8527	176.293
-87.9368	176.289
-89.0247	176.283
-90.1181	176.27
-91.2113	176.258
-92.3025	176.241
-93.3931	176.225
-94.4844	176.205
-95.5735	176.181
-96.659	176.154
-97.757	176.122
-98.854	176.087
-99.9488	176.047
-101.045	176.004
-102.143	175.959
-103.24	175.913
-104.339	175.862
-105.437	175.81
-106.54	175.752
-107.64	175.695
-108.74	175.637
-109.844	175.581
-110.949	175.52
-112.058	175.46
-113.162	175.393
-114.268	175.326
-115.376	175.259
-116.488	175.192
-117.599	175.123
-118.71	175.055
-119.827	174.985
-120.943	174.923
-122.062	174.857
-123.176	174.788
-124.294	174.719
-125.413	174.649
-126.535	174.574
-127.663	174.506
-128.791	174.438
-129.919	174.366
-131.049	174.295
-132.18	174.222
-133.309	174.148
-134.443	174.072
-135.575	173.996
-136.71	173.924
-137.847	173.848
-138.982	173.775
-140.122	173.706
-141.262	173.635
-142.399	173.566
-143.536	173.492
-144.675	173.416
-145.816	173.338
-146.96	173.26
-148.093	173.189
-149.232	173.117
-150.368	173.044
-151.507	172.967
-152.637	172.888
-153.767	172.808
-154.902	172.728
-156.043	172.649
-157.17	172.571
-158.293	172.495
-159.403	172.411
-160.514	172.33
-161.632	172.25
-162.753	172.174
-163.869	172.098
-164.975	172.023
-166.074	171.945
-167.158	171.875
-168.236	171.803
-169.32	171.734
-170.414	171.663
-171.502	171.597
-172.571	171.521
-173.622	171.442
-174.668	171.36
-175.684	171.284
-176.714	171.208
-177.746	171.132
-178.776	171.055
-179.794	170.977
-180.803	170.903
-181.8	170.832
-182.793	170.76
-183.779	170.688
-184.751	170.616
-185.728	170.546
-186.702	170.476
-187.668	170.404
-188.62	170.334
-189.566	170.268
-190.513	170.201
-191.454	170.135
-192.391	170.071
-193.315	170.004
-194.234	169.931
-195.15	169.858
-196.064	169.785
-196.972	169.701
-197.876	169.626
-198.778	169.55
-199.669	169.462
-200.552	169.373
-201.435	169.279
-202.317	169.176
-203.199	169.064
-204.071	168.946
-204.934	168.828
-205.787	168.703
-206.635	168.57
-207.48	168.431
-208.326	168.29
-209.166	168.153
-210	168.017
-210.824	167.882
-211.647	167.751
-212.459	167.618
-213.258	167.488
-214.041	167.366
-214.818	167.254
-215.584	167.155
-216.342	167.069
-217.089	167.005
-217.826	166.951
-218.557	166.906
-219.272	166.87
-219.977	166.84
-220.671	166.824
-221.357	166.819
-222.031	166.826
-222.696	166.843
-223.349	166.873
-223.989	166.913
-224.615	166.963
-225.228	167.022
-225.825	167.088
-226.411	167.158
-226.987	167.24
-227.55	167.326
-228.107	167.42
-228.648	167.513
-229.178	167.609
-229.692	167.712
-230.197	167.818
-230.693	167.92
-231.179	168.018
-231.657	168.107
-232.122	168.192
-232.578	168.273
-233.024	168.346
-233.454	168.409
-233.871	168.462
-234.277	168.503
-234.669	168.528
-235.056	168.547
-235.423	168.551
-235.787	168.548
-236.139	168.528
-236.472	168.484
-236.81	168.432
-237.12	168.357
-237.438	168.284
-237.749	168.202
-238.042	168.099
-238.343	167.997
-238.623	167.871
-238.905	167.741
-239.174	167.599
-239.423	167.439
-239.68	167.281
-239.922	167.111
-240.168	166.948
-240.393	166.774
-240.615	166.595
-240.837	166.406
-241.052	166.207
-241.271	166.007
-241.484	165.802
-241.699	165.607
-241.917	165.407
-242.133	165.205
-242.344	164.998
-242.552	164.78
-242.761	164.565
-242.963	164.334
-243.168	164.097
-243.373	163.846
-243.571	163.585
-243.77	163.32
-243.957	163.041
-244.147	162.748
-244.312	162.445
-244.491	162.132
-244.668	161.809
-244.826	161.468
-244.988	161.117
-245.128	160.735
-245.271	160.339
-245.419	159.925
-245.557	159.483
-245.696	159.029
-245.815	158.552
-245.938	158.053
-246.064	157.533
-246.2	156.992
-246.343	156.431
-246.482	155.841
-246.614	155.23
-246.736	154.589
-246.853	153.916
-246.968	153.214
-247.075	152.48
-247.176	151.724
-247.267	150.944
-247.355	150.141
-247.441	149.309
-247.522	148.452
-247.601	147.573
-247.681	146.671
-247.763	145.749
-247.845	144.804
-247.93	143.834
-248.018	142.841
-248.105	141.824
-248.192	140.784
-248.277	139.72
-248.361	138.636
-248.443	137.527
-248.523	136.389
-248.604	135.232
-248.689	134.054
-248.773	132.87
-248.856	131.686
-248.939	130.508
-249.016	129.336
-249.087	128.165
-249.156	126.99
-249.218	125.815
-249.278	124.642
-249.339	123.462
-249.398	122.286
-249.457	121.109
-249.513	119.932
-249.565	118.755
-249.612	117.58
-249.655	116.406
-249.697	115.238
-249.738	114.068
-249.779	112.906
-249.82	111.742
-249.861	110.584
-249.902	109.425
-249.943	108.268
-249.979	107.114
-250.013	105.963
-250.045	104.815
-250.074	103.669
-250.1	102.525
-250.125	101.387
-250.148	100.251
-250.169	99.1187
-250.189	97.986
-250.207	96.8553
-250.225	95.7232
-250.244	94.5988
-250.264	93.4827
-250.283	92.3688
-250.306	91.2592
-250.33	90.1458
-250.362	89.0375
-250.4	87.9367
-250.448	86.84
-250.498	85.7428
-250.55	84.6452
-250.598	83.5472
-250.642	82.4494
-250.69	81.3567
-250.734	80.2723
-250.786	79.1887
-250.847	78.1038
-250.906	77.0131
-250.964	75.9187
-251.02	74.8245
-251.074	73.7271
-251.126	72.6367
-251.181	71.5496
-251.238	70.4648
-251.297	69.3806
-251.353	68.2994
-251.406	67.2209
-251.457	66.1429
-251.504	65.0681
-251.549	63.9915
-251.593	62.9207
-251.635	61.8525
-251.675	60.7869
-251.712	59.7255
-251.748	58.6619
-251.782	57.6015
-251.814	56.5465
-251.845	55.4898
-251.876	54.4387
-251.906	53.3873
-251.936	52.3437
-251.967	51.2977
-251.999	50.2577
-252.031	49.2201
-252.065	48.1825
-252.102	47.147
-252.144	46.1167
-252.188	45.0929
-252.235	44.063
-252.285	43.0392
-252.338	42.0185
-252.391	41.0016
-252.448	39.988
-252.506	38.9732
-252.565	37.9622
-252.625	36.9564
-252.689	35.9533
-252.75	34.955
-252.811	33.9548
-252.872	32.959
-252.93	31.9658
-252.984	30.9781
-253.03	29.994
-253.069	29.0097
-253.098	28.0289
-253.114	27.0498
-253.122	26.0738
-253.116	25.1012
-253.102	24.1304
-253.079	23.1671
-253.041	22.2034
-252.993	21.2413
-252.927	20.2821
-252.848	19.3242
-252.75	18.3747
-252.628	17.4262
-252.488	16.4809
-252.322	15.5346
-252.142	14.5908
-251.944	13.6505
-251.717	12.7127
-251.476	11.7783
-251.206	10.8462
-250.92	9.91772
-250.609	8.98969
-250.269	8.06443
-249.911	7.14579
-249.523	6.22644
-249.119	5.31483
-248.691	4.41145
-248.227	3.5104
-247.746	2.61686
-247.238	1.73272
-246.714	0.853569
-246.166	-0.0179689
-245.601	-0.886348
-245.012	-1.7555
-244.406	-2.61994
-243.782	-3.48279
-243.148	-4.34198
-242.507	-5.20161
-241.857	-6.06639
-241.203	-6.93422
-240.544	-7.80521
-239.876	-8.68088
-239.205	-9.55865
-238.528	-10.4414
-237.846	-11.3274
-237.154	-12.2291
-236.483	-13.1027
-235.808	-13.9887
-235.131	-14.8837
-234.463	-15.7783
-233.803	-16.6772
-233.151	-17.5802
-232.509	-18.4819
-231.874	-19.3881
-231.249	-20.2977
-230.632	-21.2116
-230.029	-22.1279
-229.433	-23.0523
-228.85	-23.9731
-228.273	-24.8948
-227.695	-25.8155
-227.12	-26.7315
-226.548	-27.6463
-225.981	-28.5578
-225.42	-29.4668
-224.863	-30.374
-224.309	-31.2758
-223.757	-32.1753
-223.207	-33.0692
-222.658	-33.9628
-222.113	-34.8529
-221.575	-35.7343
-221.036	-36.6157
-220.503	-37.4878
-219.974	-38.3497
-219.454	-39.1949
-218.946	-40.02
-218.444	-40.8216
-217.954	-41.6004
-217.474	-42.3504
-217.002	-43.0751
-216.539	-43.7746
-216.082	-44.4499
-215.634	-45.0963
-215.202	-45.7161
-214.778	-46.3102
-214.368	-46.8784
-213.968	-47.4242
-213.57	-47.9634
-213.203	-48.453
-212.833	-48.9387
-212.47	-49.4066
-212.112	-49.855
-211.758	-50.2863
-211.403	-50.7036
-211.05	-51.1035
-210.7	-51.4924
-210.35	-51.8666
-210.007	-52.2239
-209.664	-52.5651
-209.329	-52.8822
-208.996	-53.1825
-208.663	-53.4595
-208.342	-53.7128
-208.023	-53.938
-207.723	-54.1383
-207.434	-54.3148
-207.16	-54.4702
-206.901	-54.614
-206.639	-54.7508
-206.381	-54.881
-206.119	-55.0036
-205.847	-55.1124
-205.581	-55.2088
-205.309	-55.2949
-205.047	-55.3768
-204.785	-55.451
-204.511	-55.5142
-204.238	-55.5721
-203.948	-55.6242
-203.654	-55.6759
-203.34	-55.72
-203.023	-55.7591
-202.693	-55.791
-202.344	-55.8126
-201.99	-55.83
-201.613	-55.8335
-201.23	-55.8319
-200.831	-55.8119
-200.405	-55.7756
-199.967	-55.7279
-199.501	-55.6683
-199.022	-55.5986
-198.512	-55.5157
-197.999	-55.4218
-197.459	-55.3099
-196.896	-55.178
-196.317	-55.0281
-195.719	-54.8597
-195.101	-54.6753
-194.465	-54.4676
-193.807	-54.2375
-193.144	-53.98
-192.469	-53.6985
-191.785	-53.3892
-191.089	-53.0596
-190.391	-52.6936
-189.682	-52.2951
-188.959	-51.8707
-188.23	-51.4201
-187.493	-50.9499
-186.748	-50.4576
-185.994	-49.9478
-185.227	-49.4209
-184.447	-48.8822
-183.653	-48.3368
-182.849	-47.7881
-181.997	-47.2117
-181.203	-46.6776
-180.36	-46.112
-179.498	-45.5321
-178.627	-44.9496
-177.745	-44.3612
-176.845	-43.7646
-175.936	-43.1648
-175.014	-42.5599
-174.079	-41.9513
-173.129	-41.3376
-172.161	-40.7159
-171.183	-40.0941
-170.196	-39.478
-169.196	-38.8638
-168.181	-38.2522
-167.157	-37.6437
-166.122	-37.0398
-165.081	-36.4374
-164.041	-35.8419
-162.993	-35.2505
-161.937	-34.6644
-160.874	-34.0871
-159.803	-33.5173
-158.731	-32.9611
-157.655	-32.4102
-156.578	-31.8633
-155.499	-31.3261
-154.423	-30.7886
-153.354	-30.2718
-152.285	-29.7545
-151.211	-29.2325
-150.138	-28.7081
-149.069	-28.1828
-148.004	-27.6577
-146.931	-27.1337
-145.858	-26.6121
-144.789	-26.0982
-143.716	-25.5787
-142.641	-25.057
-141.561	-24.5301
-140.482	-24.0069
-139.403	-23.4863
-138.324	-22.9682
-137.248	-22.4509
-136.173	-21.9347
-135.097	-21.4157
-134.023	-20.8961
-132.945	-20.3771
-131.877	-19.8662
-130.814	-19.3581
-129.755	-18.8493
-128.699	-18.3371
-127.647	-17.825
-126.595	-17.3118
-125.552	-16.8002
-124.516	-16.2887
-123.482	-15.7772
-122.447	-15.2669
-121.409	-14.7631
-120.382	-14.2753
-119.357	-13.7996
-118.328	-13.3335
-117.291	-12.8787
-116.244	-12.4352
-115.19	-12.0029
-114.141	-11.5875
-113.102	-11.1877
-112.048	-10.7895
-110.986	-10.3998
-109.925	-10.0074
-108.874	-9.61741
-107.824	-9.2434
-106.766	-8.86429
-105.705	-8.49225
-104.64	-8.12476
-103.575	-7.76012
-102.512	-7.39422
-101.445	-7.02064
-100.383	-6.64698
-99.3233	-6.28188
-98.2668	-5.92768
-97.2112	-5.58444
-96.1341	-5.25018
-95.057	-4.92431
-93.9769	-4.60433
-92.897	-4.29172
-91.8162	-3.98815
-90.7331	-3.69591
-89.6504	-3.41366
-88.5603	-3.13917
-87.4694	-2.8711
-86.3731	-2.6109
-85.2757	-2.35766
-84.1787	-2.11309
-83.0809	-1.8753
-81.9842	-1.6428
-80.888	-1.41313
-79.7931	-1.18502
-78.6956	-0.95672
-77.569	-0.725446
-76.5112	-0.5132
-75.4228	-0.30068
-74.3378	-0.0910308
-73.2516	0.114807
-72.1664	0.319994
-71.0852	0.52172
-70.0068	0.722953
-68.9285	0.923302
-67.8523	1.12026
-66.773	1.31342
-65.7006	1.50044
-64.6252	1.6866
-63.5562	1.86926
-62.4896	2.04798
-61.4256	2.22538
-60.3604	2.40235
-59.2953	2.57747
-58.2343	2.75408
-57.1791	2.92234
-56.129	3.09171
-55.0758	3.25761
-54.0258	3.41897
-52.9885	3.57544
-51.9487	3.73199
-50.9098	3.8886
-49.8684	4.04034
-48.8308	4.18587
-47.8007	4.3287
-46.7763	4.46429
-45.756	4.5965
-44.7313	4.72766
-43.7122	4.8569
-42.697	4.98099
-41.6805	5.10223
-40.6664	5.22332
-39.6627	5.34022
-38.6755	5.45322
-37.6893	5.56496
-36.7124	5.6763
-35.7455	5.78257
-34.7862	5.88849
-33.8424	5.99203
-32.9135	6.09216
-31.9967	6.19001
-31.0873	6.28422
-30.1869	6.37592
-29.2969	6.46557
-28.421	6.55403
-27.5543	6.63951
-26.721	6.72078
-25.9002	6.80006
-25.0995	6.87869
-24.3202	6.95413
-23.5589	7.0252
-22.816	7.09169
-22.0893	7.15957
-21.38	7.22837
-20.6882	7.29721
-20.0167	7.36264
-19.3623	7.42624
-18.7249	7.49089
-18.1068	7.55145
-17.5015	7.60654
-16.9121	7.65597
-16.3377	7.70208
-15.7808	7.74364
-15.2416	7.78231
-14.7261	7.81968
-14.2316	7.85855
-13.7592	7.8956
-13.3135	7.93015
-12.8954	7.96159
-12.501	7.99145
-12.1283	8.02202
-11.7762	8.04801
-11.4484	8.07328
-11.1392	8.10066
-10.8439	8.12948
-10.5614	8.15992
-10.2874	8.19505
-10.0238	8.23151
-9.76838	8.26902
-9.51822	8.30992
-9.27129	8.35643
-9.02816	8.41277
-8.78925	8.47818
-8.55563	8.54739
-8.33697	8.61231
-8.14918	8.66932
-8.00036	8.71155
-7.8976	8.74496
-7.82944	8.76998
-7.79172	8.78606
-7.78413	8.79074
-7.79925	8.78746
-7.81142	8.78358
-7.81339	8.78518
-7.81302	8.78663
-7.81353	8.7872
-7.81145	8.78782
-7.8094	8.78814
-7.81035	8.785
-7.81126	8.7819
-7.80945	8.779
-7.80884	8.77608
-7.8098	8.77362
-7.80913	8.77101
-7.80645	8.76869
-7.80591	8.76643
-7.80482	8.76295
-7.80402	8.76106
-7.8014	8.75801
-7.80077	8.75555
-7.79854	8.75292
-7.79689	8.75168
-7.79508	8.75016
-7.79344	8.74852
-7.79099	8.74681
-7.78951	8.74523
-7.78833	8.7434
-7.78658	8.7419
-7.78493	8.74052
-7.78331	8.73816
-7.78176	8.73684
-7.78017	8.73484
-7.77889	8.73363
-7.77703	8.73186
-7.77578	8.73087
-7.7741	8.72855
-7.77305	8.72705
-7.7716	8.72656
-7.77053	8.72571
-7.76944	8.72441
-7.76863	8.72358
-7.76785	8.72337
-7.76737	8.72271
-7.76688	8.72176
-7.76633	8.72048
-7.76613	8.71914
-7.76576	8.71758
-7.76515	8.71631
-7.76453	8.71532
-7.76398	8.71459
-7.76362	8.71383
-7.76329	8.71314
-7.76329	8.71349
-7.76333	8.71283
-7.76322	8.71282
-7.76296	8.71255
-7.76302	8.71251
-7.76302	8.71236
-7.76309	8.71349
-7.76278	8.71329
-7.7623	8.71292
-7.76246	8.71417
-7.76218	8.71634
-7.75932	8.71903
-7.75329	8.72214
-7.74402	8.72696
-7.73174	8.73388
-7.71711	8.74234
-7.70036	8.75102
-7.68154	8.76068
-7.65888	8.77078
-7.62709	8.7865
-7.5805	8.80694
-7.51304	8.83606
-7.42402	8.87308
-7.31086	8.92222
-7.1753	8.98276
-7.02012	9.05481
-6.84098	9.13861
-6.6409	9.23657
-6.42112	9.35531
-6.18368	9.49164
-5.93074	9.64415
-5.66973	9.82567
-5.39913	10.0299
-5.12074	10.2578
-4.83733	10.5091
-4.55062	10.7817
-4.26073	11.0807
-3.97491	11.4059
-3.69371	11.7539
-3.41451	12.1356
-3.13539	12.5464
-2.86218	12.9927
-2.59907	13.4679
-2.35285	13.9724
-2.11827	14.5123
-1.885	15.0833
-1.66177	15.686
-1.45635	16.3186
-1.2601	16.9749
-1.07396	17.6611
-0.904547	18.3737
-0.766019	19.1171
-0.647612	19.8828
-0.54815	20.6754
-0.469374	21.4894
-0.411778	22.3233
-0.374003	23.1848
-0.353107	24.0662
-0.34565	24.9742
-0.347769	25.8997
-0.356192	26.8503
-0.369986	27.8213
-0.387238	28.8185
-0.405744	29.8366
-0.42502	30.874
-0.443525	31.9351
-0.459357	33.0176
-0.474721	34.1263
-0.493185	35.252
-0.512628	36.3924
-0.535546	37.539
-0.558895	38.6862
-0.584304	39.8356
-0.609695	40.9857
-0.638781	42.1348
-0.669138	43.283
-0.703525	44.4222
-0.739454	45.5643
-0.775721	46.7068
-0.814936	47.8533
-0.85038	48.997
-0.88452	50.1325
-0.923089	51.2668
-0.957993	52.3966
-0.99363	53.5216
-1.02673	54.6439
-1.05852	55.7612
-1.08971	56.8837
-1.12125	58.0086
-1.15335	59.1322
-1.18501	60.2489
-1.21347	61.3599
-1.23885	62.4639
-1.27032	63.5658
-1.30468	64.6649
-1.33733	65.7627
-1.3748	66.8689
-1.41168	67.967
-1.44269	69.0616
-1.47215	70.1555
-1.50159	71.2437
-1.53172	72.3308
-1.56223	73.4161
-1.59362	74.4945
-1.62577	75.5683
-1.66043	76.6366
-1.6981	77.7096
-1.73626	78.7807
-1.77523	79.852
-1.81574	80.9145
-1.85648	81.9725
-1.8958	83.0323
-1.93672	84.0885
-1.97712	85.1391
-2.01785	86.1854
-2.06021	87.238
-2.10377	88.2864
-2.14648	89.3293
-2.18783	90.3682
-2.22684	91.4055
-2.2634	92.4425
-2.30041	93.4769
-2.33605	94.5082
-2.3722	95.5382
-2.40667	96.565
-2.43782	97.5902
-2.46594	98.6055
-2.492	99.6181
-2.51626	100.632
-2.54021	101.651
-2.55942	102.672
-2.57363	103.688
-2.58215	104.697
-2.58754	105.691
-2.59138	106.681
-2.59544	107.674
-2.60307	108.673
-2.61352	109.679
-2.62198	110.692
-2.63218	111.716
-2.64363	112.748
-2.64883	113.787
-2.65898	114.837
-2.67082	115.896
-2.68121	116.967
-2.69373	118.039
-2.70428	119.12
-2.72144	120.204
-2.73736	121.293
-2.75313	122.39
-2.77478	123.507
-2.79685	124.634
-2.81849	125.767
-2.84211	126.902
-2.86863	128.046
-2.89467	129.194
-2.9246	130.351
-2.95533	131.507
-2.98927	132.663
-3.02451	133.82
-3.06149	134.969
-3.09899	136.118
-3.13897	137.262
-3.1812	138.413
-3.22318	139.555
-3.26595	140.694
-3.30842	141.827
-3.34904	142.96
-3.38972	144.095
-3.43133	145.227
-3.47754	146.351
-3.52611	147.468
-3.57748	148.577
-3.62448	149.68
-3.67147	150.775
-3.71479	151.861
-3.75472	152.939
-3.79432	154.004
-3.83171	155.066
-3.86896	156.123
-3.90413	157.172
-3.93812	158.215
-3.96946	159.247
-3.99679	160.276
-4.02416	161.303
-4.05386	162.32
-4.07165	163.334
-4.08898	164.347
-4.10531	165.36
-4.12256	166.369
-4.14323	167.372
-4.16745	168.37
-4.19428	169.381
-4.21886	170.397
-4.24299	171.418
-4.26426	172.44
-4.27925	173.47
-4.29427	174.505
-4.31975	175.547
-4.34271	176.602
-4.36619	177.656
-4.39317	178.706
-4.42839	179.762
-4.46189	180.822
-4.50145	181.893
-4.53825	182.972
-4.5774	184.06
-4.60767	185.156
-4.63554	186.257
-4.66963	187.365
-4.70122	188.478
-4.74043	189.601
-4.77513	190.724
-4.80653	191.85
-4.83423	192.975
-4.861	194.091
-4.88729	195.207
-4.91323	196.329
-4.94445	197.45
-4.97651	198.566
-5.00417	199.674
-5.03219	200.783
-5.05762	201.891
-5.08026	202.99
-5.10801	204.088
-5.13202	205.179
-5.16233	206.266
-5.18735	207.338
-5.21016	208.394
-5.22969	209.434
-5.25636	210.453
-5.28137	211.452
-5.30641	212.432
-5.33384	213.406
-5.35488	214.366
-5.3765	215.319
-5.39425	216.265
-5.41605	217.206
-5.43693	218.145
-5.4518	219.079
-5.46907	220.014
-5.48324	220.944
-5.49549	221.872
-5.50532	222.798
-5.51651	223.722
-5.52926	224.647
-5.54502	225.571
-5.54577	226.498
-5.55213	227.42
-5.56361	228.337
-5.56532	229.259
-5.57428	230.189
-5.59868	231.13
-5.62733	232.071
-5.66568	233.028
-5.71552	233.993
-5.77101	234.962
-5.82684	235.935
-5.88686	236.913
-5.96098	237.902
-6.02478	238.9
-6.07672	239.912
-6.12703	240.934
-6.17346	241.967
-6.21493	243.012
-6.26097	244.063
-6.31147	245.13
-6.36421	246.21
-6.41819	247.307
-6.4722	248.419
-6.52104	249.543
-6.56848	250.677
-6.61443	251.82
-6.65766	252.972
-6.69917	254.135
-6.74637	255.311
-6.79488	256.492
-6.83737	257.674
-6.88115	258.85
-6.92426	260.027
-6.96719	261.197
-7.01352	262.362
-7.05212	263.523
-7.09359	264.682
-7.13103	265.841
-7.16492	266.998
-7.20139	268.158
-7.24324	269.311
-7.28482	270.457
-7.33054	271.591
-7.37362	272.726
-7.41719	273.853
-7.4511	274.97
-7.48634	276.076
-7.52352	277.174
-7.56446	278.251
-7.60788	279.313
-7.65163	280.358
-7.69544	281.392
-7.73918	282.409
-7.78292	283.415
-7.82783	284.402
-7.87195	285.368
-7.9184	286.315
-7.96593	287.251
-8.01224	288.186
-8.0557	289.119
-8.09966	290.054
-8.14395	290.983
-8.18546	291.911
-8.22955	292.834
-8.27309	293.75
-8.31479	294.668
-8.35257	295.587
-8.38972	296.507
-8.42552	297.434
-8.45246	298.365
-8.46917	299.3
-8.48677	300.24
-8.50329	301.18
-8.51748	302.132
-8.52813	303.088
-8.53388	304.059
-8.5393	305.033
-8.5388	306.012
-8.53692	307.001
-8.52527	308.012
-8.51254	309.031
-8.49283	310.056
-8.47088	311.08
-8.44616	312.112
-8.417	313.167
-8.3891	314.234
-8.3519	315.298
-8.30969	316.365
-8.26202	317.437
-8.21164	318.521
-8.15587	319.61
-8.09554	320.709
-8.03187	321.816
-7.9604	322.934
-7.88187	324.056
-7.79826	325.179
-7.7034	326.311
-7.60792	327.445
-7.51371	328.583
-7.41918	329.735
-7.32256	330.898
-7.22706	332.07
-7.12778	333.249
-7.02823	334.443
-6.93036	335.645
-6.83286	336.846
-6.73416	338.049
-6.63424	339.252
-6.5379	340.459
-6.44591	341.658
-6.35332	342.849
-6.26663	344.038
-6.18121	345.219
-6.09934	346.41
-6.01588	347.592
-5.93545	348.773
-5.85806	349.945
-5.78718	351.112
-5.71645	352.28
-5.64728	353.444
-5.57686	354.601
-5.50919	355.746
-5.43999	356.885
-5.37022	358.03
-5.30742	359.176
-5.25105	360.316
-5.19475	361.443
-5.14417	362.563
-5.09845	363.672
-5.04826	364.777
-5.00005	365.885
-4.95102	366.99
-4.90157	368.089
-4.85169	369.178
-4.80454	370.257
