3.2141e-14	-4.04121e-14
0.00387974	0.808514
0.0071924	1.63042
0.0204547	2.38989
0.0295866	3.17392
0.0333512	3.89859
0.0381671	4.63077
0.0505932	5.3216
0.0517082	5.96928
0.0624746	6.58458
0.0774708	7.17943
0.091596	7.76333
0.0780621	8.2945
0.0526946	8.77105
0.0453994	9.21916
0.0363	9.64713
0.0472548	10.0472
0.0420154	10.4353
0.0376912	10.7557
0.0317648	11.0482
0.0507227	11.324
0.0703962	11.572
0.095297	11.7952
0.0902813	11.896
0.0966904	12.008
0.106488	12.1044
0.112343	12.1915
0.124405	12.281
0.1056	12.2932
0.107397	12.3354
0.106056	12.367
0.120544	12.4238
0.117563	12.4453
0.125276	12.4807
0.127033	12.5006
0.14254	12.5451
0.156946	12.5901
0.160183	12.6296
0.15042	12.6565
0.151509	12.7029
0.155181	12.7549
0.156773	12.8065
0.146149	12.8366
0.131374	12.8667
0.128123	12.9243
0.118103	12.9866
0.11342	13.0785
0.0778454	13.1471
0.0460111	13.2518
0.002379	13.3622
-0.0383493	13.5146
-0.102743	13.6624
-0.178409	13.8467
-0.263549	14.0491
-0.377391	14.2372
-0.491289	14.4659
-0.637296	14.6982
-0.803739	14.9181
-0.984812	15.169
-1.1719	15.4091
-1.39352	15.5995
-1.62828	15.8372
-1.90939	16.031
-2.18364	16.2579
-2.47742	16.4813
-2.81285	16.6577
-3.16864	16.8916
-3.55852	17.1135
-3.97538	17.2926
-4.41053	17.492
-4.86851	17.6252
-5.37226	17.8
-5.88726	17.9579
-6.44453	18.049
-7.01114	18.1557
-7.60344	18.2418
-8.25299	18.2863
-8.90279	18.3314
-9.59378	18.3335
-10.2776	18.3282
-10.9924	18.2969
-11.7379	18.2624
-12.5414	18.2251
-13.3162	18.1798
-14.1236	18.1372
-14.9304	18.0981
-15.8012	18.0776
-16.6601	18.0436
-17.5535	18.0071
-18.4404	17.981
-19.3803	17.9415
-20.309	17.8938
-21.2605	17.8469
-22.232	17.7912
-23.2266	17.7326
-24.254	17.6733
-25.2945	17.6126
-26.3404	17.5552
-27.3797	17.4996
-28.4203	17.4366
-29.5326	17.3827
-30.6533	17.3255
-31.7354	17.2592
-32.8401	17.187
-33.9364	17.1056
-35.0618	17.0123
-36.172	16.913
-37.2983	16.8108
-38.4057	16.7014
-39.5274	16.5892
-40.6292	16.4835
-41.7263	16.3762
-42.8244	16.2652
-43.9235	16.1526
-45.0211	16.0124
-46.1246	15.8747
-47.233	15.7358
-48.347	15.6128
-49.4435	15.4598
-50.5523	15.3321
-51.6769	15.1924
-52.7974	15.0513
-53.9258	14.8923
-55.0311	14.7426
-56.1495	14.5756
-57.271	14.4448
-58.4018	14.3299
-59.5394	14.2194
-60.6799	14.1302
-61.8298	14.0348
-62.9689	13.959
-64.1037	13.882
-65.2451	13.8244
-66.404	13.7702
-67.5939	13.7041
-68.8035	13.6287
-70.0011	13.5637
-71.1976	13.4964
-72.3963	13.4449
-73.6104	13.4153
-74.8484	13.3856
-76.0408	13.365
-77.2349	13.3422
-78.4288	13.3176
-79.6299	13.2863
-80.8143	13.2477
-81.9909	13.2025
-83.178	13.1723
-84.4003	13.154
-85.6063	13.1361
-86.8064	13.1163
-88.0058	13.0905
-89.2018	13.0574
-90.4074	13.0302
-91.5902	13.0018
-92.7642	12.9658
-93.9327	12.9382
-95.1057	12.91
-96.2696	12.8747
-97.4259	12.8303
-98.5864	12.793
-99.7549	12.7534
-100.922	12.721
-102.087	12.695
-103.254	12.6711
-104.419	12.6468
-105.589	12.622
-106.762	12.5987
-107.951	12.5747
-109.132	12.5453
-110.32	12.5174
-111.507	12.492
-112.706	12.4706
-113.911	12.4517
-115.125	12.4275
-116.345	12.4015
-117.566	12.3779
-118.791	12.3569
-120.02	12.3317
-121.257	12.3064
-122.507	12.2776
-123.766	12.2431
-125.025	12.2035
-126.283	12.1623
-127.541	12.1239
-128.801	12.0887
-130.058	12.0568
-131.318	12.0358
-132.57	11.9886
-133.838	11.9401
-135.113	11.8815
-136.374	11.8205
-137.647	11.7634
-138.906	11.7155
-140.168	11.6671
-141.424	11.6247
-142.686	11.5926
-143.937	11.5586
-145.186	11.5237
-146.426	11.4927
-147.669	11.4658
-148.919	11.4495
-150.161	11.4292
-151.402	11.4086
-152.638	11.3818
-153.879	11.3592
-155.115	11.333
-156.35	11.3105
-157.58	11.2813
-158.816	11.2513
-160.047	11.2141
-161.277	11.1779
-162.496	11.1432
-163.709	11.1076
-164.928	11.0581
-166.146	11.0202
-167.36	10.9834
-168.565	10.9657
-169.76	10.9555
-170.968	10.9337
-172.169	10.9143
-173.369	10.8948
-174.571	10.8768
-175.774	10.8615
-176.965	10.8464
-178.137	10.8331
-179.285	10.8172
-180.403	10.806
-181.49	10.7961
-182.554	10.7879
-183.594	10.7803
-184.602	10.7737
-185.576	10.7646
-186.524	10.7587
-187.458	10.7588
-188.392	10.7623
-189.314	10.7526
-190.233	10.7339
-191.156	10.7111
-192.068	10.6853
-192.987	10.6633
-193.897	10.6411
-194.804	10.6168
-195.706	10.5859
-196.608	10.5588
-197.51	10.5251
-198.416	10.4957
-199.322	10.4652
-200.235	10.4375
-201.153	10.412
-202.08	10.3882
-203.014	10.3642
-203.947	10.3415
-204.886	10.331
-205.836	10.3119
-206.802	10.2983
-207.765	10.2825
-208.762	10.3129
-209.757	10.3177
-210.768	10.3369
-211.773	10.3451
-212.805	10.3611
-213.849	10.376
-214.902	10.3965
-215.93	10.3964
-216.93	10.3753
-217.956	10.3629
-219.013	10.3606
-220.058	10.3451
-221.105	10.3209
-222.155	10.2984
-223.216	10.2887
-224.284	10.2629
-225.365	10.2468
-226.472	10.2264
-227.585	10.2092
-228.707	10.2155
-229.833	10.2195
-230.968	10.2216
-232.112	10.221
-233.259	10.217
-234.408	10.2165
-235.564	10.2149
-236.735	10.2194
-237.913	10.2198
-239.104	10.2177
-240.296	10.2064
-241.495	10.1969
-242.703	10.1834
-243.912	10.1696
-245.125	10.1537
-246.347	10.1302
-247.572	10.1042
-248.81	10.0706
-250.053	10.0368
-251.299	9.99556
-252.538	9.9394
-253.774	9.88052
-255.028	9.82238
-256.286	9.77283
-257.535	9.71899
-258.781	9.66964
-260.038	9.62888
-261.3	9.59151
-262.557	9.54702
-263.811	9.50311
-265.059	9.45955
-266.32	9.42187
-267.574	9.37998
-268.827	9.3377
-270.066	9.29032
-271.304	9.24124
-272.55	9.17626
-273.799	9.10379
-275.036	9.03667
-276.264	8.9761
-277.484	8.91969
-278.711	8.87282
-279.947	8.83282
-281.18	8.78975
-282.418	8.75313
-283.65	8.7154
-284.882	8.68243
-286.103	8.64623
-287.323	8.61051
-288.542	8.57273
-289.764	8.53876
-290.988	8.50515
-292.209	8.46749
-293.433	8.43274
-294.655	8.3949
-295.905	8.36071
-297.093	8.32772
-298.32	8.29448
-299.551	8.25345
-300.784	8.21288
-302.013	8.16972
-303.255	8.13597
-304.499	8.10344
-305.746	8.07421
-306.996	8.04645
-308.247	8.01534
-309.495	7.98297
-310.734	7.94165
-311.978	7.90386
-313.22	7.86369
-314.481	7.83984
-315.734	7.81015
-316.99	7.78254
-318.242	7.74992
-319.541	7.71575
-320.754	7.67947
-322.006	7.64052
-323.269	7.60175
-324.529	7.56322
-325.796	7.52701
-327.058	7.49052
-328.344	7.45611
-329.587	7.42133
-330.848	7.3849
-332.11	7.34733
-333.369	7.3096
-334.616	7.27475
-335.86	7.24226
-337.112	7.20852
-338.365	7.17871
-339.609	7.14778
-340.848	7.11479
-342.084	7.08426
-343.309	7.05394
-344.523	7.02416
-345.721	6.9913
-346.908	6.95732
-348.081	6.92348
-349.24	6.89124
-350.385	6.86042
-351.51	6.83235
-352.618	6.80116
-353.708	6.76839
-354.782	6.7359
-355.834	6.69994
-356.878	6.6633
-357.919	6.62678
-358.963	6.58962
-360.001	6.55243
-361.033	6.51532
-362.046	6.47691
-363.041	6.43569
-364.015	6.39553
-364.949	6.36778
-365.856	6.34508
-366.742	6.32493
-367.601	6.31496
-368.438	6.30707
-369.245	6.3165
-370.026	6.33438
-370.781	6.38396
-371.506	6.4548
-372.193	6.53468
-372.866	6.64857
-373.502	6.76783
-374.126	6.92795
-374.725	7.10935
-375.28	7.29005
-375.844	7.51928
-376.363	7.74189
-376.895	8.02509
-377.375	8.29985
-377.862	8.63383
-378.334	8.9826
-378.76	9.31877
-379.196	9.71257
-379.586	10.0964
-379.99	10.5415
-380.349	10.966
-380.724	11.4432
-381.08	11.9465
-381.386	12.4481
-381.694	12.9959
-381.974	13.5382
-382.26	14.1227
-382.528	14.7292
-382.765	15.3395
-383.011	15.9945
-383.222	16.6515
-383.424	17.3429
-383.61	18.0579
-383.78	18.7816
-383.945	19.5401
-384.1	20.3145
-384.244	21.1074
-384.38	21.9228
-384.497	22.7483
-384.603	23.6038
-384.697	24.4757
-384.777	25.3644
-384.85	26.2692
-384.921	27.1942
-384.989	28.1282
-385.059	29.0878
-385.124	30.0584
-385.213	31.0862
-385.288	32.1093
-385.368	33.153
-385.449	34.1921
-385.555	35.2381
-385.679	36.2788
-385.781	37.3157
-385.884	38.3575
-385.971	39.3875
-386.061	40.4266
-386.131	41.4579
-386.19	42.483
-386.229	43.4927
-386.264	44.5043
-386.286	45.5151
-386.309	46.5186
-386.336	47.5206
-386.361	48.5143
-386.383	49.5057
-386.406	50.4831
-386.424	51.4559
-386.435	52.4158
-386.448	53.3649
-386.47	54.2993
-386.493	55.2254
-386.514	56.1384
-386.526	57.0423
-386.554	57.9438
-386.573	58.8373
-386.597	59.7159
-386.61	60.5785
-386.612	61.4273
-386.603	62.2595
-386.586	63.079
-386.547	63.8819
-386.46	64.6661
-386.371	65.4338
-386.255	66.1931
-386.115	66.9353
-385.915	67.6483
-385.73	68.3565
-385.5	69.0279
-385.249	69.6949
-384.947	70.3209
-384.637	70.954
-384.335	71.5736
-383.997	72.1445
-383.684	72.7237
-383.336	73.255
-383.009	73.8072
-382.682	74.3473
-382.295	74.8189
-381.918	75.3164
-381.488	75.737
-381.092	76.1917
-380.636	76.5761
-380.219	76.9882
-379.775	77.3645
-379.29	77.6748
-378.802	77.9911
-378.271	78.252
-377.732	78.5222
-377.171	78.7737
-376.574	78.987
-375.976	79.1956
-375.367	79.3826
-374.728	79.5379
-374.088	79.7001
-373.424	79.8283
-372.74	79.9418
-372.044	80.0392
-371.325	80.1196
-370.607	80.2
-369.878	80.2764
-369.131	80.3482
-368.37	80.4156
-367.596	80.4715
-366.816	80.522
-366.032	80.5713
-365.232	80.6128
-364.423	80.6476
-363.598	80.6733
-362.767	80.6917
-361.925	80.7066
-361.072	80.7163
-360.209	80.7193
-359.338	80.716
-358.47	80.7058
-357.595	80.6884
-356.719	80.664
-355.833	80.6383
-354.941	80.6124
-354.053	80.5841
-353.161	80.5539
-352.263	80.523
-351.358	80.4929
-350.45	80.4655
-349.553	80.4409
-348.66	80.4179
-347.763	80.3985
-346.868	80.381
-345.972	80.3705
-345.087	80.3707
-344.195	80.3747
-343.307	80.3846
-342.417	80.403
-341.536	80.4275
-340.654	80.4557
-339.774	80.4834
-338.892	80.512
-338.011	80.5413
-337.14	80.5751
-336.27	80.6132
-335.403	80.6547
-334.529	80.6935
-333.659	80.7343
-332.791	80.7773
-331.933	80.8245
-331.066	80.8611
-330.197	80.8934
-329.325	80.9185
-328.462	80.9449
-327.606	80.9706
-326.739	80.9907
-325.874	81.0101
-325.002	81.0228
-324.144	81.0388
-323.28	81.0515
-322.424	81.0718
-321.562	81.0911
-320.714	81.1211
-319.862	81.1531
-319.012	81.1901
-318.156	81.2263
-317.301	81.2639
-316.451	81.3081
-315.602	81.3559
-314.759	81.403
-313.909	81.4446
-313.065	81.4883
-312.226	81.5325
-311.392	81.5801
-310.553	81.6215
-309.717	81.6631
-308.876	81.707
-308.046	81.7555
-307.211	81.802
-306.379	81.8492
-305.55	81.8976
-304.719	81.9431
-303.889	81.9944
-303.053	82.0441
-302.218	82.1007
-301.376	82.1582
-300.535	82.2145
-299.688	82.27
-298.833	82.3257
-297.97	82.3833
-297.103	82.4426
-296.238	82.5041
-295.369	82.5676
-294.485	82.6249
-293.59	82.6834
-292.686	82.7435
-291.784	82.8002
-290.877	82.8533
-289.965	82.9021
-289.047	82.9477
-288.12	82.9877
-287.192	83.0206
-286.257	83.0452
-285.315	83.062
-284.364	83.0735
-283.409	83.0807
-282.46	83.0893
-281.51	83.0951
-280.556	83.1003
-279.611	83.105
-278.67	83.1066
-277.733	83.1077
-276.801	83.108
-275.874	83.1055
-274.956	83.1029
-274.051	83.0999
-273.152	83.0938
-272.253	83.0789
-271.353	83.0549
-270.457	83.0273
-269.568	83.0002
-268.677	82.971
-267.789	82.9444
-266.904	82.9226
-266.029	82.9039
-265.163	82.8898
-264.289	82.8762
-263.419	82.8732
-262.549	82.8752
-261.677	82.8855
-260.804	82.9033
-259.928	82.9263
-259.051	82.9544
-258.169	82.9904
-257.284	83.0333
-256.398	83.0847
-255.511	83.1456
-254.623	83.2134
-253.734	83.2906
-252.845	83.3738
-251.954	83.4634
-251.055	83.5506
-250.152	83.6377
-249.246	83.7255
-248.343	83.816
-247.44	83.911
-246.533	84.0056
-245.622	84.0956
-244.714	84.1786
-243.813	84.2555
-242.908	84.3234
-242.002	84.383
-241.1	84.432
-240.204	84.477
-239.315	84.5147
-238.43	84.5442
-237.545	84.5631
-236.657	84.5679
-235.777	84.5625
-234.901	84.5494
-234.029	84.5262
-233.162	84.4947
-232.302	84.4536
-231.443	84.4059
-230.592	84.3561
-229.748	84.3059
-228.921	84.2558
-228.105	84.2046
-227.313	84.1542
-226.537	84.1055
-225.778	84.0594
-225.04	84.0157
-224.323	83.9733
-223.63	83.931
-222.962	83.891
-222.318	83.8529
-221.702	83.8163
-221.107	83.783
-220.525	83.7487
-219.97	83.7121
-219.436	83.6819
-218.913	83.6548
-218.417	83.6362
-217.944	83.6215
-217.491	83.6149
-217.052	83.6146
-216.619	83.621
-216.2	83.6635
-215.792	83.7244
-215.377	83.7837
-214.975	83.8906
-214.578	84.0176
-214.186	84.1388
-213.813	84.3031
-213.445	84.4532
-213.101	84.6471
-212.768	84.852
-212.437	85.0359
-212.122	85.2627
-211.819	85.5052
-211.518	85.728
-211.234	85.9997
-210.945	86.2494
-210.665	86.5554
-210.389	86.8803
-210.115	87.191
-209.867	87.5742
-209.625	87.9866
-209.376	88.3795
-209.138	88.8322
-208.898	89.2746
-208.685	89.7861
-208.491	90.3245
-208.3	90.8602
-208.12	91.447
-207.934	92.0322
-207.774	92.6628
-207.637	93.318
-207.515	93.9738
-207.421	94.6719
-207.344	95.3776
-207.281	96.1262
-207.231	96.8998
-207.198	97.6773
-207.185	98.4791
-207.179	99.2891
-207.177	100.118
-207.184	100.967
-207.201	101.836
-207.236	102.732
-207.276	103.647
-207.319	104.57
-207.358	105.496
-207.386	106.427
-207.417	107.371
-207.447	108.321
-207.469	109.278
-207.487	110.238
-207.501	111.207
-207.507	112.189
-207.504	113.174
-207.497	114.153
-207.485	115.118
-207.475	116.076
-207.467	117.04
-207.446	117.989
-207.393	118.893
-207.357	119.818
-207.31	120.729
-207.269	121.655
-207.232	122.581
-207.207	123.513
-207.184	124.439
-207.17	125.361
-207.159	126.275
-207.154	127.184
-207.152	128.087
-207.148	128.97
-207.152	129.833
-207.159	130.677
-207.171	131.506
-207.181	132.312
-207.192	133.099
-207.207	133.859
-207.231	134.597
-207.257	135.312
-207.286	136
-207.319	136.662
-207.358	137.293
-207.404	137.902
-207.455	138.48
-207.516	139.039
-207.595	139.58
-207.684	140.099
-207.793	140.624
-207.911	141.15
-208.042	141.649
-208.199	142.156
-208.374	142.629
-208.575	143.113
-208.796	143.591
-209.032	144.019
-209.297	144.469
-209.578	144.906
-209.861	145.297
-210.174	145.715
-210.509	146.123
-210.861	146.485
-211.245	146.878
-211.641	147.222
-212.069	147.598
-212.523	147.957
-212.987	148.243
-213.488	148.57
-214.017	148.877
-214.561	149.102
-215.152	149.358
-215.746	149.542
-216.375	149.752
-217.027	149.934
-217.684	150.054
-218.364	150.183
-219.053	150.269
-219.767	150.361
-220.496	150.432
-221.24	150.48
-221.993	150.525
-222.758	150.561
-223.537	150.591
-224.327	150.618
-225.125	150.644
-225.937	150.668
-226.76	150.697
-227.597	150.727
-228.444	150.763
-229.302	150.799
-230.175	150.835
-231.06	150.873
-231.961	150.913
-232.871	150.954
-233.797	150.998
-234.734	151.041
-235.686	151.084
-236.657	151.131
-237.642	151.177
-238.635	151.219
-239.645	151.255
-240.669	151.293
-241.714	151.324
-242.762	151.348
-243.823	151.364
-244.893	151.37
-245.979	151.368
-247.069	151.357
-248.153	151.341
-249.229	151.317
-250.305	151.285
-251.387	151.245
-252.47	151.198
-253.552	151.145
-254.629	151.084
-255.707	151.016
-256.782	150.94
-257.855	150.861
-258.917	150.776
-259.964	150.686
-260.99	150.596
-262.004	150.506
-263	150.421
-263.98	150.336
-264.935	150.25
-265.862	150.168
-266.767	150.088
-267.651	150.008
-268.516	149.934
-269.368	149.866
-270.215	149.805
-271.065	149.749
-271.91	149.696
-272.755	149.643
-273.597	149.594
-274.432	149.547
-275.263	149.501
-276.09	149.457
-276.918	149.42
-277.746	149.389
-278.574	149.362
-279.393	149.338
-280.211	149.318
-281.026	149.301
-281.843	149.284
-282.669	149.268
-283.496	149.256
-284.327	149.245
-285.166	149.236
-286.007	149.226
-286.851	149.216
-287.695	149.205
-288.537	149.193
-289.375	149.175
-290.207	149.156
-291.043	149.137
-291.873	149.114
-292.703	149.089
-293.534	149.063
-294.367	149.035
-295.204	149.002
-296.048	148.973
-296.9	148.947
-297.762	148.917
-298.628	148.887
-299.497	148.858
-300.373	148.828
-301.257	148.796
-302.153	148.763
-303.059	148.729
-303.973	148.696
-304.894	148.663
-305.822	148.63
-306.755	148.597
-307.699	148.565
-308.645	148.535
-309.593	148.505
-310.543	148.472
-311.494	148.442
-312.45	148.416
-313.402	148.388
-314.355	148.36
-315.304	148.334
-316.254	148.309
-317.203	148.289
-318.148	148.269
-319.087	148.246
-320.018	148.218
-320.947	148.186
-321.874	148.16
-322.801	148.133
-323.726	148.108
-324.644	148.081
-325.556	148.06
-326.469	148.039
-327.38	148.018
-328.284	147.995
-329.182	147.975
-330.085	147.944
-330.992	147.919
-331.884	147.899
-332.769	147.879
-333.631	147.868
-334.488	147.86
-335.339	147.849
-336.194	147.84
-337.055	147.831
-337.918	147.821
-338.771	147.808
-339.618	147.79
-340.462	147.771
-341.301	147.753
-342.137	147.73
-342.976	147.704
-343.813	147.672
-344.657	147.636
-345.508	147.597
-346.366	147.562
-347.23	147.534
-348.088	147.502
-348.951	147.465
-349.817	147.426
-350.695	147.387
-351.577	147.343
-352.468	147.294
-353.358	147.254
-354.248	147.211
-355.142	147.167
-356.035	147.123
-356.93	147.079
-357.82	147.031
-358.706	146.988
-359.595	146.948
-360.484	146.911
-361.365	146.869
-362.242	146.827
-363.119	146.785
-363.999	146.747
-364.873	146.711
-365.737	146.678
-366.592	146.651
-367.44	146.627
-368.278	146.606
-369.103	146.586
-369.914	146.571
-370.711	146.556
-371.499	146.553
-372.267	146.555
-373.012	146.558
-373.734	146.569
-374.432	146.595
-375.112	146.639
-375.766	146.688
-376.398	146.755
-377.007	146.837
-377.588	146.923
-378.157	147.029
-378.7	147.133
-379.228	147.254
-379.725	147.37
-380.212	147.516
-380.68	147.681
-381.119	147.84
-381.566	148.05
-381.984	148.241
-382.411	148.478
-382.797	148.694
-383.189	148.967
-383.562	149.258
-383.903	149.526
-384.261	149.833
-384.594	150.112
-384.936	150.45
-385.262	150.823
-385.556	151.195
-385.882	151.627
-386.19	152.027
-386.522	152.5
-386.832	153.014
-387.088	153.508
-387.356	154.084
-387.575	154.629
-387.803	155.255
-388.005	155.904
-388.165	156.536
-388.328	157.228
-388.457	157.913
-388.582	158.644
-388.69	159.391
-388.775	160.145
-388.853	160.929
-388.914	161.727
-388.964	162.536
-389.002	163.37
-389.034	164.224
-389.062	165.099
-389.087	165.991
-389.108	166.899
-389.128	167.821
-389.15	168.755
-389.177	169.703
-389.203	170.658
-389.228	171.626
-389.249	172.603
-389.265	173.589
-389.282	174.575
-389.295	175.566
-389.308	176.552
-389.321	177.536
-389.34	178.519
-389.361	179.503
-389.386	180.487
-389.408	181.466
-389.432	182.443
-389.456	183.421
-389.477	184.395
-389.497	185.369
-389.515	186.338
-389.534	187.304
-389.555	188.263
-389.577	189.212
-389.596	190.151
-389.615	191.075
-389.635	191.982
-389.65	192.868
-389.665	193.73
-389.678	194.565
-389.689	195.381
-389.697	196.182
-389.704	196.966
-389.707	197.729
-389.696	198.464
-389.674	199.177
-389.637	199.881
-389.578	200.561
-389.508	201.244
-389.406	201.894
-389.293	202.559
-389.133	203.175
-388.964	203.825
-388.765	204.467
-388.501	205.035
-388.238	205.642
-387.916	206.175
-387.599	206.749
-387.226	207.247
-386.853	207.779
-386.446	208.294
-385.985	208.725
-385.525	209.2
-385.007	209.592
-384.488	210.025
-383.944	210.44
-383.353	210.773
-382.767	211.134
-382.136	211.426
-381.504	211.734
-380.848	212.024
-380.157	212.261
-379.466	212.512
-378.741	212.711
-378.011	212.913
-377.253	213.098
-376.473	213.257
-375.676	213.415
-374.868	213.558
-374.039	213.683
-373.197	213.808
-372.335	213.919
-371.459	214.025
-370.564	214.126
-369.654	214.217
-368.731	214.304
-367.799	214.385
-366.858	214.468
-365.907	214.548
-364.941	214.626
-363.967	214.701
-362.986	214.775
-361.998	214.847
-361.003	214.918
-360	214.982
-358.991	215.04
-357.972	215.095
-356.947	215.144
-355.916	215.19
-354.881	215.232
-353.845	215.269
-352.806	215.299
-351.765	215.323
-350.728	215.344
-349.692	215.363
-348.656	215.38
-347.622	215.397
-346.585	215.412
-345.545	215.427
-344.504	215.436
-343.467	215.442
-342.437	215.44
-341.404	215.431
-340.37	215.421
-339.336	215.404
-338.307	215.375
-337.277	215.339
-336.251	215.301
-335.223	215.258
-334.204	215.207
-333.191	215.15
-332.177	215.091
-331.16	215.036
-330.134	214.978
-329.114	214.919
-328.103	214.865
-327.093	214.808
-326.083	214.755
-325.07	214.708
-324.055	214.672
-323.036	214.645
-322.02	214.622
-321.009	214.604
-319.998	214.595
-318.979	214.591
-317.962	214.597
-316.95	214.613
-315.933	214.636
-314.916	214.666
-313.895	214.702
-312.874	214.748
-311.856	214.798
-310.834	214.852
-309.815	214.908
-308.795	214.964
-307.769	215.022
-306.739	215.083
-305.709	215.145
-304.682	215.21
-303.658	215.274
-302.636	215.339
-301.619	215.403
-300.596	215.468
-299.578	215.536
-298.564	215.602
-297.55	215.664
-296.536	215.721
-295.524	215.774
-294.518	215.825
-293.519	215.875
-292.524	215.926
-291.536	215.979
-290.545	216.03
-289.569	216.08
-288.609	216.126
-287.649	216.166
-286.686	216.208
-285.733	216.249
-284.784	216.286
-283.844	216.321
-282.911	216.353
-281.989	216.385
-281.075	216.415
-280.174	216.442
-279.279	216.464
-278.385	216.482
-277.501	216.498
-276.621	216.512
-275.75	216.525
-274.887	216.537
-274.039	216.549
-273.211	216.564
-272.394	216.575
-271.583	216.586
-270.787	216.597
-269.998	216.608
-269.22	216.616
-268.452	216.627
-267.695	216.641
-266.948	216.655
-266.21	216.67
-265.483	216.684
-264.767	216.699
-264.058	216.715
-263.356	216.732
-262.66	216.745
-261.978	216.759
-261.309	216.774
-260.652	216.79
-260.009	216.805
-259.369	216.818
-258.738	216.832
-258.118	216.847
-257.51	216.861
-256.913	216.876
-256.324	216.892
-255.74	216.907
-255.162	216.922
-254.592	216.937
-254.027	216.95
-253.47	216.96
-252.914	216.969
-252.36	216.98
-251.811	216.991
-251.262	217.002
-250.712	217.007
-250.166	217.018
-249.623	217.031
-249.083	217.045
-248.541	217.06
-248	217.075
-247.463	217.09
-246.927	217.107
-246.395	217.124
-245.863	217.142
-245.33	217.159
-244.798	217.178
-244.276	217.196
-243.754	217.218
-243.238	217.242
-242.723	217.265
-242.21	217.283
-241.698	217.301
-241.185	217.324
-240.67	217.352
-240.16	217.38
-239.647	217.403
-239.133	217.424
-238.624	217.447
-238.116	217.474
-237.61	217.497
-237.098	217.518
-236.589	217.537
-236.082	217.557
-235.569	217.578
-235.053	217.598
-234.534	217.615
-234.014	217.632
-233.487	217.649
-232.959	217.662
-232.429	217.675
-231.89	217.687
-231.364	217.699
-230.825	217.709
-230.281	217.715
-229.75	217.722
-229.214	217.727
-228.681	217.732
-228.15	217.737
-227.62	217.743
-227.092	217.749
-226.566	217.752
-226.039	217.749
-225.515	217.743
-224.994	217.734
-224.475	217.721
-223.958	217.705
-223.444	217.678
-222.944	217.646
-222.456	217.605
-221.98	217.551
-221.518	217.498
-221.066	217.427
-220.627	217.355
-220.196	217.264
-219.785	217.176
-219.394	217.082
-219.015	216.979
-218.662	216.883
-218.323	216.775
-218.001	216.671
-217.686	216.564
-217.375	216.439
-217.074	216.316
-216.78	216.168
-216.498	216.028
-216.225	215.882
-215.956	215.709
-215.704	215.548
-215.454	215.358
-215.222	215.187
-214.986	214.976
-214.757	214.783
-214.529	214.576
-214.295	214.309
-214.077	214.066
-213.86	213.752
-213.658	213.474
-213.46	213.183
-213.256	212.819
-213.078	212.493
-212.907	212.086
-212.754	211.715
-212.592	211.278
-212.452	210.871
-212.328	210.434
-212.215	209.94
-212.114	209.457
-212.012	208.929
-211.927	208.397
-211.858	207.837
-211.803	207.24
-211.769	206.644
-211.742	206.028
-211.727	205.381
-211.727	204.72
-211.736	204.034
-211.749	203.336
-211.76	202.615
-211.767	201.873
-211.775	201.111
-211.784	200.331
-211.796	199.534
-211.798	198.717
-211.796	197.883
-211.787	197.027
-211.778	196.159
-211.773	195.273
-211.76	194.374
-211.741	193.467
-211.722	192.556
-211.698	191.634
-211.678	190.7
-211.649	189.759
-211.627	188.816
-211.599	187.874
-211.569	186.932
-211.537	185.992
-211.506	185.052
-211.475	184.114
-211.444	183.173
-211.42	182.232
-211.391	181.299
-211.363	180.374
-211.333	179.451
-211.298	178.527
-211.265	177.6
-211.234	176.675
-211.202	175.754
-211.172	174.835
-211.14	173.919
-211.107	173.019
-211.068	172.132
-211.028	171.26
-210.986	170.397
-210.942	169.548
-210.893	168.713
-210.846	167.901
-210.808	167.116
-210.772	166.355
-210.727	165.612
-210.678	164.891
-210.631	164.193
-210.583	163.507
-210.524	162.832
-210.469	162.168
-210.418	161.515
-210.369	160.884
-210.321	160.275
-210.275	159.694
-210.243	159.141
-210.218	158.618
-210.2	158.129
-210.18	157.655
-210.159	157.19
-210.136	156.725
-210.12	156.263
-210.102	155.802
-210.081	155.345
-210.06	154.893
-210.037	154.446
-210.008	154.007
-209.979	153.571
-209.95	153.14
-209.921	152.709
-209.892	152.273
-209.856	151.825
-209.813	151.369
-209.767	150.9
-209.721	150.424
-209.675	149.942
-209.618	149.454
-209.552	148.953
-209.477	148.439
-209.402	147.912
-209.326	147.371
-209.252	146.816
-209.174	146.248
-209.096	145.666
-209.017	145.068
-208.939	144.453
-208.861	143.819
-208.787	143.164
-208.715	142.497
-208.637	141.813
-208.565	141.117
-208.504	140.403
-208.455	139.671
-208.415	138.917
-208.393	138.151
-208.379	137.369
-208.377	136.57
-208.39	135.751
-208.408	134.912
-208.429	134.057
-208.458	133.19
-208.486	132.308
-208.519	131.413
-208.555	130.504
-208.595	129.579
-208.638	128.651
-208.68	127.709
-208.722	126.753
-208.763	125.778
-208.808	124.788
-208.853	123.792
-208.893	122.791
-208.928	121.786
-208.952	120.777
-208.975	119.773
-208.986	118.771
-209.003	117.769
-209.01	116.76
-209.011	115.754
-208.992	114.749
-208.974	113.752
-208.944	112.762
-208.909	111.78
-208.877	110.793
-208.837	109.809
-208.797	108.828
-208.754	107.863
-208.711	106.914
-208.674	105.975
-208.641	105.061
-208.613	104.165
-208.584	103.291
-208.555	102.438
-208.524	101.613
-208.486	100.811
-208.449	100.038
-208.412	99.2919
-208.373	98.5755
-208.335	97.8887
-208.304	97.2314
-208.28	96.6038
-208.259	96.009
-208.24	95.4414
-208.225	94.9068
-208.205	94.4018
-208.187	93.929
-208.173	93.4787
-208.172	93.0452
-208.169	92.6201
-208.159	92.1986
-208.135	91.7793
-208.111	91.3591
-208.102	90.9401
-208.104	90.5214
-208.104	90.1081
-208.095	89.7019
-208.079	89.2983
-208.057	88.8991
-208.038	88.4975
-208.023	88.094
-207.99	87.6862
-207.951	87.2713
-207.917	86.851
-207.887	86.4248
-207.851	85.9899
-207.806	85.552
-207.75	85.1065
-207.69	84.6465
-207.632	84.1702
-207.573	83.6794
-207.51	83.1761
-207.44	82.6589
-207.364	82.1282
-207.28	81.5888
-207.199	81.0359
-207.118	80.4668
-207.04	79.8797
-206.964	79.279
-206.887	78.658
-206.809	78.0214
-206.73	77.3745
-206.653	76.7211
-206.584	76.0563
-206.525	75.3796
-206.474	74.6872
-206.431	73.9822
-206.403	73.2625
-206.388	72.5372
-206.39	71.8021
-206.403	71.052
-206.432	70.2982
-206.474	69.5323
-206.535	68.7672
-206.61	68.0006
-206.695	67.2216
-206.792	66.4268
-206.893	65.6226
-206.991	64.8081
-207.087	63.9835
-207.176	63.1451
-207.261	62.2962
-207.341	61.4449
-207.411	60.5825
-207.477	59.7148
-207.528	58.8331
-207.566	57.9368
-207.602	57.0305
-207.634	56.1103
-207.648	55.1846
-207.653	54.2542
-207.659	53.3207
-207.661	52.3854
-207.653	51.4369
-207.639	50.4901
-207.621	49.5464
-207.603	48.6109
-207.585	47.6694
-207.571	46.7304
-207.553	45.7905
-207.542	44.8667
-207.529	43.9515
-207.516	43.0392
-207.503	42.1254
-207.485	41.2079
-207.459	40.2923
-207.435	39.383
-207.419	38.4839
-207.41	37.5996
-207.406	36.7269
-207.398	35.8591
-207.398	34.999
-207.395	34.1521
-207.39	33.3235
-207.389	32.5091
-207.39	31.7113
-207.384	30.9289
-207.375	30.1713
-207.371	29.441
-207.366	28.738
-207.358	28.0611
-207.347	27.4089
-207.338	26.7801
-207.326	26.1798
-207.303	25.608
-207.272	25.0762
-207.244	24.5668
-207.213	24.0897
-207.185	23.6379
-207.155	23.2087
-207.121	22.8
-207.081	22.4071
-207.04	22.0342
-206.999	21.6745
-206.954	21.3226
-206.906	20.9832
-206.852	20.6538
-206.782	20.3344
-206.706	20.026
-206.632	19.725
-206.552	19.4367
-206.472	19.1536
-206.386	18.8809
-206.295	18.6149
-206.19	18.3461
-206.078	18.0953
-205.959	17.8523
-205.837	17.6051
-205.724	17.3771
-205.602	17.1478
-205.475	16.939
-205.336	16.7264
-205.183	16.4996
-205.018	16.2863
-204.838	16.0705
-204.64	15.8343
-204.434	15.6086
-204.208	15.3602
-203.962	15.1264
-203.699	14.8894
-203.407	14.6324
-203.106	14.4023
-202.787	14.1806
-202.445	13.9393
-202.093	13.7238
-201.713	13.4874
-201.317	13.2783
-200.891	13.0729
-200.438	12.8548
-199.964	12.6553
-199.455	12.4511
-198.922	12.2546
-198.37	12.0555
-197.803	11.8479
-197.219	11.6426
-196.611	11.4375
-195.986	11.2512
-195.352	11.0827
-194.714	10.924
-194.078	10.7998
-193.451	10.6884
-192.839	10.6091
-192.242	10.55
-191.659	10.5102
-191.085	10.4997
-190.512	10.4925
-189.932	10.4949
-189.349	10.5032
-188.774	10.5147
-188.2	10.5189
-187.628	10.5216
-187.053	10.5308
-186.48	10.5431
-185.903	10.5634
-185.316	10.5898
-184.716	10.617
-184.105	10.645
-183.477	10.6725
-182.839	10.6999
-182.185	10.7314
-181.518	10.7684
-180.835	10.8084
-180.141	10.8486
-179.434	10.8955
-178.713	10.9456
-177.981	10.9973
-177.235	11.053
-176.477	11.1133
-175.704	11.1716
-174.913	11.228
-174.103	11.2839
-173.281	11.344
-172.454	11.4065
-171.615	11.4792
-170.755	11.5541
-169.878	11.6332
-168.988	11.718
-168.088	11.807
-167.173	11.9035
-166.248	12.0086
-165.31	12.1212
-164.356	12.2419
-163.387	12.3646
-162.406	12.4844
-161.414	12.6053
-160.414	12.7214
-159.4	12.8408
-158.375	12.9576
-157.345	13.0698
-156.315	13.1721
-155.289	13.2664
-154.251	13.3513
-153.206	13.4188
-152.154	13.4772
-151.099	13.517
-150.04	13.5349
-148.979	13.5344
-147.91	13.5167
-146.837	13.4885
-145.756	13.4495
-144.677	13.407
-143.593	13.3599
-142.513	13.324
-141.427	13.2911
-140.325	13.2759
-139.219	13.2641
-138.109	13.2512
-136.989	13.2391
-135.872	13.2352
-134.749	13.233
-133.618	13.2349
-132.469	13.2379
-131.316	13.2452
-130.16	13.247
-128.999	13.2502
-127.833	13.255
-126.649	13.2568
-125.452	13.248
-124.247	13.2379
-123.036	13.2311
-121.822	13.2242
-120.596	13.2164
-119.374	13.2059
-118.143	13.1971
-116.902	13.1931
-115.633	13.1947
-114.366	13.1954
-113.092	13.1992
-111.823	13.1985
-110.549	13.203
-109.28	13.2116
-108.002	13.2232
-106.721	13.235
-105.427	13.2324
-104.132	13.2216
-102.856	13.2377
-101.59	13.2701
-100.321	13.3017
-99.052	13.3443
-97.7804	13.378
-96.5123	13.4152
-95.2376	13.4448
-93.9664	13.4716
-92.6942	13.4967
-91.4196	13.5301
-90.1504	13.5762
-88.8844	13.6227
-87.6191	13.6743
-86.3537	13.7212
-85.0871	13.7699
-83.8254	13.8122
-82.5688	13.859
-81.3097	13.8999
-80.045	13.9412
-78.7841	13.9844
-77.5195	14.0273
-76.2629	14.0642
-75.0143	14.0974
-73.7664	14.1311
-72.5272	14.1697
-71.2675	14.2189
-70.0129	14.2658
-68.7601	14.3149
-67.5189	14.3587
-66.2767	14.4018
-65.042	14.4483
-63.8177	14.4934
-62.605	14.5416
-61.4096	14.5975
-60.2065	14.6507
-59.0062	14.7016
-57.8128	14.7529
-56.6241	14.8024
-55.4465	14.8564
-54.2721	14.9167
-53.1395	14.9882
-51.994	15.0513
-50.8632	15.1117
-49.7236	15.1692
-48.5901	15.2295
-47.4569	15.289
-46.3306	15.3489
-45.1958	15.3995
-44.0959	15.4539
-43.0037	15.5068
-41.9228	15.5588
-40.8634	15.6115
-39.8139	15.6647
-38.7898	15.7171
-37.7793	15.7689
-36.7931	15.8239
-35.8284	15.9126
-34.8785	16.0016
-33.9352	16.0795
-33.012	16.1539
-32.1086	16.2243
-31.2049	16.2743
-30.3039	16.3044
-29.4177	16.3367
-28.5247	16.3507
-27.677	16.3654
-26.8648	16.3774
-26.0773	16.4042
-25.3144	16.4322
-24.5693	16.4539
-23.8463	16.4726
-23.1595	16.4893
-22.4959	16.5031
-21.8379	16.5083
-21.1998	16.512
-20.582	16.5197
-19.9833	16.5217
-19.4039	16.5162
-18.8462	16.5082
-18.3103	16.4985
-17.7963	16.4895
-17.329	16.4823
-16.8698	16.4778
-16.4406	16.4747
-16.0375	16.4755
-15.657	16.4793
-15.2941	16.4931
-14.9561	16.5152
-14.629	16.5422
-14.3162	16.5728
-14.0178	16.6039
-13.7155	16.642
-13.4156	16.6922
-13.1256	16.7459
-12.8347	16.8283
-12.5551	16.91
-12.2772	17.0186
-12.0099	17.1399
-11.7567	17.2492
-11.5187	17.3878
-11.2818	17.5372
-11.0478	17.676
-10.7939	17.8531
-10.546	18.0181
-10.2875	18.225
-10.0237	18.4518
-9.77827	18.6702
-9.52448	18.9457
-9.26687	19.2499
-9.02132	19.5412
-8.76453	19.8912
-8.49998	20.2303
-8.23336	20.6263
-7.97347	21.0395
-7.71447	21.4488
-7.45531	21.9104
-7.20217	22.3818
-6.94385	22.8998
-6.68425	23.4467
-6.44602	24.015
-6.20942	24.6309
-6.00232	25.2682
-5.78403	25.9353
-5.58062	26.6368
-5.40091	27.3621
-5.24182	28.1384
-5.10072	28.9385
-4.98555	29.7811
-4.89454	30.651
-4.83229	31.5403
-4.7854	32.4495
-4.76497	33.3754
-4.75281	34.3277
-4.75198	35.3032
-4.77141	36.3018
-4.79902	37.3351
-4.82492	38.3799
-4.85797	39.4345
-4.91194	40.4995
-4.96416	41.5673
-5.02575	42.6369
-5.09038	43.7008
-5.15302	44.765
-5.21591	45.8345
-5.27658	46.9041
-5.33258	47.9766
-5.39654	49.0493
-5.46434	50.1267
-5.54117	51.2051
-5.61893	52.2736
-5.70174	53.3484
-5.7753	54.4201
-5.85815	55.4998
-5.92628	56.5668
-6.00104	57.6346
-6.0708	58.6928
-6.14972	59.7476
-6.21663	60.7931
-6.2743	61.8283
-6.32619	62.8533
-6.36892	63.8585
-6.41411	64.8474
-6.45059	65.8153
-6.48643	66.7747
-6.52639	67.7132
-6.55802	68.6332
-6.58965	69.5335
-6.60899	70.4134
-6.62523	71.2796
-6.62722	72.1253
-6.64285	72.9476
-6.65551	73.7498
-6.67259	74.5246
-6.68424	75.2715
-6.68446	75.9951
-6.68274	76.6865
-6.67003	77.3504
-6.65235	77.9879
-6.61989	78.5896
-6.57457	79.1664
-6.50881	79.715
-6.43849	80.2198
-6.33255	80.7117
-6.21368	81.1579
-6.06437	81.6041
-5.90761	81.996
-5.72961	82.3905
-5.54748	82.7689
-5.36817	83.0957
-5.16124	83.4352
-4.96219	83.7194
-4.74939	84.0124
-4.54265	84.2529
-4.31107	84.4985
-4.07894	84.7172
-3.86611	84.8846
-3.65254	85.0553
-3.45846	85.1839
-3.26244	85.3117
-3.08309	85.422
-2.92443	85.513
-2.77988	85.6082
-2.63287	85.6854
-2.46827	85.7691
-2.29293	85.8554
-2.11983	85.923
-1.92989	85.9871
-1.73789	86.0252
-1.53691	86.0707
-1.33307	86.1158
-1.12712	86.1474
-0.923084	86.1914
-0.721654	86.2195
-0.518659	86.2512
-0.311055	86.2819
-0.110413	86.313
0.0982828	86.3544
0.303078	86.3914
0.502793	86.4112
0.701588	86.4274
0.901994	86.4407
1.10331	86.4652
1.30643	86.4942
1.5029	86.5198
1.69194	86.5405
1.8817	86.5444
2.07776	86.5459
2.27703	86.5555
2.48205	86.5712
2.68315	86.5871
2.88557	86.5972
3.08164	86.6015
3.29364	86.6048
3.51601	86.6092
3.76115	86.6254
4.02676	86.6493
4.31387	86.6747
4.61979	86.697
4.93401	86.7182
5.25989	86.7416
5.59133	86.7709
5.93042	86.802
6.26319	86.8252
6.60844	86.8444
6.95035	86.8602
7.29671	86.878
7.63402	86.9013
7.98914	86.925
8.35081	86.9434
8.71111	86.9584
9.08239	86.9713
9.45288	86.9904
9.83278	87.0097
10.2153	87.0234
10.6081	87.0246
11.0076	87.0115
11.4231	86.9986
11.8446	86.9801
12.2754	86.9651
12.7168	86.9538
13.1672	86.9384
13.6263	86.9181
14.0986	86.892
14.5792	86.8627
15.07	86.8252
15.5723	86.7979
16.0898	86.7854
16.6153	86.7852
17.1581	86.8058
17.7131	86.8408
18.2818	86.8777
18.8627	86.9386
19.4489	87.0052
20.0479	87.082
20.656	87.1494
21.2766	87.2108
21.9006	87.2857
22.5386	87.3569
23.1986	87.4212
23.8632	87.4751
24.5389	87.518
25.2166	87.5591
25.902	87.5919
26.5899	87.6122
27.2965	87.6292
28.0106	87.6438
28.7279	87.6598
29.4418	87.6625
30.1617	87.6662
30.8814	87.667
31.5998	87.664
32.3201	87.6642
33.0328	87.6618
33.7461	87.6624
34.4576	87.6598
35.176	87.6642
35.8911	87.6645
36.6058	87.6719
37.3115	87.6754
38.0216	87.6861
38.7308	87.6934
39.4403	87.7006
40.1476	87.7136
40.8455	87.7302
41.5397	87.7469
42.228	87.7599
42.9178	87.7802
43.6083	87.8103
44.2983	87.8361
44.9828	87.855
45.6672	87.8775
46.3479	87.9073
47.0292	87.9341
47.7145	87.9508
48.4014	87.9684
49.0885	87.9881
49.7745	88.0109
50.4551	88.0322
51.1312	88.0467
51.8095	88.0598
52.4935	88.0722
53.1789	88.0887
53.8669	88.1016
54.5472	88.1126
55.2287	88.1319
55.9066	88.1596
56.5847	88.1763
57.2573	88.1899
57.9325	88.2038
58.6091	88.2244
59.2842	88.2314
59.9592	88.2367
60.6322	88.2465
61.3079	88.2681
61.9847	88.2905
62.6609	88.3038
63.3334	88.3132
64.0118	88.3236
64.6908	88.3384
65.3836	88.3539
66.0709	88.3706
66.7618	88.3811
67.4465	88.392
68.1266	88.4053
68.8016	88.425
69.4831	88.4322
70.1709	88.4285
70.8585	88.4279
71.5512	88.4369
72.2356	88.4452
72.9171	88.4451
73.5903	88.4498
74.2714	88.4514
74.9538	88.4524
75.6424	88.4475
76.3242	88.4515
76.998	88.4574
77.6756	88.4548
78.3515	88.4477
79.0314	88.4532
79.7058	88.461
80.3789	88.4649
81.0593	88.4705
81.744	88.4803
82.4282	88.4913
83.1086	88.4985
83.7746	88.5114
84.4416	88.5257
85.1177	88.5416
85.7993	88.5571
86.4789	88.565
87.1449	88.5783
87.8044	88.6012
88.4658	88.6255
89.1338	88.6357
89.8069	88.6436
90.4818	88.6657
91.1471	88.6902
91.8034	88.7048
92.4594	88.7116
93.1066	88.7219
93.754	88.7381
94.3965	88.7593
95.038	88.7775
95.6705	88.7904
96.2965	88.8014
96.9188	88.8134
97.5384	88.822
98.1479	88.8336
98.7447	88.847
99.323	88.8597
99.8848	88.859
100.429	88.8503
100.955	88.8568
101.466	88.872
101.947	88.8852
102.409	88.885
102.844	88.8764
103.261	88.872
103.66	88.873
104.046	88.8754
104.418	88.8737
104.773	88.8633
105.111	88.8515
105.423	88.8454
105.718	88.8445
105.993	88.8441
106.246	88.8441
106.476	88.8453
106.683	88.8454
106.887	88.8419
107.081	88.8359
107.269	88.8358
107.439	88.8453
107.6	88.8636
107.762	88.8949
107.925	88.9334
108.076	88.9669
108.229	89.0265
108.365	89.0803
108.507	89.1617
108.644	89.2534
108.76	89.3249
108.888	89.4296
109.019	89.5392
109.131	89.6243
109.267	89.7529
109.381	89.859
109.515	90.0159
109.65	90.1817
109.755	90.31
109.884	90.4904
110.008	90.6837
110.105	90.8505
110.228	91.0678
110.332	91.2624
110.453	91.4916
110.569	91.7303
110.663	91.9582
110.767	92.2208
110.852	92.4701
110.947	92.7508
111.039	93.0435
111.111	93.3311
111.191	93.6499
111.237	93.9595
111.287	94.3101
111.329	94.6763
111.35	95.0326
111.374	95.429
111.382	95.8344
111.376	96.2445
111.38	96.6892
111.376	97.1567
111.376	97.6399
111.366	98.1533
111.321	98.7121
111.278	99.2867
111.224	99.8865
111.179	100.499
111.132	101.134
111.093	101.782
111.053	102.454
111.019	103.139
110.983	103.851
110.953	104.574
110.916	105.323
110.884	106.085
110.848	106.868
110.812	107.666
110.77	108.481
110.729	109.312
110.692	110.158
110.651	111.013
110.605	111.878
110.555	112.751
110.504	113.634
110.451	114.521
110.39	115.418
110.325	116.326
110.254	117.24
110.189	118.152
110.122	119.062
110.056	119.971
109.985	120.88
109.919	121.786
109.856	122.687
109.795	123.588
109.73	124.488
109.666	125.388
109.607	126.284
109.549	127.183
109.502	128.078
109.456	128.972
109.415	129.865
109.371	130.753
109.335	131.641
109.295	132.526
109.256	133.407
109.218	134.287
109.186	135.156
109.149	136.007
109.114	136.838
109.077	137.649
109.039	138.439
109.004	139.211
108.973	139.962
108.947	140.687
108.915	141.388
108.883	142.065
108.848	142.714
108.817	143.337
108.783	143.93
108.76	144.486
108.736	145.024
108.714	145.545
108.69	146.045
108.69	146.521
108.703	146.972
108.716	147.402
108.763	147.804
108.793	148.184
108.828	148.54
108.856	148.875
108.898	149.185
108.921	149.485
108.953	149.766
108.975	150.034
109.007	150.284
109.021	150.532
109.038	150.779
109.05	151.027
109.063	151.272
109.076	151.518
109.11	151.749
109.163	151.963
109.2	152.184
109.24	152.403
109.27	152.631
109.313	152.856
109.344	153.098
109.388	153.353
109.419	153.636
109.453	153.934
109.477	154.253
109.501	154.586
109.521	154.936
109.54	155.301
109.561	155.679
109.584	156.073
109.614	156.475
109.633	156.893
109.645	157.329
109.651	157.783
109.662	158.253
109.668	158.738
109.684	159.242
109.699	159.769
109.716	160.312
109.725	160.876
109.717	161.468
109.696	162.089
109.674	162.718
109.662	163.366
109.649	164.032
109.64	164.709
109.634	165.399
109.639	166.109
109.639	166.835
109.64	167.58
109.633	168.34
109.626	169.117
109.618	169.905
109.613	170.711
109.605	171.53
109.595	172.363
109.583	173.21
109.573	174.066
109.565	174.933
109.553	175.81
109.543	176.698
109.533	177.594
109.534	178.5
109.533	179.413
109.537	180.327
109.536	181.237
109.543	182.139
109.56	183.039
109.577	183.94
109.587	184.839
109.589	185.737
109.589	186.636
109.599	187.533
109.615	188.427
109.627	189.311
109.638	190.19
109.647	191.063
109.659	191.927
109.651	192.776
109.646	193.61
109.63	194.43
109.614	195.232
109.593	196.016
109.575	196.783
109.555	197.53
109.533	198.259
109.514	198.966
109.498	199.654
109.485	200.323
109.471	200.971
109.461	201.601
109.453	202.216
109.449	202.821
109.444	203.419
109.445	204.013
109.449	204.602
109.459	205.191
109.471	205.775
109.487	206.354
109.502	206.93
109.521	207.498
109.546	208.062
109.57	208.619
109.591	209.168
109.611	209.709
109.632	210.239
109.652	210.758
109.672	211.263
109.685	211.754
109.698	212.233
109.706	212.702
109.715	213.167
109.725	213.626
109.734	214.084
109.738	214.54
109.736	214.994
109.731	215.444
109.723	215.888
109.715	216.329
109.707	216.764
109.703	217.196
109.7	217.625
109.7	218.051
109.697	218.474
109.694	218.903
109.687	219.347
109.674	219.81
109.669	220.274
109.663	220.745
109.651	221.217
109.634	221.695
109.624	222.182
109.623	222.677
109.631	223.179
109.633	223.69
109.618	224.216
109.604	224.748
109.598	225.286
109.594	225.834
109.586	226.396
109.57	226.964
109.536	227.541
109.495	228.13
109.441	228.724
109.375	229.331
109.299	229.948
109.201	230.57
109.089	231.205
108.963	231.846
108.84	232.5
108.71	233.162
108.585	233.831
108.453	234.508
108.332	235.195
108.211	235.894
108.103	236.603
107.999	237.319
107.906	238.049
107.82	238.782
107.749	239.536
107.681	240.295
107.625	241.068
107.577	241.851
107.536	242.64
107.501	243.44
107.463	244.241
107.434	245.056
107.404	245.878
107.381	246.715
107.356	247.561
107.333	248.416
107.309	249.277
107.284	250.147
107.257	251.021
107.229	251.893
107.204	252.76
107.177	253.625
107.147	254.488
107.116	255.352
107.086	256.217
107.054	257.078
107.022	257.936
106.99	258.788
106.96	259.641
106.925	260.495
106.889	261.346
106.858	262.194
106.828	263.029
106.804	263.853
106.79	264.671
106.773	265.473
106.757	266.257
106.739	267.027
106.742	267.769
106.737	268.496
106.732	269.198
106.725	269.881
106.721	270.543
106.71	271.193
106.687	271.832
106.665	272.451
106.645	273.054
106.624	273.646
106.602	274.232
106.577	274.808
106.558	275.375
106.541	275.936
106.532	276.485
106.512	277.026
106.49	277.549
106.465	278.059
106.446	278.551
106.431	279.024
106.428	279.474
106.423	279.908
106.436	280.326
106.455	280.725
106.49	281.113
106.526	281.483
106.571	281.843
106.625	282.185
106.691	282.5
106.765	282.817
106.841	283.106
106.934	283.394
107.045	283.666
107.149	283.914
107.264	284.175
107.363	284.414
107.492	284.663
107.615	284.885
107.762	285.122
107.91	285.351
108.053	285.553
108.22	285.764
108.39	285.948
108.564	286.162
108.745	286.383
108.935	286.587
109.134	286.815
109.34	287.043
