1.66534e-16	2.22045e-16
0.0121019	0.126728
0.0302179	0.268623
0.0598755	0.43054
0.105041	0.603461
0.165296	0.787009
0.240194	0.981257
0.322055	1.18545
0.417005	1.39947
0.531827	1.62004
0.677219	1.84193
0.832805	2.06305
0.999102	2.2869
1.18805	2.5128
1.39978	2.73337
1.6342	2.94802
1.89011	3.16052
2.16615	3.36973
2.4659	3.5799
2.78467	3.79215
3.1319	4.00037
3.50761	4.20225
3.90936	4.40213
4.33856	4.60041
4.7942	4.79182
5.27773	4.97413
5.78974	5.15204
6.32974	5.33072
6.89535	5.51097
7.49022	5.69297
8.10924	5.87803
8.75269	6.0682
9.42185	6.26027
10.112	6.4497
10.826	6.63698
11.5597	6.82054
12.3115	7.00076
13.0823	7.17825
13.862	7.35029
14.6499	7.51232
15.4443	7.6637
16.2412	7.80382
17.046	7.93347
17.857	8.04826
18.6727	8.14736
19.4958	8.22821
20.322	8.28477
21.1563	8.31105
21.9927	8.30631
22.8301	8.27172
23.6683	8.21111
24.5048	8.12487
25.3386	8.00645
26.1689	7.85557
26.9916	7.67984
27.8116	7.47853
28.631	7.24669
29.438	6.99772
30.2301	6.73168
31.0116	6.45245
31.783	6.15769
32.5509	5.83695
33.3101	5.49546
34.0615	5.1358
34.8041	4.75814
35.5321	4.36387
36.2491	3.96323
36.9541	3.56221
37.6482	3.15799
38.3394	2.7564
39.0288	2.34602
39.7074	1.91565
40.387	1.47658
41.0785	1.03265
41.7841	0.58109
42.5074	0.121543
43.2522	-0.337836
44.0165	-0.795229
44.7985	-1.25557
45.598	-1.71808
46.4167	-2.18261
47.2534	-2.65271
48.1024	-3.13258
48.9616	-3.62261
49.8291	-4.1198
50.7099	-4.62652
51.6009	-5.13853
52.4966	-5.6542
53.3994	-6.17036
54.299	-6.68686
55.1975	-7.20142
56.0947	-7.71422
56.9923	-8.22564
57.889	-8.73335
58.7829	-9.2367
59.676	-9.73833
60.5683	-10.2372
61.4539	-10.7311
62.3353	-11.2246
63.209	-11.7206
64.0797	-12.2248
64.9401	-12.7375
65.7947	-13.2456
66.6375	-13.7592
67.4727	-14.2738
68.3062	-14.7895
69.1317	-15.3081
69.9524	-15.8304
70.7749	-16.3593
71.595	-16.8867
72.4089	-17.4113
73.2072	-17.9304
73.9993	-18.451
74.7918	-18.9758
75.5852	-19.5001
76.3816	-20.0177
77.1777	-20.5336
77.9762	-21.0456
78.7733	-21.5451
79.5709	-22.0433
80.3598	-22.55
81.1449	-23.0555
81.9317	-23.552
82.7216	-24.0456
83.5172	-24.5351
84.3188	-25.0028
85.1309	-25.4572
85.9448	-25.9059
86.7595	-26.3393
87.5835	-26.7635
88.4054	-27.1776
89.2309	-27.5751
90.052	-27.9625
90.8807	-28.3393
91.7222	-28.702
92.5673	-29.0556
93.409	-29.3951
94.2488	-29.7219
95.0916	-30.0422
95.9368	-30.3636
96.7837	-30.6831
97.628	-30.9999
98.4783	-31.311
99.3334	-31.6166
100.185	-31.9141
101.038	-32.1956
101.891	-32.469
102.739	-32.7462
103.588	-33.0236
104.445	-33.2892
105.306	-33.5536
106.171	-33.8099
107.029	-34.0577
107.89	-34.2985
108.752	-34.534
109.621	-34.7636
110.487	-34.9932
111.353	-35.2185
112.222	-35.4324
113.094	-35.6311
113.969	-35.8243
114.842	-36.0232
115.715	-36.2182
116.586	-36.4079
117.462	-36.6017
118.337	-36.7945
119.21	-36.9748
120.085	-37.1447
120.956	-37.3113
121.83	-37.4746
122.704	-37.6388
123.575	-37.8087
124.452	-37.9763
125.32	-38.1415
126.178	-38.3059
127.034	-38.4697
127.892	-38.6294
128.749	-38.7892
129.602	-38.9546
130.448	-39.1154
131.294	-39.2548
132.134	-39.3955
132.97	-39.5459
133.8	-39.6976
134.623	-39.8443
135.45	-39.9998
136.267	-40.1528
137.091	-40.3006
137.902	-40.4378
138.706	-40.5712
139.506	-40.6961
140.305	-40.8122
141.108	-40.9186
141.906	-41.0186
142.696	-41.1099
143.486	-41.1841
144.276	-41.2484
145.055	-41.3035
145.827	-41.3448
146.59	-41.3669
147.35	-41.3818
148.117	-41.3901
148.886	-41.3845
149.647	-41.3649
150.394	-41.3379
151.137	-41.3075
151.884	-41.2717
152.64	-41.2432
153.394	-41.2167
154.148	-41.1929
154.896	-41.172
155.641	-41.1577
156.393	-41.1387
157.139	-41.1293
157.886	-41.1223
158.63	-41.1215
159.364	-41.123
160.095	-41.1264
160.821	-41.1331
161.542	-41.1434
162.256	-41.1591
162.975	-41.173
163.691	-41.1846
164.399	-41.1859
165.099	-41.1839
165.795	-41.1698
166.486	-41.1399
167.171	-41.0907
167.853	-41.0367
168.53	-40.9753
169.2	-40.9015
169.861	-40.8143
170.511	-40.718
171.158	-40.6147
171.786	-40.4987
172.414	-40.3684
173.035	-40.2344
173.657	-40.1009
174.272	-39.9616
174.874	-39.8048
175.466	-39.6434
176.053	-39.4894
176.644	-39.3373
177.238	-39.1767
177.841	-38.9982
178.446	-38.8177
179.051	-38.6378
179.65	-38.4682
180.245	-38.2985
180.842	-38.1301
181.442	-37.9539
182.043	-37.7736
182.655	-37.5851
183.268	-37.3932
183.883	-37.1959
184.499	-36.9942
185.112	-36.7873
185.721	-36.5686
186.326	-36.3362
186.937	-36.0976
187.555	-35.8473
188.18	-35.5867
188.795	-35.3117
189.409	-35.0321
190.033	-34.745
190.658	-34.4535
191.298	-34.1583
191.951	-33.867
192.599	-33.577
193.254	-33.2804
193.922	-32.9843
194.608	-32.6899
195.293	-32.3922
195.982	-32.092
196.669	-31.7888
197.358	-31.4845
198.045	-31.1795
198.729	-30.8781
199.414	-30.5785
200.096	-30.2827
200.778	-29.9821
201.464	-29.6788
202.149	-29.3776
202.833	-29.0747
203.519	-28.7761
204.205	-28.4904
204.897	-28.2123
205.585	-27.9468
206.28	-27.6834
206.978	-27.4253
207.685	-27.1817
208.395	-26.9494
209.1	-26.7165
209.804	-26.4771
210.511	-26.2483
211.227	-26.0162
211.938	-25.7824
212.653	-25.5427
213.375	-25.3066
214.099	-25.0741
214.826	-24.8416
215.556	-24.6101
216.292	-24.3673
217.026	-24.1154
217.764	-23.8528
218.5	-23.5887
219.237	-23.3178
219.973	-23.0374
220.708	-22.7529
221.446	-22.466
222.187	-22.175
222.925	-21.881
223.667	-21.584
224.411	-21.2857
225.152	-20.9857
225.888	-20.6876
226.617	-20.3891
227.344	-20.0812
228.072	-19.7616
228.794	-19.442
229.508	-19.1299
230.22	-18.8134
230.932	-18.4849
231.651	-18.1496
232.38	-17.8196
233.113	-17.4914
233.843	-17.1551
234.568	-16.818
235.284	-16.4861
235.999	-16.1522
236.713	-15.8099
237.426	-15.4652
238.137	-15.1176
238.852	-14.7652
239.572	-14.4066
240.293	-14.0467
241.017	-13.6835
241.74	-13.3175
242.468	-12.9487
243.189	-12.5787
243.893	-12.2027
244.598	-11.8327
245.304	-11.4687
246.024	-11.0979
246.748	-10.7211
247.468	-10.3497
248.189	-9.97983
248.917	-9.60805
249.645	-9.23101
250.367	-8.85141
251.088	-8.47039
251.806	-8.09011
252.522	-7.70707
253.243	-7.32554
253.961	-6.93893
254.678	-6.54558
255.392	-6.15261
256.101	-5.75565
256.805	-5.35058
257.508	-4.9489
258.215	-4.54363
258.918	-4.12843
259.619	-3.70526
260.308	-3.27295
260.992	-2.82016
261.673	-2.35759
262.344	-1.88306
263.005	-1.3977
263.656	-0.90779
264.303	-0.414263
264.952	0.084217
265.6	0.581562
266.252	1.06853
266.912	1.5397
267.583	1.99521
268.266	2.44733
268.944	2.90051
269.632	3.33709
270.325	3.75947
271.018	4.1802
271.717	4.60438
272.42	5.02229
273.129	5.44154
273.843	5.85579
274.561	6.26691
275.274	6.67512
275.985	7.0826
276.694	7.48334
277.412	7.8848
278.138	8.29175
278.872	8.7038
279.609	9.10934
280.353	9.51623
281.098	9.93507
281.843	10.3591
282.59	10.7858
283.337	11.2198
284.085	11.6632
284.827	12.105
285.578	12.5449
286.328	12.9877
287.08	13.442
287.832	13.9115
288.581	14.3951
289.335	14.8887
290.089	15.3963
290.838	15.9052
291.581	16.4167
292.312	16.933
293.039	17.4438
293.767	17.9597
294.494	18.4816
295.227	19.0127
295.976	19.5437
296.721	20.0909
297.464	20.6419
298.192	21.2123
298.978	21.8049
299.779	22.4169
300.585	23.0243
301.361	23.6338
302.128	24.245
302.893	24.8606
303.645	25.4875
304.394	26.1287
305.133	26.779
305.87	27.4276
306.583	28.0763
307.303	28.7355
308.019	29.387
308.736	30.0465
309.439	30.7069
310.141	31.3745
310.836	32.0401
311.52	32.7163
312.195	33.3994
312.863	34.0758
313.527	34.7654
314.189	35.4472
314.844	36.138
315.489	36.8274
316.139	37.5174
316.781	38.218
317.414	38.9252
318.049	39.6281
318.687	40.3286
319.314	41.0295
319.943	41.7286
320.57	42.4203
321.198	43.1188
321.829	43.8226
322.464	44.5278
323.106	45.2335
323.748	45.9343
324.392	46.6332
325.044	47.3268
325.707	48.018
326.377	48.7092
327.056	49.3948
327.74	50.0809
328.438	50.7653
329.139	51.4486
329.84	52.1179
330.549	52.778
331.267	53.4341
331.998	54.0887
332.737	54.744
333.479	55.3972
334.23	56.0461
334.983	56.6961
335.739	57.3495
336.5	57.9952
337.267	58.6405
338.04	59.2831
338.817	59.9256
339.599	60.5603
340.389	61.1994
341.178	61.8334
341.969	62.4663
342.763	63.0976
343.555	63.7223
344.351	64.3414
345.151	64.9592
345.958	65.5768
346.769	66.1916
347.581	66.8072
348.387	67.4182
349.19	68.0222
349.993	68.6268
350.801	69.2292
351.618	69.8358
352.436	70.437
353.254	71.0388
354.072	71.6419
354.885	72.2422
355.699	72.8449
356.51	73.4437
357.324	74.0485
358.142	74.6509
358.955	75.2521
359.77	75.8526
360.583	76.4529
361.399	77.0534
362.213	77.6559
363.026	78.2559
363.838	78.8546
364.647	79.4517
365.452	80.0447
366.257	80.6348
367.053	81.2298
367.845	81.8234
368.627	82.4145
369.402	82.9995
370.166	83.5798
370.92	84.1551
371.663	84.7244
372.393	85.2882
373.111	85.8487
373.811	86.4018
374.498	86.9445
375.169	87.475
375.83	87.992
376.478	88.4956
377.116	88.9848
377.747	89.4635
378.371	89.9337
378.985	90.3977
379.588	90.8545
380.183	91.3009
380.773	91.7401
381.358	92.1634
381.933	92.5737
382.505	92.9764
383.079	93.373
383.661	93.7636
384.258	94.1522
384.862	94.541
385.476	94.9219
386.1	95.2975
386.726	95.6662
387.359	96.0293
387.996	96.3849
388.642	96.735
389.298	97.0863
389.962	97.441
390.645	97.8023
391.334	98.175
392.025	98.5453
392.718	98.9072
393.414	99.267
394.115	99.6239
394.831	99.9754
395.55	100.323
396.276	100.661
396.994	100.994
397.704	101.323
398.414	101.647
399.121	101.968
399.824	102.28
400.526	102.579
401.223	102.862
401.917	103.141
402.603	103.408
403.28	103.659
403.951	103.903
404.617	104.142
405.28	104.375
405.96	104.591
406.632	104.78
407.317	104.953
408.011	105.108
408.702	105.246
409.419	105.371
410.135	105.485
410.873	105.595
411.617	105.7
412.361	105.791
413.113	105.879
413.866	105.97
414.625	106.059
415.389	106.137
416.148	106.212
416.897	106.298
417.643	106.375
418.392	106.435
419.164	106.507
419.95	106.586
420.732	106.656
421.493	106.727
422.23	106.8
422.977	106.871
423.737	106.948
424.501	107.035
425.25	107.119
425.977	107.192
426.689	107.263
427.398	107.339
428.103	107.42
428.797	107.501
429.478	107.584
430.149	107.671
430.81	107.757
431.467	107.838
432.118	107.908
432.765	107.96
433.398	107.991
434.026	108.008
434.625	108.019
435.2	108.016
435.758	108.009
436.291	107.99
436.809	107.968
437.299	107.93
437.752	107.883
438.179	107.826
438.581	107.769
438.956	107.718
439.32	107.667
439.666	107.607
439.997	107.545
440.312	107.476
440.609	107.409
440.891	107.36
441.154	107.323
441.399	107.289
441.622	107.254
441.82	107.216
441.993	107.179
442.149	107.147
442.299	107.125
442.449	107.111
442.6	107.093
442.755	107.063
442.906	107.039
443.053	107.023
443.2	107.017
443.347	107.014
443.497	107.009
443.659	106.999
443.836	106.989
444.032	106.985
444.247	106.989
444.473	106.99
444.707	106.976
444.954	106.958
445.205	106.946
445.47	106.943
445.741	106.943
446.013	106.953
446.302	106.973
446.603	106.999
446.903	107.034
447.226	107.087
447.558	107.15
447.89	107.21
448.25	107.277
448.605	107.352
448.987	107.447
449.381	107.557
449.774	107.676
450.19	107.822
450.611	108.004
451.038	108.2
451.491	108.402
451.949	108.618
452.432	108.844
452.929	109.085
453.435	109.319
453.964	109.547
454.502	109.798
455.043	110.067
455.598	110.36
456.158	110.667
456.749	110.983
457.354	111.308
457.972	111.646
458.597	111.999
459.233	112.359
459.877	112.736
460.536	113.118
461.202	113.514
461.883	113.915
462.574	114.327
463.278	114.749
463.989	115.182
464.71	115.623
465.44	116.067
466.175	116.518
466.923	116.979
467.673	117.45
468.435	117.925
469.206	118.409
469.987	118.904
470.781	119.404
471.584	119.909
472.397	120.416
473.219	120.927
474.052	121.447
474.892	121.975
475.743	122.511
476.601	123.054
477.467	123.602
478.344	124.16
479.23	124.723
480.118	125.286
480.992	125.864
481.879	126.441
482.772	127.016
483.68	127.593
484.591	128.165
485.516	128.725
486.448	129.274
487.387	129.806
488.35	130.325
489.32	130.827
490.296	131.305
491.286	131.768
492.283	132.213
493.302	132.653
494.335	133.059
495.358	133.438
496.406	133.794
497.446	134.116
498.514	134.41
499.593	134.661
500.656	134.878
501.751	135.064
502.831	135.211
503.934	135.333
505.042	135.428
506.147	135.492
507.272	135.536
508.395	135.557
509.511	135.551
510.642	135.523
511.77	135.476
512.907	135.416
514.044	135.357
515.185	135.299
516.326	135.239
517.472	135.172
518.623	135.098
519.786	135.017
520.959	134.933
522.145	134.847
523.337	134.757
524.535	134.67
525.734	134.579
526.947	134.484
528.167	134.388
529.399	134.294
530.638	134.201
531.88	134.109
533.134	134.01
534.398	133.91
535.661	133.799
536.937	133.686
538.218	133.572
539.509	133.45
540.806	133.326
542.131	133.185
543.463	133.042
544.802	132.892
546.143	132.74
547.493	132.579
548.848	132.416
550.21	132.249
551.575	132.078
552.948	131.901
554.326	131.716
555.712	131.526
557.104	131.328
558.5	131.126
559.908	130.917
561.317	130.707
562.739	130.49
564.166	130.274
565.6	130.051
567.038	129.826
568.489	129.596
569.942	129.367
571.403	129.137
572.871	128.905
574.352	128.667
575.828	128.428
577.301	128.191
578.78	127.954
580.26	127.718
581.746	127.487
583.237	127.259
584.727	127.031
586.219	126.799
587.713	126.567
589.206	126.337
590.706	126.108
592.202	125.885
593.697	125.66
595.189	125.44
596.684	125.215
598.177	124.993
599.666	124.776
601.15	124.558
602.635	124.334
604.119	124.105
605.601	123.87
607.08	123.638
608.555	123.413
610.039	123.194
611.521	122.977
613.002	122.763
614.484	122.547
615.966	122.335
617.444	122.117
618.926	121.903
620.402	121.686
621.878	121.471
623.35	121.254
624.824	121.035
626.288	120.823
627.742	120.615
629.195	120.415
630.638	120.216
632.072	120.017
633.494	119.812
634.91	119.611
636.319	119.413
637.717	119.216
639.108	119.02
640.484	118.825
641.845	118.633
643.181	118.442
644.498	118.256
645.788	118.07
647.05	117.884
648.278	117.698
649.485	117.52
650.669	117.345
651.817	117.176
652.933	117.016
654.016	116.863
655.064	116.712
656.074	116.567
657.051	116.44
657.981	116.314
658.87	116.194
659.721	116.077
660.526	115.965
661.293	115.858
662.02	115.751
662.701	115.631
663.355	115.506
663.98	115.359
664.544	115.185
665.139	114.999
665.653	114.787
666.221	114.558
666.781	114.306
667.216	114.016
667.731	113.722
668.081	113.381
668.539	113.042
668.816	112.652
669.189	112.268
669.534	111.859
669.722	111.421
670.017	110.986
670.151	110.513
670.375	110.04
670.572	109.553
670.6	109.039
670.744	108.532
670.719	107.991
670.799	107.454
670.854	106.906
670.721	106.335
670.692	105.78
670.48	105.204
670.376	104.646
670.212	104.083
669.886	103.505
669.637	102.943
669.341	102.38
668.934	101.812
668.571	101.254
668.171	100.696
667.713	100.129
667.257	99.5692
666.784	99
666.285	98.4318
665.779	97.872
665.233	97.3018
664.692	96.7302
664.141	96.167
663.548	95.6135
662.951	95.0695
662.337	94.5346
661.693	94.0097
661.045	93.5151
660.361	93.0319
659.681	92.5689
658.978	92.1081
658.25	91.6615
657.521	91.2308
656.784	90.7968
656.027	90.3555
655.265	89.9059
654.501	89.4451
653.733	88.9822
652.963	88.5237
652.178	88.0606
651.392	87.5925
650.592	87.1119
649.787	86.6227
648.984	86.1191
648.179	85.6103
647.362	85.1086
646.531	84.5939
645.693	84.0734
644.842	83.5499
643.981	83.0219
643.118	82.4828
642.252	81.9483
641.393	81.4105
640.535	80.8691
639.681	80.3244
638.831	79.768
637.986	79.2121
637.149	78.6584
636.315	78.0991
635.487	77.5403
634.667	76.9938
633.852	76.4486
633.052	75.9053
632.252	75.3551
631.457	74.8084
630.666	74.2701
629.88	73.7386
629.106	73.211
628.343	72.6846
627.591	72.1636
626.845	71.6371
626.111	71.1209
625.387	70.6101
624.684	70.1031
623.995	69.6058
623.318	69.1157
622.662	68.6358
622.027	68.166
621.41	67.7092
620.809	67.2726
620.226	66.8512
619.67	66.437
619.142	66.0357
618.634	65.6558
618.154	65.2891
617.697	64.9448
617.269	64.6279
616.867	64.3276
616.491	64.0461
616.147	63.7785
615.82	63.5309
615.514	63.3156
615.23	63.1177
614.974	62.9321
614.744	62.758
614.53	62.6042
614.331	62.4616
614.153	62.3264
613.979	62.1964
613.811	62.0693
613.645	61.9449
613.479	61.821
613.313	61.6942
613.152	61.5697
612.991	61.4476
612.83	61.3225
612.671	61.1981
612.507	61.0737
612.348	60.9568
612.192	60.8418
612.044	60.7313
611.9	60.619
611.757	60.5064
611.615	60.4003
611.476	60.2989
611.344	60.2013
611.223	60.1049
611.109	60.0119
610.996	59.9238
610.882	59.8411
610.766	59.7584
610.657	59.6713
610.544	59.5776
610.434	59.4839
610.33	59.3976
610.229	59.3166
610.127	59.2363
610.025	59.1547
609.921	59.07
609.811	58.9832
609.692	58.8905
609.567	58.7927
609.427	58.6832
609.267	58.5568
609.087	58.4103
608.885	58.245
608.658	58.0637
608.408	57.8648
608.141	57.6433
607.855	57.3981
607.554	57.1414
607.226	56.8648
606.886	56.5717
606.534	56.2549
606.175	55.9228
605.799	55.5711
605.402	55.2001
604.989	54.8158
604.576	54.4125
604.157	53.9836
603.721	53.5398
603.281	53.0868
602.824	52.615
602.358	52.1298
601.873	51.6348
601.378	51.1246
600.872	50.599
600.366	50.0578
599.85	49.5007
599.313	48.9408
598.757	48.3651
598.2	47.7648
597.636	47.1539
597.061	46.5311
596.478	45.9022
595.881	45.2482
595.276	44.5897
594.671	43.9162
594.058	43.2366
593.444	42.5487
592.834	41.8586
592.229	41.1662
591.62	40.4792
591.019	39.7906
590.417	39.0973
589.812	38.4076
589.203	37.7199
588.59	37.0359
587.971	36.3458
587.349	35.6501
586.727	34.953
586.102	34.2594
585.471	33.5632
584.835	32.8691
584.197	32.1709
583.554	31.4726
582.91	30.7785
582.261	30.0825
581.609	29.3826
580.956	28.6829
580.298	27.977
579.64	27.2697
578.982	26.5597
578.322	25.8473
577.657	25.1306
576.99	24.4121
576.329	23.6946
575.67	22.9774
575.013	22.2618
574.36	21.5375
573.711	20.8158
573.061	20.0923
572.414	19.3769
571.773	18.6581
571.135	17.942
570.501	17.229
569.873	16.5213
569.253	15.8124
568.635	15.1027
568.018	14.3928
567.403	13.6845
566.796	12.9811
566.199	12.287
565.597	11.5948
564.99	10.9119
564.381	10.2361
563.777	9.56887
563.184	8.90922
562.593	8.25545
562.016	7.61088
561.448	6.97382
560.897	6.35951
560.358	5.76176
559.83	5.17445
559.305	4.60728
558.791	4.05916
558.301	3.53741
557.837	3.03159
557.389	2.55665
556.964	2.099
556.556	1.65329
556.166	1.2243
555.788	0.81692
555.429	0.423318
555.087	0.0381196
554.751	-0.339994
554.419	-0.707363
554.092	-1.06524
553.771	-1.41705
553.461	-1.75981
553.156	-2.09321
552.854	-2.41614
552.556	-2.73076
552.265	-3.03912
551.981	-3.34135
551.708	-3.63566
551.446	-3.91882
551.192	-4.19137
550.948	-4.45191
550.715	-4.70915
550.491	-4.95398
550.27	-5.18717
550.055	-5.41146
549.848	-5.63437
549.654	-5.85343
549.472	-6.0635
549.302	-6.26449
549.141	-6.45432
548.991	-6.62788
548.846	-6.78974
548.71	-6.94346
548.582	-7.09067
548.467	-7.22778
548.36	-7.35914
548.258	-7.47997
548.16	-7.59253
548.07	-7.70128
547.987	-7.80318
547.909	-7.89946
547.835	-7.98836
547.769	-8.07023
547.708	-8.14921
547.651	-8.2245
547.593	-8.29372
547.535	-8.35571
547.485	-8.41401
547.439	-8.46881
547.392	-8.51978
547.351	-8.56659
547.312	-8.60927
547.276	-8.65092
547.243	-8.69068
547.213	-8.72703
547.185	-8.75997
547.16	-8.78895
547.138	-8.81612
547.12	-8.84031
547.105	-8.86112
547.093	-8.8782
547.084	-8.8925
547.077	-8.9047
547.069	-8.915
547.063	-8.92501
547.056	-8.93505
547.04	-8.94821
547.025	-8.96222
547.001	-8.98074
546.977	-9.00235
546.952	-9.02531
546.929	-9.04907
546.906	-9.07505
546.881	-9.10493
546.853	-9.138
546.823	-9.17539
546.792	-9.21574
546.756	-9.26073
546.718	-9.30775
546.673	-9.35943
546.627	-9.41305
546.578	-9.47136
546.525	-9.53299
546.47	-9.59882
546.412	-9.66737
546.35	-9.73852
546.287	-9.81626
546.222	-9.8961
546.157	-9.97697
546.088	-10.0578
546.014	-10.1418
545.939	-10.2276
545.862	-10.3136
545.783	-10.3983
545.706	-10.4825
545.635	-10.566
545.569	-10.6467
545.507	-10.7245
545.445	-10.798
545.388	-10.8685
545.334	-10.9335
545.286	-10.9949
545.243	-11.0496
