5.55111e-17	-4.44089e-16
-0.0469029	0.858694
-0.0937435	1.71627
-0.140643	2.57496
-0.187486	3.43265
-0.234382	4.29134
-0.28122	5.14899
-0.328118	6.00778
-0.374955	6.86548
-0.421837	7.72404
-0.468733	8.58289
-0.515547	9.44027
-0.562431	10.299
-0.609309	11.1576
-0.656205	12.0154
-0.701879	12.8697
-0.749824	13.7315
-0.799251	14.6003
-0.854664	15.4796
-0.907287	16.3694
-0.960916	17.269
-1.01159	18.1732
-1.06626	19.0841
-1.11865	19.9972
-1.17184	20.9137
-1.22428	21.8404
-1.28081	22.7743
-1.33484	23.7095
-1.38575	24.6517
-1.43663	25.5969
-1.48704	26.5447
-1.53802	27.4963
-1.58655	28.4547
-1.63336	29.4229
-1.68097	30.3984
-1.72889	31.3776
-1.76898	32.3571
-1.81583	33.3363
-1.87066	34.3202
-1.92978	35.331
-1.99375	36.3875
-2.06111	37.4285
-2.12695	38.4715
-2.19097	39.5037
-2.25611	40.5386
-2.32994	41.5611
-2.39973	42.583
-2.46521	43.593
-2.53588	44.5979
-2.60002	45.5988
-2.66188	46.598
-2.72891	47.5928
-2.80079	48.5786
-2.87134	49.556
-2.93793	50.5377
-3.00246	51.5185
-3.06584	52.495
-3.13018	53.465
-3.19152	54.428
-3.24881	55.3918
-3.31092	56.3504
-3.37151	57.3125
-3.43899	58.274
-3.51131	59.2254
-3.57919	60.1663
-3.64178	61.0913
-3.70338	62.0063
-3.77603	62.9168
-3.84394	63.8152
-3.9126	64.6979
-3.97823	65.5667
-4.04662	66.4216
-4.11444	67.2645
-4.17999	68.0933
-4.24486	68.9099
-4.31302	69.7142
-4.38194	70.508
-4.44551	71.2844
-4.51487	72.0374
-4.58021	72.7679
-4.64434	73.4806
-4.70949	74.1754
-4.77573	74.8515
-4.83751	75.5074
-4.89189	76.1383
-4.93768	76.7501
-4.98584	77.3441
-5.03904	77.9253
-5.09273	78.4946
-5.1338	79.0495
-5.15977	79.5923
-5.18336	80.123
-5.20827	80.6346
-5.23521	81.1354
-5.24889	81.6229
-5.23683	82.097
-5.20747	82.5559
-5.16354	83.0085
-5.10562	83.4545
-5.02956	83.8853
-4.93465	84.3134
-4.8173	84.7287
-4.68094	85.1182
-4.51919	85.5017
-4.33634	85.8537
-4.13009	86.2
-3.90387	86.5259
-3.65638	86.8121
-3.39307	87.0956
-3.11539	87.345
-2.8178	87.594
-2.50814	87.8201
-2.1826	88.0081
-1.84764	88.188
-1.51106	88.3435
-1.16558	88.502
-0.811071	88.6416
-0.450022	88.748
-0.0726836	88.84
0.302092	88.9305
0.676345	89.0232
1.05089	89.125
1.43458	89.2106
1.83291	89.2772
2.24074	89.3295
2.66275	89.3721
3.08976	89.419
3.53677	89.4722
4.00213	89.5206
4.47577	89.5561
4.96246	89.5834
5.46005	89.6033
5.97457	89.621
6.50462	89.6383
7.05038	89.6547
7.61409	89.6715
8.19796	89.6878
8.80091	89.7017
9.42023	89.7079
10.0598	89.7167
10.7146	89.7195
11.3884	89.7215
12.0746	89.7202
12.7819	89.7273
13.505	89.7387
14.2439	89.7524
15.0026	89.7763
15.7737	89.8053
16.5605	89.8434
17.3547	89.8836
18.1565	89.9295
18.96	89.9788
19.7682	90.0334
20.5819	90.0828
21.3995	90.1324
22.2173	90.1827
23.0343	90.2277
23.8515	90.2737
24.6666	90.3173
25.4784	90.365
26.2888	90.4115
27.1001	90.4578
27.9099	90.4992
28.7218	90.5374
29.5334	90.568
30.3403	90.5889
31.142	90.6026
31.9432	90.6041
32.7407	90.5983
33.5327	90.5865
34.3242	90.5624
35.1104	90.5296
35.8892	90.49
36.6636	90.4425
37.4308	90.3867
38.1896	90.3236
38.9405	90.2516
39.6836	90.1763
40.4188	90.0918
41.1457	90.0029
41.8632	89.9103
42.5748	89.8161
43.2746	89.724
43.9595	89.6344
44.6312	89.5465
45.285	89.4602
45.9228	89.3786
46.5426	89.3065
47.144	89.2445
47.7263	89.1933
48.2888	89.1528
48.8315	89.1269
49.3665	89.1211
49.8938	89.1302
50.4167	89.1484
50.9394	89.1915
51.4568	89.2559
51.9638	89.3356
52.4641	89.4509
52.9598	89.5927
53.4306	89.7504
53.8894	89.9453
54.3315	90.1642
54.7389	90.3886
55.1332	90.661
55.4915	90.9416
55.8359	91.2711
56.1585	91.6203
56.4485	91.9661
56.7224	92.356
56.9679	92.7649
57.1753	93.1713
57.37	93.6106
57.5399	94.0612
57.6844	94.508
57.8124	94.9816
57.9272	95.4469
58.0418	95.9249
58.1622	96.4022
58.2773	96.8844
58.3833	97.3804
58.4869	97.8881
58.5895	98.4035
58.6967	98.9283
58.814	99.4609
58.9404	100.002
59.0745	100.55
59.2098	101.111
59.3432	101.693
59.4798	102.285
59.6355	102.888
59.7988	103.5
59.9645	104.124
60.1342	104.754
60.3091	105.392
60.4808	106.035
60.6497	106.692
60.8191	107.364
60.9951	108.055
61.1772	108.761
61.3551	109.478
61.5276	110.2
61.6963	110.93
61.8741	111.669
62.0531	112.421
62.2342	113.189
62.4176	113.965
62.6002	114.755
62.7848	115.564
62.9737	116.373
63.1574	117.193
63.3346	118.012
63.5125	118.836
63.6913	119.666
63.8703	120.503
64.0574	121.343
64.2532	122.181
64.4498	123.022
64.6559	123.877
64.8645	124.724
65.0663	125.571
65.2621	126.423
65.459	127.275
65.6581	128.12
65.8648	128.941
66.0807	129.749
66.2984	130.557
66.5105	131.383
66.7227	132.225
66.9321	133.06
67.1355	133.868
67.334	134.663
67.5395	135.46
67.7482	136.262
67.9399	137.072
68.1266	137.873
68.3115	138.669
68.4874	139.482
68.6553	140.266
68.8308	141.067
69.0105	141.866
69.1879	142.66
69.3598	143.451
69.5326	144.235
69.6942	145.028
69.8446	145.83
69.9928	146.634
70.1315	147.44
70.2574	148.241
70.3798	149.033
70.508	149.82
70.6341	150.615
70.7533	151.422
70.857	152.237
70.9526	153.049
71.0522	153.855
71.1483	154.665
71.2367	155.483
71.3061	156.308
71.3684	157.136
71.4308	157.959
71.4907	158.78
71.5456	159.602
71.5921	160.421
71.6275	161.238
71.665	162.055
71.7056	162.889
71.7396	163.729
71.7754	164.564
71.8113	165.387
71.8557	166.201
71.8891	167.019
71.9015	167.846
71.9145	168.681
71.9307	169.517
71.9442	170.358
71.9504	171.201
71.9471	172.038
71.9442	172.867
71.9461	173.699
71.9224	174.552
71.8808	175.411
71.8381	176.266
71.8005	177.11
71.7593	177.948
71.705	178.785
71.66	179.632
71.6294	180.489
71.5867	181.351
71.5382	182.214
71.4958	183.069
71.4516	183.918
71.4196	184.763
71.3899	185.611
71.3413	186.471
71.284	187.333
71.2292	188.182
71.1826	189.02
71.1368	189.856
71.0758	190.695
71.0196	191.536
70.9643	192.373
70.9082	193.208
70.8473	194.04
70.7912	194.863
70.7322	195.676
70.6708	196.49
70.6291	197.196
70.5873	197.903
70.5456	198.609
70.5038	199.316
70.462	200.022
70.4203	200.728
70.3785	201.434
70.3367	202.142
70.2949	202.848
70.2531	203.555
70.2113	204.261
70.1695	204.967
70.1277	205.673
70.0859	206.379
70.0441	207.086
69.999	207.797
69.9861	208.445
69.9831	209.093
69.9946	209.74
70.0078	210.376
70.0156	211.014
70.0195	211.65
70.0261	212.296
70.0304	212.945
70.0303	213.602
70.0176	214.252
70.0079	214.903
70.0064	215.556
70.0132	216.217
70.0061	216.893
69.9828	217.579
69.9721	218.271
69.9676	218.964
69.9565	219.646
69.9344	220.317
69.9402	220.97
69.9605	221.625
69.9728	222.305
69.9812	222.992
69.9843	223.672
69.9816	224.354
69.9854	225.028
69.9861	225.713
69.9819	226.399
69.9695	227.09
69.9612	227.773
69.9492	228.454
69.9386	229.126
69.9243	229.793
69.9072	230.454
69.8863	231.112
69.8714	231.769
69.8598	232.418
69.8445	233.041
69.8271	233.65
69.8102	234.248
69.801	234.818
69.7828	235.366
69.755	235.897
69.7146	236.417
69.6641	236.932
69.603	237.437
69.5209	237.943
69.4254	238.442
69.315	238.92
69.1851	239.395
69.0222	239.832
68.8464	240.277
68.6478	240.709
68.415	241.093
68.1661	241.479
67.8991	241.849
67.6094	242.162
67.3183	242.493
67.0089	242.81
66.6729	243.07
66.3322	243.344
65.9825	243.591
65.621	243.785
65.2601	243.992
64.8978	244.184
64.5204	244.32
64.1403	244.474
63.7305	244.572
63.3085	244.683
62.8675	244.773
62.4053	244.825
61.9397	244.884
61.4589	244.926
60.962	244.941
60.4615	244.954
59.9474	244.952
59.4218	244.946
58.8856	244.928
58.3354	244.902
57.7712	244.876
57.1924	244.85
56.596	244.824
55.9811	244.798
55.3482	244.771
54.694	244.744
54.0213	244.718
53.3377	244.676
52.6504	244.605
51.9441	244.528
51.2067	244.461
50.452	244.391
49.6673	244.334
48.8681	244.285
48.0581	244.235
47.2245	244.189
46.3819	244.141
45.5151	244.101
44.6501	244.056
43.782	244.016
42.9218	243.969
42.0601	243.927
41.1934	243.884
40.3166	243.84
39.4483	243.794
38.579	243.742
37.7069	243.722
36.832	243.702
35.9653	243.664
35.0949	243.63
34.2278	243.584
33.3419	243.541
32.4729	243.489
31.5925	243.441
30.7198	243.393
29.8519	243.348
28.9871	243.315
28.1245	243.285
27.2642	243.258
26.4145	243.23
25.5631	243.208
24.724	243.175
23.8807	243.139
23.0472	243.114
22.2104	243.091
21.3812	243.055
20.5554	243.017
19.7363	242.98
18.9255	242.94
18.1165	242.898
17.3111	242.85
16.5023	242.799
15.7015	242.743
14.9018	242.683
14.1084	242.612
13.3226	242.536
12.542	242.455
11.7708	242.377
11.0091	242.296
10.2581	242.218
9.51512	242.143
8.78779	242.07
8.07728	241.997
7.38188	241.929
6.70009	241.865
6.03215	241.805
5.37656	241.749
4.73979	241.696
4.11442	241.647
3.50502	241.606
2.90781	241.566
2.32591	241.524
1.76007	241.484
1.21304	241.449
0.684853	241.422
0.170335	241.399
-0.324785	241.379
-0.804697	241.362
-1.26729	241.346
-1.71713	241.331
-2.14706	241.322
-2.55969	241.318
-2.95733	241.318
-3.33505	241.321
-3.69369	241.329
-4.03811	241.338
-4.3627	241.348
-4.66357	241.357
-4.94315	241.365
-5.19561	241.375
-5.42348	241.387
-5.61774	241.399
-5.78798	241.411
-5.93561	241.421
-6.05518	241.429
-6.14894	241.436
-6.22444	241.442
-6.29222	241.448
-6.34761	241.453
-6.39191	241.458
-6.4219	241.459
-6.44103	241.457
-6.44834	241.456
-6.44588	241.456
-6.44144	241.456
-6.44112	241.456
-6.44116	241.459
-6.43993	241.463
-6.43573	241.468
-6.43523	241.473
-6.44044	241.483
-6.44932	241.488
-6.46235	241.494
-6.48061	241.498
-6.50242	241.502
-6.52834	241.506
-6.56026	241.508
-6.60386	241.509
-6.66274	241.512
-6.74249	241.516
-6.84121	241.523
-6.96056	241.53
-7.09925	241.542
-7.25677	241.556
-7.43398	241.575
-7.6273	241.598
-7.83498	241.623
-8.05573	241.661
-8.29317	241.705
-8.54086	241.76
-8.79333	241.821
-9.05063	241.891
-9.31672	241.985
-9.58823	242.097
-9.86361	242.208
-10.1481	242.351
-10.4371	242.485
-10.7277	242.662
-11.0146	242.859
-11.2959	243.047
-11.5662	243.294
-11.8278	243.565
-12.0792	243.81
-12.3177	244.122
-12.5484	244.407
-12.7665	244.771
-12.9699	245.164
-13.1523	245.535
-13.3183	245.98
-13.4696	246.441
-13.6027	246.887
-13.7224	247.382
-13.8281	247.877
-13.919	248.423
-13.9936	248.989
-14.0575	249.558
-14.1035	250.169
-14.1424	250.776
-14.1762	251.406
-14.2109	252.058
-14.2404	252.724
-14.2647	253.405
-14.2873	254.103
-14.3071	254.817
-14.3289	255.544
-14.3497	256.29
-14.3758	257.055
-14.3996	257.838
-14.4226	258.632
-14.4473	259.441
-14.4714	260.263
-14.4989	261.094
-14.5287	261.943
-14.5616	262.808
-14.5916	263.692
-14.6231	264.586
-14.6528	265.492
-14.6815	266.404
-14.7087	267.323
-14.7398	268.254
-14.7756	269.199
-14.8142	270.162
-14.8583	271.135
-14.9015	272.122
-14.944	273.126
-14.9735	274.135
-15.0059	275.142
-15.0353	276.156
-15.0695	277.176
-15.1029	278.208
-15.1409	279.245
-15.1752	280.294
-15.2156	281.346
-15.2574	282.398
-15.2972	283.446
-15.3412	284.498
-15.3859	285.556
-15.4366	286.62
-15.4844	287.685
-15.5356	288.751
-15.5858	289.811
-15.6383	290.866
-15.6874	291.915
-15.7362	292.96
-15.7874	293.998
-15.8349	295.036
-15.8853	296.072
-15.9356	297.107
-15.9911	298.139
-16.047	299.166
-16.1029	300.191
-16.1619	301.217
-16.2197	302.246
-16.2771	303.274
-16.3343	304.294
-16.3897	305.314
-16.4463	306.336
-16.5034	307.356
-16.5597	308.378
-16.613	309.4
-16.6663	310.43
-16.7094	311.459
-16.7503	312.49
-16.7963	313.525
-16.8393	314.563
-16.8839	315.608
-16.9269	316.656
-16.9723	317.709
-17.0222	318.769
-17.0691	319.832
-17.1184	320.893
-17.1721	321.966
-17.2237	323.046
-17.2817	324.127
-17.3388	325.211
-17.3959	326.294
-17.4544	327.375
-17.5089	328.452
-17.5616	329.524
-17.6142	330.594
-17.6671	331.662
-17.719	332.731
-17.7759	333.803
-17.8359	334.873
-17.9004	335.939
-17.9596	336.995
-18.0179	338.047
-18.072	339.098
-18.1284	340.134
-18.1846	341.163
-18.2397	342.181
-18.2956	343.192
-18.3462	344.192
-18.3982	345.184
-18.4531	346.169
-18.5118	347.144
-18.5725	348.106
-18.6326	349.056
-18.6926	349.997
-18.7551	350.925
-18.8177	351.841
-18.8767	352.738
-18.9323	353.619
-18.9865	354.488
-19.039	355.339
-19.0844	356.172
-19.1249	356.982
-19.1617	357.77
-19.1908	358.545
-19.2209	359.289
-19.2538	360.012
-19.2815	360.709
-19.3104	361.378
-19.3379	362.022
-19.3649	362.648
-19.39	363.254
-19.4126	363.842
-19.4354	364.405
-19.4583	364.946
-19.4822	365.457
-19.5129	365.947
-19.5524	366.417
-19.5957	366.876
-19.6499	367.322
-19.7169	367.756
-19.7976	368.193
-19.8922	368.628
-19.992	369.044
-20.1115	369.471
-20.2521	369.892
-20.4131	370.267
-20.5964	370.662
-20.7918	371.054
-20.9945	371.39
-21.2259	371.758
-21.4873	372.119
-21.7679	372.412
-22.0739	372.767
-22.4001	373.114
-22.7404	373.381
-23.1166	373.7
-23.5142	373.923
-23.9314	374.2
-24.3704	374.457
-24.8287	374.589
-25.3119	374.775
-25.8066	374.935
-26.3138	374.998
-26.8491	375.103
-27.406	375.153
-27.969	375.108
-28.5413	375.089
-29.1219	375.033
-29.7222	374.987
-30.3316	374.93
-30.9465	374.862
-31.5615	374.789
-32.1786	374.714
-32.8073	374.646
-33.456	374.582
-34.1246	374.519
-34.8065	374.454
-35.494	374.385
-36.1925	374.312
-36.9022	374.237
-37.6243	374.163
-38.3603	374.089
-39.1112	374.017
-39.8846	373.957
-40.6741	373.891
-41.4752	373.828
-42.2942	373.768
-43.1253	373.717
-43.9781	373.669
-44.8513	373.619
-45.7339	373.571
-46.6263	373.529
-47.5228	373.491
-48.422	373.45
-49.3265	373.409
-50.2374	373.372
-51.1536	373.337
-52.0755	373.297
-53.0001	373.257
-53.9192	373.217
-54.8367	373.174
-55.7546	373.128
-56.6681	373.082
-57.583	373.04
-58.4895	372.995
-59.3996	372.95
-60.3085	372.905
-61.2171	372.854
-62.1283	372.797
-63.0311	372.736
-63.9328	372.668
-64.8273	372.6
-65.722	372.532
-66.6152	372.471
-67.5092	372.402
-68.4052	372.333
-69.3	372.272
-70.1862	372.209
-71.0714	372.146
-71.9585	372.083
-72.8453	372.028
-73.7315	371.976
-74.6131	371.928
-75.4953	371.886
-76.3696	371.849
-77.2438	371.818
-78.1161	371.787
-78.9847	371.76
-79.8497	371.735
-80.7178	371.719
-81.5841	371.707
-82.4487	371.697
-83.3118	371.695
-84.1688	371.698
-85.0156	371.704
-85.8427	371.71
-86.6521	371.718
-87.4455	371.725
-88.2157	371.734
-88.9667	371.742
-89.6954	371.748
-90.4027	371.755
-91.0871	371.755
-91.7442	371.754
-92.3769	371.747
-92.9909	371.738
-93.5846	371.721
-94.1812	371.7
-94.7746	371.673
-95.3669	371.646
-95.9542	371.61
-96.5378	371.571
-97.116	371.528
-97.6929	371.484
-98.2699	371.439
-98.8464	371.389
-99.4288	371.332
-100.017	371.272
-100.61	371.211
-101.212	371.15
-101.82	371.082
-102.431	371.005
-103.049	370.93
-103.677	370.859
-104.313	370.789
-104.964	370.713
-105.628	370.634
-106.301	370.553
-107	370.47
-107.71	370.384
-108.426	370.3
-109.147	370.219
-109.874	370.14
-110.625	370.064
-111.414	369.99
-112.225	369.916
-113.039	369.849
-113.85	369.788
-114.671	369.723
-115.513	369.657
-116.382	369.588
-117.275	369.517
-118.178	369.455
-119.079	369.402
-119.99	369.364
-120.918	369.337
-121.871	369.312
-122.844	369.291
-123.822	369.269
-124.798	369.251
-125.774	369.236
-126.757	369.229
-127.749	369.222
-128.744	369.216
-129.739	369.206
-130.738	369.191
-131.739	369.175
-132.737	369.161
-133.725	369.151
-134.711	369.142
-135.7	369.131
-136.693	369.117
-137.686	369.091
-138.668	369.063
-139.64	369.026
-140.608	368.984
-141.578	368.943
-142.545	368.909
-143.515	368.873
-144.486	368.839
-145.453	368.8
-146.42	368.758
-147.377	368.709
-148.326	368.654
-149.275	368.598
-150.228	368.541
-151.185	368.484
-152.137	368.425
-153.084	368.368
-154.03	368.307
-154.969	368.242
-155.902	368.175
-156.834	368.111
-157.761	368.045
-158.684	367.985
-159.602	367.93
-160.52	367.874
-161.437	367.82
-162.353	367.77
-163.255	367.721
-164.145	367.671
-165.025	367.623
-165.891	367.574
-166.743	367.525
-167.587	367.474
-168.415	367.426
-169.214	367.385
-169.99	367.347
-170.747	367.305
-171.495	367.269
-172.23	367.237
-172.931	367.201
-173.607	367.161
-174.255	367.118
-174.887	367.076
-175.504	367.029
-176.113	366.976
-176.706	366.928
-177.288	366.876
-177.852	366.825
-178.406	366.771
-178.948	366.701
-179.482	366.619
-180.013	366.524
-180.524	366.392
-181.041	366.257
-181.548	366.107
-182.023	365.894
-182.507	365.701
-182.977	365.486
-183.399	365.192
-183.831	364.923
-184.243	364.633
-184.596	364.245
-184.968	363.902
-185.318	363.538
-185.6	363.065
-185.901	362.645
-186.123	362.116
-186.365	361.651
-186.576	361.163
-186.726	360.581
-186.884	360.051
-187	359.498
-187.064	358.884
-187.125	358.297
-187.152	357.676
-187.18	357.055
-187.196	356.419
-187.206	355.774
-187.213	355.126
-187.21	354.466
-187.197	353.801
-187.17	353.12
-187.125	352.423
-187.078	351.713
-187.03	350.994
-186.971	350.261
-186.904	349.516
-186.837	348.759
-186.77	347.986
-186.7	347.2
-186.621	346.398
-186.533	345.585
-186.441	344.762
-186.343	343.935
-186.242	343.096
-186.138	342.246
-186.036	341.378
-185.937	340.495
-185.836	339.601
-185.741	338.696
-185.65	337.789
-185.559	336.87
-185.47	335.949
-185.383	335.019
-185.3	334.088
-185.218	333.154
-185.134	332.221
-185.053	331.296
-184.974	330.373
-184.899	329.439
-184.826	328.513
-184.756	327.574
-184.693	326.642
-184.627	325.707
-184.556	324.774
-184.486	323.835
-184.418	322.896
-184.348	321.949
-184.28	321.001
-184.219	320.05
-184.17	319.093
-184.128	318.142
-184.078	317.187
-184.024	316.225
-183.979	315.26
-183.933	314.301
-183.873	313.35
-183.812	312.407
-183.762	311.46
-183.71	310.514
-183.654	309.562
-183.602	308.616
-183.552	307.674
-183.503	306.737
-183.458	305.795
-183.419	304.86
-183.379	303.927
-183.343	303
-183.317	302.076
-183.29	301.144
-183.261	300.212
-183.237	299.286
-183.209	298.369
-183.179	297.45
-183.153	296.525
-183.123	295.602
-183.09	294.685
-183.04	293.762
-182.982	292.844
-182.927	291.908
-182.875	290.973
-182.817	290.034
-182.767	289.099
-182.722	288.165
-182.673	287.222
-182.614	286.267
-182.553	285.307
-182.495	284.346
-182.442	283.386
-182.393	282.428
-182.349	281.465
-182.3	280.491
-182.251	279.514
-182.2	278.529
-182.15	277.557
-182.098	276.583
-182.051	275.609
-182.001	274.628
-181.945	273.653
-181.885	272.67
-181.823	271.689
-181.762	270.712
-181.699	269.743
-181.638	268.768
-181.569	267.776
-181.502	266.786
-181.425	265.788
-181.353	264.805
-181.286	263.816
-181.22	262.838
-181.152	261.853
-181.084	260.859
-181.009	259.845
-180.929	258.832
-180.848	257.825
-180.77	256.828
-180.695	255.838
-180.627	254.849
-180.561	253.86
-180.497	252.875
-180.435	251.891
-180.373	250.908
-180.312	249.924
-180.251	248.947
-180.191	247.98
-180.131	247.017
-180.077	246.06
-180.026	245.105
-179.975	244.159
-179.932	243.222
-179.89	242.301
-179.84	241.398
-179.801	240.508
-179.765	239.629
-179.706	238.763
-179.645	237.915
-179.603	237.078
-179.565	236.242
-179.522	235.418
-179.487	234.611
-179.462	233.82
-179.444	233.049
-179.426	232.293
-179.41	231.559
-179.395	230.845
-179.385	230.153
-179.38	229.482
-179.377	228.83
-179.373	228.203
-179.367	227.597
-179.362	227.009
-179.353	226.446
-179.338	225.903
-179.314	225.383
-179.285	224.89
-179.252	224.422
-179.212	223.965
-179.16	223.52
-179.091	223.084
-178.995	222.642
-178.893	222.222
-178.755	221.793
-178.61	221.398
-178.441	221.019
-178.227	220.632
-178.022	220.278
-177.799	219.912
-177.539	219.528
-177.282	219.191
-176.993	218.869
-176.652	218.519
-176.315	218.205
-175.954	217.909
-175.534	217.601
-175.108	217.34
-174.646	217.099
-174.123	216.83
-173.598	216.632
-173.037	216.423
-172.474	216.26
-171.884	216.128
-171.242	215.988
-170.601	215.896
-169.939	215.825
-169.252	215.748
-168.566	215.705
-167.863	215.671
-167.161	215.651
-166.443	215.622
-165.718	215.6
-164.984	215.579
-164.246	215.568
-163.501	215.552
-162.753	215.542
-161.991	215.533
-161.212	215.524
-160.42	215.517
-159.609	215.512
-158.798	215.506
-157.987	215.494
-157.169	215.491
-156.333	215.475
-155.494	215.477
-154.651	215.491
-153.798	215.522
-152.925	215.529
-152.043	215.537
-151.149	215.545
-150.25	215.556
-149.356	215.577
-148.465	215.609
-147.567	215.657
-146.665	215.691
-145.761	215.722
-144.856	215.752
-143.951	215.798
-143.047	215.845
-142.146	215.897
-141.248	215.946
-140.354	216.015
-139.455	216.087
-138.556	216.165
-137.657	216.247
-136.768	216.331
-135.881	216.415
-134.99	216.486
-134.104	216.562
-133.229	216.647
-132.361	216.726
-131.505	216.803
-130.658	216.884
-129.82	216.954
-128.993	217.018
-128.171	217.076
-127.369	217.131
-126.585	217.191
-125.823	217.25
-125.076	217.289
-124.357	217.33
-123.657	217.366
-122.978	217.394
-122.326	217.419
-121.696	217.44
-121.075	217.452
-120.463	217.466
-119.858	217.479
-119.254	217.487
-118.654	217.497
-118.053	217.501
-117.453	217.501
-116.85	217.496
-116.251	217.492
-115.661	217.5
-115.068	217.514
-114.477	217.529
-113.898	217.53
-113.324	217.535
-112.752	217.554
-112.188	217.587
-111.616	217.623
-111.047	217.696
-110.484	217.778
-109.928	217.875
-109.377	218.001
-108.833	218.146
-108.291	218.301
-107.764	218.499
-107.256	218.728
-106.749	218.945
-106.273	219.215
-105.793	219.476
-105.349	219.794
-104.925	220.131
-104.504	220.454
-104.115	220.835
-103.745	221.233
-103.371	221.616
-103.036	222.051
-102.731	222.5
-102.438	222.933
-102.179	223.4
-101.931	223.853
-101.724	224.346
-101.543	224.849
-101.375	225.339
-101.237	225.851
-101.116	226.384
-101.007	226.91
-100.916	227.439
-100.831	227.969
-100.734	228.488
-100.635	229.003
-100.531	229.501
-100.447	230.016
-100.356	230.521
-100.252	231.018
-100.136	231.508
-100.012	231.987
-99.884	232.464
-99.7501	232.933
-99.5996	233.386
-99.4256	233.824
-99.2099	234.199
-98.9963	234.56
-98.7759	234.873
-98.5666	235.208
-98.3486	235.54
-98.0861	235.806
-97.8075	236.08
-97.4914	236.281
-97.1743	236.469
-96.8788	236.654
-96.5636	236.781
-96.2541	236.931
-95.9315	237.053
-95.6135	237.213
-95.2832	237.359
-94.9304	237.469
-94.5647	237.578
-94.1851	237.675
-93.7849	237.747
-93.3783	237.827
-92.9553	237.899
-92.5189	237.969
-92.0658	238.038
-91.5969	238.103
-91.1075	238.159
-90.6005	238.207
-90.0747	238.248
-89.532	238.288
-88.9662	238.334
-88.3875	238.392
-87.7646	238.447
-87.1348	238.488
-86.4863	238.54
-85.8189	238.577
-85.1395	238.615
-84.4435	238.651
-83.7365	238.689
-82.996	238.714
-82.2539	238.747
-81.501	238.794
-80.7313	238.836
-79.9401	238.872
-79.14	238.906
-78.3389	238.957
-77.5396	239.011
-76.7297	239.056
-75.9111	239.103
-75.0874	239.151
-74.2535	239.201
-73.4183	239.247
-72.5749	239.314
-71.7261	239.368
-70.8622	239.412
-69.9919	239.446
-69.1157	239.481
-68.2365	239.513
-67.3516	239.549
-66.4564	239.579
-65.5659	239.621
-64.6664	239.658
-63.7768	239.701
-62.8848	239.754
-61.998	239.809
-61.1032	239.86
-60.209	239.903
-59.3118	239.953
-58.4305	240.006
-57.5611	240.056
-56.7019	240.109
-55.854	240.16
-55.0029	240.209
-54.1511	240.268
-53.3035	240.331
-52.462	240.386
-51.6259	240.427
-50.7962	240.471
-49.9603	240.516
-49.1274	240.564
-48.2997	240.614
-47.4783	240.662
-46.6659	240.713
-45.8573	240.771
-45.0482	240.827
-44.2406	240.886
-43.4408	240.948
-42.6545	241.019
-41.879	241.089
-41.1186	241.162
-40.3748	241.236
-39.649	241.313
-38.9398	241.385
-38.2441	241.462
-37.5524	241.539
-36.8629	241.61
-36.1753	241.675
-35.4887	241.743
-34.8049	241.816
-34.1275	241.881
-33.4567	241.939
-32.7978	241.998
-32.1557	242.064
-31.5331	242.125
-30.928	242.184
-30.3363	242.24
-29.7646	242.288
-29.2143	242.337
-28.6817	242.373
-28.1724	242.408
-27.6821	242.432
-27.2063	242.454
-26.7472	242.469
-26.301	242.479
-25.8721	242.479
-25.4603	242.473
-25.064	242.466
-24.6845	242.456
-24.3187	242.437
-23.9679	242.409
-23.6368	242.369
-23.3242	242.322
-23.0239	242.274
-22.7451	242.231
-22.4838	242.187
-22.2492	242.149
-22.0347	242.112
-21.8432	242.07
-21.6752	242.027
-21.5162	241.985
-21.3573	241.937
-21.194	241.888
-21.0326	241.835
-20.8749	241.791
-20.7193	241.743
-20.5642	241.693
-20.4101	241.641
-20.2574	241.586
-20.1038	241.524
-19.9386	241.453
-19.7549	241.362
-19.5512	241.265
-19.3309	241.15
-19.0978	241.001
-18.853	240.845
-18.6035	240.674
-18.3464	240.465
-18.0861	240.258
-17.8176	240
-17.5544	239.744
-17.299	239.466
-17.0479	239.13
-16.8107	238.801
-16.5857	238.456
-16.3714	238.041
-16.1685	237.646
-15.9803	237.182
-15.8191	236.732
-15.6815	236.244
-15.5517	235.706
-15.4317	235.164
-15.3265	234.595
-15.2371	233.988
-15.1609	233.367
-15.0944	232.72
-15.0358	232.049
-14.9854	231.36
-14.9404	230.65
-14.9029	229.921
-14.8795	229.166
-14.8646	228.39
-14.8518	227.596
-14.8346	226.784
-14.8218	225.953
-14.8129	225.101
-14.8059	224.227
-14.7964	223.337
-14.7905	222.43
-14.7761	221.504
-14.7621	220.563
-14.744	219.601
-14.7262	218.625
-14.7082	217.631
-14.6812	216.625
-14.6468	215.602
-14.6052	214.569
-14.56	213.519
-14.5097	212.46
-14.459	211.386
-14.4053	210.299
-14.3535	209.201
-14.3009	208.096
-14.2443	206.985
-14.1797	205.87
-14.1094	204.744
-14.0364	203.614
-13.9624	202.479
-13.8873	201.336
-13.8127	200.191
-13.7391	199.045
-13.6658	197.892
-13.5915	196.733
-13.5149	195.572
-13.4347	194.403
-13.3542	193.23
-13.2754	192.055
-13.1983	190.876
-13.1261	189.69
-13.052	188.5
-12.9834	187.299
-12.917	186.094
-12.8546	184.885
-12.7941	183.673
-12.7319	182.45
-12.6751	181.22
-12.6212	179.987
-12.5669	178.745
-12.508	177.502
-12.4508	176.246
-12.3961	174.987
-12.3412	173.719
-12.284	172.45
-12.2275	171.179
-12.175	169.898
-12.1239	168.615
-12.0715	167.326
-12.0183	166.028
-11.9612	164.728
-11.9019	163.432
-11.8414	162.134
-11.7789	160.834
-11.7203	159.53
-11.6552	158.22
-11.5911	156.912
-11.5281	155.602
-11.4666	154.287
-11.4047	152.976
-11.3434	151.642
-11.2813	150.32
-11.2175	148.998
-11.143	147.69
-11.0576	146.379
-10.9799	145.065
-10.8965	143.749
-10.8152	142.444
-10.7322	141.138
-10.6503	139.827
-10.5706	138.518
-10.4904	137.216
-10.4108	135.927
-10.334	134.639
-10.2676	133.354
-10.197	132.061
-10.1232	130.786
-10.0536	129.518
-9.98367	128.272
-9.91435	127.028
-9.84221	125.796
-9.76851	124.586
-9.69615	123.396
-9.62653	122.227
-9.55793	121.055
-9.49338	119.914
-9.43038	118.791
-9.36962	117.694
-9.31028	116.608
-9.25444	115.532
-9.20054	114.472
-9.15133	113.442
-9.10542	112.436
-9.06123	111.449
-9.01756	110.482
-8.97377	109.539
-8.93138	108.631
-8.88896	107.745
-8.85038	106.884
-8.81019	106.036
-8.77427	105.223
-8.74335	104.429
-8.71459	103.667
-8.67979	102.918
-8.63715	102.186
-8.57999	101.489
-8.50486	100.813
-8.41085	100.164
-8.29751	99.5295
-8.16371	98.9197
-8.00436	98.3388
-7.82224	97.7879
-7.61852	97.2437
-7.39198	96.7221
-7.13968	96.2205
-6.85843	95.7252
-6.55899	95.2671
-6.24179	94.8291
-5.89984	94.3924
-5.53843	93.9915
-5.15833	93.6208
-4.75983	93.2539
-4.351	92.9312
-3.91053	92.6337
-3.45009	92.3488
-2.97184	92.1057
-2.47593	91.8757
-1.97387	91.6917
-1.46182	91.527
-0.953585	91.377
-0.436803	91.2619
0.0849347	91.1806
0.610299	91.0918
1.13807	91.0263
1.66986	90.9604
2.20844	90.915
2.75125	90.882
3.29903	90.8427
3.85871	90.8059
4.43171	90.7661
5.0162	90.7384
5.61033	90.7105
6.21174	90.6836
6.82147	90.6484
7.44619	90.6185
8.08109	90.5785
8.73118	90.5428
9.39952	90.5012
10.0766	90.4693
10.7716	90.4367
11.4797	90.4005
12.2059	90.3654
12.9511	90.3313
13.7119	90.3093
14.4898	90.2903
15.2848	90.2864
16.0856	90.2961
16.9105	90.3215
17.7449	90.3559
18.5967	90.4022
19.4536	90.4596
20.3132	90.5224
21.1775	90.5966
22.0457	90.6711
22.9146	90.7494
23.7796	90.8267
24.6443	90.8953
25.499	90.9584
26.3532	91.0146
27.2079	91.064
28.0601	91.0988
28.9157	91.1202
29.7648	91.1302
30.6091	91.127
31.4479	91.1112
32.2877	91.0855
33.1244	91.0447
33.9644	90.9977
34.8034	90.9378
35.6416	90.8711
36.4813	90.8003
37.3251	90.7289
38.1745	90.6533
39.0312	90.5801
39.8962	90.5085
40.7715	90.4329
41.6567	90.3624
42.548	90.29
43.4443	90.2242
44.343	90.1611
45.2446	90.0978
46.1437	90.0342
47.0427	89.9711
47.943	89.9036
48.8397	89.8287
49.7321	89.737
50.618	89.6297
51.5004	89.5039
52.3793	89.3542
53.2522	89.1856
54.1154	88.9954
54.9685	88.7868
55.8141	88.5577
56.6544	88.3197
57.487	88.0645
58.3133	87.7916
59.1386	87.5137
59.967	87.2222
60.8055	86.9207
61.6501	86.6161
62.4892	86.3067
63.322	85.9941
64.1523	85.6827
64.988	85.3719
65.8337	85.055
66.6885	84.7349
67.548	84.4108
68.4062	84.0808
69.2686	83.7444
70.1352	83.4001
70.9986	83.0453
71.8591	82.6715
72.721	82.2819
73.5785	81.8793
74.4337	81.457
75.2946	81.0262
76.1702	80.587
77.0519	80.1359
77.9347	79.6788
78.8198	79.2193
79.7072	78.7591
80.5951	78.3001
81.4804	77.8427
82.3612	77.3842
83.2378	76.9279
84.1087	76.4699
84.9769	76.0061
85.8404	75.5388
86.6952	75.0553
87.5376	74.5608
88.3692	74.063
89.1889	73.556
89.9981	73.0378
90.7926	72.5082
91.573	71.9685
92.344	71.4191
93.1043	70.8557
93.8504	70.2859
94.5863	69.7026
95.3085	69.1148
96.0206	68.5215
96.7226	67.9232
97.4162	67.3306
98.1039	66.7409
98.7837	66.1614
99.4513	65.5908
100.108	65.034
100.751	64.4908
101.38	63.9666
101.997	63.4598
102.601	62.9755
103.192	62.5147
103.765	62.0703
104.32	61.6421
104.867	61.221
105.409	60.801
105.944	60.3806
106.472	59.9568
107.003	59.5303
107.534	59.1028
108.066	58.675
108.59	58.2474
109.109	57.8239
109.621	57.4005
110.135	56.9705
110.657	56.5332
111.184	56.0905
111.718	55.6375
112.255	55.1825
112.797	54.7189
113.353	54.2471
113.919	53.7751
114.495	53.3017
115.078	52.8312
115.669	52.3668
116.282	51.902
116.904	51.4394
117.54	50.9728
118.185	50.5155
118.837	50.0549
119.501	49.5886
120.173	49.1005
120.854	48.6021
121.547	48.1017
122.242	47.5993
122.938	47.0837
123.643	46.5605
124.365	46.0284
125.093	45.4853
125.83	44.9311
126.576	44.3781
127.33	43.8208
128.092	43.2505
128.857	42.6708
129.638	42.0878
130.415	41.5053
131.194	40.9228
131.967	40.3448
132.741	39.769
133.518	39.194
134.298	38.6099
135.076	38.0213
135.848	37.4304
136.622	36.849
137.397	36.2703
138.166	35.6915
138.95	35.1311
139.733	34.577
140.514	34.0216
141.293	33.4647
142.063	32.9082
142.833	32.3482
143.604	31.7956
144.364	31.2347
145.119	30.6755
145.872	30.1216
146.623	29.5517
147.379	28.9828
148.133	28.4182
148.877	27.8532
149.617	27.299
150.348	26.751
151.073	26.2085
151.798	25.6728
152.506	25.1371
153.201	24.6123
153.871	24.1031
154.521	23.6035
155.161	23.0999
155.795	22.5994
156.41	22.1043
157.005	21.6311
157.567	21.1751
158.103	20.7295
158.618	20.3007
159.12	19.8817
159.606	19.4701
160.079	19.0694
160.555	18.6901
161.034	18.3286
161.512	17.9818
162.011	17.6625
162.528	17.3699
163.042	17.1134
163.58	16.8912
164.102	16.69
164.64	16.511
165.182	16.3598
165.726	16.2312
166.302	16.1241
166.884	16.0392
167.465	15.9802
168.066	15.9413
168.667	15.9221
169.275	15.9128
169.899	15.9252
170.526	15.9418
171.157	15.9577
171.794	15.9666
172.44	15.9711
173.099	15.9727
173.768	15.9682
174.444	15.959
175.12	15.9452
175.797	15.9283
176.477	15.9033
177.167	15.8721
177.87	15.8333
178.585	15.7968
179.305	15.7563
180.03	15.7095
180.751	15.6593
181.477	15.604
182.211	15.532
182.954	15.4644
183.704	15.412
184.461	15.3627
185.219	15.3023
185.981	15.2381
186.742	15.1812
187.511	15.1305
188.28	15.073
189.048	15.017
189.814	14.9592
190.577	14.8968
191.344	14.8327
192.114	14.7762
192.894	14.7146
193.677	14.6436
194.461	14.578
195.244	14.5102
196.036	14.4377
196.831	14.363
197.633	14.2838
198.448	14.2027
199.263	14.1161
200.09	14.0301
200.922	13.9507
201.755	13.8698
202.592	13.7853
203.427	13.7044
204.263	13.6178
205.105	13.5341
205.951	13.4589
206.796	13.3891
207.641	13.3101
208.476	13.2386
209.306	13.1735
210.149	13.1111
211	13.047
211.855	12.9797
212.697	12.9157
213.536	12.8551
214.376	12.8005
215.225	12.7378
216.083	12.6614
216.945	12.5879
217.808	12.5132
218.665	12.4331
219.523	12.3573
220.389	12.2827
221.266	12.2092
222.152	12.137
223.037	12.0686
223.923	12.0095
224.809	11.945
225.7	11.873
226.591	11.8062
227.484	11.7368
228.381	11.6576
229.28	11.572
230.175	11.4912
231.064	11.4008
231.959	11.3102
232.863	11.2324
233.769	11.1571
234.672	11.076
235.564	10.9911
236.453	10.9086
237.34	10.816
238.224	10.7199
239.115	10.6283
240.005	10.544
240.886	10.4674
241.756	10.391
242.625	10.3195
243.501	10.2488
244.376	10.1777
245.239	10.106
246.091	10.0429
246.942	9.97703
247.8	9.91033
248.656	9.85093
249.503	9.79641
250.334	9.73558
251.154	9.67213
251.962	9.61674
252.763	9.56537
253.551	9.50837
254.33	9.45256
255.093	9.40147
255.834	9.34923
256.557	9.29718
257.272	9.24838
257.979	9.19752
258.682	9.1404
259.364	9.07941
259.926	8.97512
260.488	8.87072
261.049	8.76649
261.61	8.66233
262.171	8.5582
262.732	8.45409
263.293	8.35003
263.853	8.24605
264.413	8.14207
264.973	8.03831
265.534	7.93431
266.093	7.83065
266.653	7.72685
267.212	7.62322
267.772	7.51959
268.33	7.41596
268.72	7.30983
269.091	7.21193
269.439	7.12133
269.769	7.04061
270.081	6.97294
270.378	6.91568
270.655	6.86914
270.923	6.82924
271.18	6.80311
271.433	6.78091
271.689	6.77571
271.947	6.78184
272.188	6.79891
272.449	6.82644
272.709	6.86318
272.94	6.91556
273.191	6.98456
273.448	7.05659
273.674	7.13927
273.937	7.23763
274.16	7.35307
274.435	7.4863
274.708	7.63491
274.935	7.80851
275.206	8.02178
275.458	8.26445
275.651	8.69422
275.841	9.123
276.03	9.55131
276.215	9.97766
276.4	10.4039
276.582	10.8286
276.761	11.2513
276.939	11.6728
277.115	12.0931
277.289	12.5115
277.462	12.928
277.632	13.3424
277.801	13.7547
277.969	14.1654
278.135	14.5729
278.292	14.9831
278.402	15.6008
278.511	16.2289
278.6	16.875
278.675	17.5409
278.749	18.2263
278.817	18.9434
278.887	19.6896
278.952	20.4463
279.006	21.2127
279.05	22.0041
279.082	22.8254
279.119	23.6599
279.153	24.513
279.199	25.3763
279.257	26.2564
279.31	27.1475
279.367	28.0546
279.43	28.9818
279.492	29.9102
279.555	30.8422
279.623	31.776
279.682	32.7224
279.748	33.6731
279.815	34.6407
279.892	35.6187
279.97	36.6079
280.048	37.5955
280.117	38.588
280.196	39.5709
280.271	40.5612
280.341	41.5632
280.413	42.5737
280.486	43.5915
280.554	44.6028
280.623	45.6197
280.691	46.6382
280.757	47.6692
280.825	48.6866
280.894	49.699
280.967	50.718
281.037	51.7289
281.11	52.7454
281.19	53.7632
281.27	54.7931
281.324	55.8221
281.387	56.8403
281.457	57.8612
281.536	58.8945
281.609	59.9159
281.694	60.9464
281.79	61.9738
281.893	62.9939
282	64.0097
282.089	65.0302
282.168	66.0614
282.246	67.0949
282.317	68.1235
282.386	69.1379
282.454	70.1555
282.524	71.1758
282.581	72.2057
282.631	73.228
282.681	74.2451
282.741	75.2604
282.8	76.2706
282.865	77.2826
282.946	78.3005
283.018	79.317
283.099	80.3255
283.185	81.3228
283.272	82.3235
283.357	83.339
283.442	84.3639
283.526	85.375
283.605	86.3658
283.684	87.3533
283.765	88.3434
283.852	89.3453
283.94	90.3521
284.034	91.3582
284.13	92.3613
284.231	93.3553
284.33	94.3448
284.43	95.341
284.542	96.3451
284.667	97.3423
284.793	98.3355
284.938	99.3206
285.084	100.306
285.237	101.285
285.395	102.26
285.542	103.233
285.689	104.204
285.844	105.163
285.998	106.129
286.158	107.096
286.322	108.054
286.485	109.007
286.642	109.957
286.794	110.912
286.936	111.86
287.077	112.803
287.217	113.737
287.354	114.665
287.491	115.593
287.631	116.519
287.774	117.436
287.921	118.338
288.059	119.219
288.19	120.084
288.317	120.936
288.449	121.781
288.577	122.629
288.71	123.463
288.846	124.281
288.988	125.082
289.135	125.865
289.285	126.63
289.438	127.382
289.591	128.118
289.743	128.835
289.902	129.525
290.059	130.183
290.213	130.821
290.368	131.439
290.524	132.039
290.684	132.626
290.846	133.19
291.01	133.732
291.166	134.262
291.308	134.789
291.439	135.31
291.581	135.833
291.727	136.36
291.856	136.892
291.962	137.426
292.043	137.961
292.124	138.49
292.194	139.02
292.222	139.538
292.24	140.069
292.238	140.604
292.181	141.132
292.128	141.677
291.762	142.158
291.396	142.635
291.029	143.109
290.663	143.578
290.296	144.044
289.929	144.506
289.562	144.965
289.197	145.419
288.832	145.871
288.468	146.318
288.106	146.762
287.745	147.204
287.386	147.642
287.029	148.077
286.674	148.508
286.399	148.976
285.833	149.306
285.218	149.616
284.572	149.919
283.925	150.224
283.264	150.527
282.599	150.835
281.926	151.148
281.244	151.472
280.553	151.805
279.855	152.146
279.142	152.489
278.418	152.847
277.685	153.209
276.943	153.583
276.187	153.973
275.421	154.371
274.64	154.78
273.849	155.202
273.05	155.634
272.241	156.075
271.423	156.516
270.591	156.967
269.753	157.422
268.909	157.881
268.072	158.343
267.237	158.808
266.393	159.279
265.543	159.743
264.684	160.222
263.832	160.712
262.976	161.213
262.161	161.709
261.343	162.229
260.533	162.759
259.725	163.293
258.928	163.839
258.137	164.396
257.35	164.953
256.568	165.516
255.791	166.083
255.011	166.651
254.221	167.22
253.421	167.785
252.619	168.351
251.812	168.915
250.991	169.471
250.164	170.018
249.343	170.565
248.516	171.103
247.682	171.636
246.83	172.171
245.979	172.702
245.126	173.224
244.269	173.728
243.407	174.227
242.549	174.722
241.688	175.211
240.82	175.693
239.946	176.172
239.067	176.646
238.186	177.109
237.31	177.572
236.435	178.028
235.56	178.478
234.693	178.932
233.829	179.392
232.964	179.851
232.104	180.306
231.251	180.753
230.402	181.204
229.552	181.659
228.708	182.113
227.87	182.57
227.043	183.025
226.215	183.484
225.393	183.934
224.579	184.376
223.77	184.812
222.962	185.243
222.16	185.673
221.367	186.107
220.587	186.534
219.815	186.944
219.059	187.344
218.317	187.743
217.579	188.137
216.844	188.521
216.115	188.895
215.411	189.26
214.73	189.612
214.062	189.949
213.404	190.278
212.762	190.601
212.138	190.917
211.527	191.222
210.934	191.519
210.362	191.813
209.818	192.096
209.293	192.365
208.786	192.618
208.298	192.868
207.831	193.113
207.386	193.351
206.968	193.578
206.577	193.798
206.211	194.007
205.865	194.206
205.54	194.396
205.242	194.579
204.974	194.748
204.73	194.902
204.515	195.041
204.316	195.181
204.122	195.321
203.931	195.462
203.737	195.602
203.546	195.745
203.373	195.917
203.21	196.106
203.043	196.282
202.875	196.461
202.697	196.621
202.516	196.788
202.33	196.951
202.144	197.133
201.945	197.326
201.726	197.534
201.474	197.759
201.195	198
200.895	198.26
200.573	198.529
200.227	198.809
199.863	199.107
199.482	199.429
199.077	199.76
198.651	200.101
198.199	200.447
197.731	200.792
197.253	201.146
196.761	201.509
196.253	201.872
195.732	202.234
195.185	202.599
194.624	202.967
193.955	203.351
193.288	203.734
192.62	204.118
191.952	204.502
191.284	204.885
190.615	205.269
189.947	205.653
189.279	206.036
188.612	206.419
187.944	206.803
187.275	207.187
186.608	207.57
185.94	207.953
185.273	208.337
184.605	208.72
183.947	209.1
183.204	209.508
182.452	209.924
181.695	210.347
180.93	210.774
180.163	211.202
179.391	211.625
178.619	212.048
177.855	212.474
177.088	212.902
176.321	213.33
175.554	213.761
174.792	214.188
174.024	214.609
173.261	215.032
172.506	215.457
171.755	215.879
171.007	216.296
170.263	216.717
169.515	217.138
168.77	217.549
168.039	217.945
167.327	218.336
166.636	218.726
165.953	219.102
165.286	219.466
164.64	219.824
164.01	220.165
163.395	220.485
162.8	220.792
162.218	221.084
161.653	221.36
161.11	221.618
160.575	221.867
160.045	222.108
159.511	222.334
158.96	222.53
158.408	222.713
157.845	222.861
157.293	223.003
156.742	223.119
156.181	223.203
155.633	223.28
155.08	223.337
154.511	223.364
153.946	223.381
153.375	223.375
152.787	223.35
152.194	223.327
151.588	223.291
150.969	223.245
150.343	223.185
149.703	223.122
149.048	223.061
148.383	223.004
147.697	222.948
146.999	222.887
146.286	222.825
145.559	222.768
144.811	222.709
144.041	222.644
143.255	222.576
142.452	222.507
141.644	222.436
140.825	222.368
139.986	222.307
139.12	222.259
138.238	222.213
137.342	222.163
136.433	222.118
135.506	222.076
134.569	222.03
133.619	221.995
132.664	221.97
131.696	221.932
130.715	221.894
129.721	221.858
128.711	221.803
127.689	221.75
126.663	221.699
125.647	221.65
124.638	221.606
123.63	221.555
122.615	221.5
121.591	221.44
120.566	221.375
119.544	221.31
118.52	221.243
117.511	221.171
116.511	221.102
115.515	221.036
114.518	220.968
113.517	220.904
112.517	220.838
111.526	220.772
110.545	220.708
109.571	220.645
108.601	220.586
107.636	220.532
106.665	220.477
105.692	220.424
104.717	220.374
103.757	220.32
102.797	220.264
101.841	220.219
100.889	220.17
99.9429	220.117
98.9947	220.067
98.0475	220.016
97.1087	219.957
96.1816	219.895
95.2596	219.832
94.3437	219.762
93.4386	219.686
92.5668	219.626
91.7041	219.564
90.8555	219.501
90.0119	219.438
89.1874	219.383
88.3886	219.326
87.6082	219.265
86.8534	219.208
86.1237	219.158
85.4127	219.116
84.7221	219.079
84.05	219.045
83.4001	219.023
82.7689	219.014
82.1529	219.016
81.557	219.038
80.9726	219.076
80.388	219.115
79.808	219.181
79.2293	219.255
78.6648	219.366
78.1104	219.497
77.5561	219.623
77.0163	219.796
76.4766	219.968
75.9606	220.194
75.4615	220.446
74.966	220.705
74.5034	221.033
74.0691	221.411
73.6354	221.768
73.247	222.197
72.8628	222.604
72.5072	223.067
72.1689	223.54
71.8418	224.015
71.5503	224.57
71.2816	225.143
71.0234	225.7
70.7974	226.303
70.6015	226.927
70.4217	227.54
70.2652	228.195
70.1277	228.841
70.0345	229.518
69.9556	230.203
69.8783	230.896
69.8138	231.611
69.7611	232.335
69.7132	233.065
69.6701	233.8
69.64	234.535
69.625	235.277
69.6037	236.023
69.5821	236.785
69.5609	237.56
69.5459	238.343
69.5355	239.133
69.5203	239.92
69.4994	240.72
69.4881	241.53
69.4802	242.356
69.4694	243.193
69.4497	244.043
69.4224	244.904
69.3845	245.776
69.3384	246.653
69.287	247.537
69.2326	248.433
69.1858	249.331
69.1411	250.229
69.0946	251.146
69.0482	252.078
68.9999	253.026
68.951	253.983
68.9022	254.95
68.8569	255.931
68.8119	256.917
68.7567	257.911
68.7036	258.908
68.6506	259.92
68.5872	260.97
68.5179	262.029
68.4622	263.082
68.4038	264.135
68.3506	265.186
68.2886	266.253
68.2267	267.325
68.1639	268.396
68.0966	269.464
68.0303	270.539
67.9655	271.613
67.9038	272.683
67.8442	273.749
67.7853	274.807
67.7215	275.872
67.6598	276.933
67.5929	277.989
67.5255	279.043
67.4563	280.103
67.3866	281.166
67.3174	282.219
67.2488	283.26
67.18	284.301
67.1116	285.344
67.0433	286.399
66.9737	287.456
66.9013	288.508
66.8289	289.558
66.76	290.605
66.6881	291.652
66.6192	292.697
66.5497	293.742
66.4788	294.782
66.4079	295.818
66.3468	296.851
66.2892	297.878
66.2215	298.903
66.1463	299.92
66.0781	300.945
65.999	301.971
65.9092	302.991
65.8263	304.009
65.7448	305.014
65.6613	306.017
65.5736	307.018
65.4805	308.026
65.3831	309.039
65.2747	310.032
65.1679	311.029
65.0477	312.028
64.9245	313.031
64.7996	314.024
64.6747	315.008
64.5406	315.995
64.3955	316.979
64.2419	317.963
64.09	318.948
63.9443	319.93
63.8068	320.917
63.6717	321.904
63.541	322.898
63.4201	323.896
63.3043	324.896
63.1906	325.899
63.0756	326.902
62.9676	327.898
62.8685	328.895
62.7772	329.897
62.6991	330.909
62.643	331.922
62.5949	332.932
62.5536	333.929
62.5014	334.935
62.4548	335.951
62.4023	336.963
62.3533	337.974
62.3105	338.994
62.2666	340.021
62.2183	341.039
62.1644	342.041
62.1165	343.036
62.0718	344.031
62.0328	345.031
61.9935	346.033
61.9569	347.02
61.912	348.007
61.8664	348.989
61.8244	349.962
61.7899	350.918
61.7609	351.858
61.7342	352.788
61.7079	353.706
61.6793	354.612
61.6466	355.507
61.614	356.391
61.5863	357.261
61.5652	358.113
61.5524	358.954
61.5506	359.777
61.5557	360.589
61.566	361.379
61.5772	362.146
61.5836	362.882
61.5902	363.598
61.603	364.291
61.6182	364.972
61.6259	365.65
61.6287	366.323
61.632	366.996
61.6414	367.673
61.6499	368.352
61.6521	369.028
61.6439	369.692
61.6247	370.356
61.5938	371.013
61.5583	371.676
61.5112	372.339
61.4454	373.016
61.3619	373.698
61.2716	374.388
61.1821	375.091
61.0806	375.805
60.9667	376.528
60.8497	377.265
60.7451	378.022
60.6371	378.796
60.523	379.59
60.4137	380.394
60.3245	381.208
60.2375	382.033
60.1474	382.875
60.0656	383.741
59.9974	384.624
59.9372	385.515
59.8848	386.414
59.8435	387.325
59.8143	388.252
59.7898	389.196
59.768	390.16
59.7661	391.128
59.7654	392.107
59.7653	393.093
59.7644	394.097
59.7664	395.121
59.7616	396.16
59.7472	397.211
59.7286	398.269
59.7132	399.34
59.696	400.418
59.6733	401.493
59.6467	402.56
59.6159	403.624
59.5754	404.695
59.5288	405.772
59.4766	406.849
59.4251	407.917
59.3744	408.98
59.3209	410.043
59.267	411.104
59.2059	412.156
59.1451	413.206
59.0847	414.258
59.0265	415.313
58.9689	416.365
58.9137	417.417
58.8597	418.461
58.8069	419.496
58.7488	420.528
58.685	421.557
58.6278	422.585
58.5741	423.604
58.5271	424.624
58.4808	425.637
58.4372	426.635
58.3917	427.616
58.343	428.577
58.2869	429.523
58.2325	430.458
58.1791	431.377
58.1176	432.281
58.057	433.169
57.9958	434.044
57.9241	434.902
57.8406	435.746
57.7539	436.572
57.6632	437.383
57.5691	438.174
57.4706	438.948
57.3683	439.71
57.26	440.455
57.1489	441.182
57.0367	441.889
56.9145	442.573
56.7875	443.238
56.6568	443.875
56.5323	444.488
56.4196	445.076
56.3239	445.645
56.2445	446.192
56.1864	446.732
56.1487	447.27
56.1296	447.763
56.3735	448.149
56.6161	448.531
56.8575	448.909
57.0964	449.281
57.3335	449.65
57.5666	450.009
57.7977	450.368
58.0256	450.723
58.2483	451.068
58.4693	451.417
58.6832	451.752
58.8936	452.086
59.1	452.419
59.3008	452.746
59.4975	453.073
59.6939	453.396
60.0519	453.493
60.4355	453.673
60.8295	453.823
61.2321	453.864
61.6684	453.954
62.1176	454.031
62.5752	454.072
63.0551	454.137
63.5558	454.181
64.0756	454.194
64.613	454.21
65.1653	454.224
65.7299	454.238
66.3169	454.261
66.9188	454.289
67.5362	454.32
68.1686	454.349
68.8151	454.38
69.4819	454.414
70.1649	454.448
70.8618	454.481
71.5684	454.518
72.2875	454.553
73.0249	454.594
73.7832	454.637
74.5618	454.689
75.3557	454.74
76.1587	454.79
76.9738	454.843
77.8042	454.893
78.6468	454.943
79.4997	454.994
80.359	455.052
81.2259	455.116
82.1039	455.178
83.0024	455.239
83.9168	455.302
84.8388	455.363
85.7709	455.413
86.702	455.457
87.6354	455.498
88.577	455.537
89.5263	455.578
90.4832	455.63
91.4455	455.682
92.4124	455.734
93.3841	455.787
94.36	455.844
95.3286	455.895
96.3009	455.948
97.2737	456.002
98.2499	456.054
99.2281	456.109
100.205	456.167
101.184	456.224
102.159	456.282
103.127	456.34
104.093	456.393
105.06	456.44
106.028	456.486
106.999	456.526
107.968	456.565
108.938	456.608
109.897	456.654
110.853	456.704
111.801	456.761
112.75	456.817
113.704	456.863
114.663	456.917
115.61	456.966
116.547	457.007
117.476	457.05
118.4	457.099
119.319	457.152
120.236	457.205
121.146	457.259
122.057	457.322
122.966	457.386
123.876	457.448
124.783	457.515
125.683	457.59
126.584	457.666
127.476	457.758
128.361	457.861
129.242	457.973
130.119	458.091
130.997	458.22
131.877	458.36
132.753	458.504
133.618	458.653
134.472	458.811
135.326	458.977
136.184	459.149
137.048	459.328
137.905	459.512
138.748	459.708
139.579	459.909
140.409	460.113
141.246	460.327
142.082	460.548
142.912	460.772
143.73	461.005
144.536	461.24
145.34	461.49
146.139	461.755
146.935	462.036
147.735	462.318
148.533	462.601
149.324	462.891
150.103	463.192
150.875	463.494
151.645	463.79
152.414	464.103
153.185	464.427
153.954	464.746
154.717	465.065
155.466	465.39
156.216	465.719
156.963	466.056
157.707	466.401
158.442	466.755
159.169	467.112
159.891	467.475
160.611	467.844
161.323	468.218
162.027	468.597
162.721	468.976
163.407	469.353
164.086	469.74
164.765	470.136
165.441	470.534
166.113	470.938
166.772	471.336
167.41	471.732
168.03	472.13
168.632	472.526
169.22	472.92
169.79	473.312
170.346	473.697
170.884	474.075
171.406	474.442
171.909	474.797
172.393	475.137
172.855	475.469
173.303	475.783
173.735	476.082
174.154	476.36
174.556	476.625
174.942	476.861
175.306	477.079
175.657	477.274
175.991	477.453
176.329	477.623
176.667	477.791
177.002	477.938
177.35	478.091
177.694	478.199
178.056	478.31
178.419	478.406
178.769	478.445
179.128	478.505
179.483	478.558
179.82	478.56
180.182	478.591
180.532	478.546
180.911	478.532
181.298	478.495
181.665	478.385
182.069	478.324
182.475	478.245
182.854	478.069
183.262	477.935
183.643	477.694
184.062	477.505
184.488	477.285
184.888	476.951
185.324	476.652
185.759	476.307
186.18	475.88
186.626	475.461
187.077	475.007
187.531	474.511
188.002	474.002
188.479	473.464
188.961	472.901
189.455	472.317
189.954	471.704
190.462	471.065
190.983	470.404
191.519	469.725
192.064	469.033
192.628	468.328
193.208	467.608
193.802	466.867
194.408	466.101
195.017	465.321
195.63	464.532
196.245	463.736
196.864	462.933
197.482	462.129
198.105	461.326
198.729	460.523
199.356	459.723
199.985	458.921
200.614	458.121
201.244	457.324
201.877	456.528
202.511	455.73
203.145	454.936
203.78	454.144
204.411	453.358
205.047	452.572
205.685	451.785
206.322	451.001
206.956	450.219
207.588	449.44
208.222	448.665
208.854	447.89
209.486	447.114
210.114	446.338
210.739	445.561
211.359	444.786
211.976	444.014
212.595	443.243
213.215	442.474
213.836	441.707
214.456	440.94
215.07	440.181
215.684	439.421
216.302	438.665
216.925	437.908
217.556	437.143
218.193	436.375
218.83	435.603
219.471	434.824
220.122	434.035
220.784	433.242
221.451	432.447
222.119	431.647
222.79	430.84
223.467	430.017
224.14	429.213
224.814	428.408
225.487	427.604
226.16	426.799
226.833	425.995
227.506	425.192
228.18	424.387
228.853	423.583
229.526	422.779
230.199	421.975
230.872	421.172
231.545	420.367
232.219	419.563
232.892	418.759
233.564	417.955
234.238	417.151
234.911	416.347
235.559	415.588
236.197	414.84
236.823	414.108
237.437	413.389
238.006	412.722
238.394	412.114
238.78	411.507
239.166	410.902
239.552	410.296
239.938	409.691
240.324	409.086
240.709	408.481
241.095	407.877
241.48	407.274
241.866	406.671
242.251	406.068
242.637	405.466
243.023	404.864
243.408	404.262
243.776	403.579
243.966	403.113
244.011	402.484
244.073	401.962
244.092	401.452
244.001	400.839
243.935	400.344
243.761	399.752
243.617	399.284
243.431	398.825
243.15	398.275
242.89	397.829
242.596	397.385
242.227	396.885
241.874	396.462
241.492	396.047
241.061	395.6
240.631	395.202
240.169	394.784
239.706	394.403
239.222	394.034
238.707	393.644
238.175	393.295
237.619	392.958
237.025	392.611
236.419	392.301
235.793	391.995
235.132	391.686
234.459	391.404
233.765	391.139
233.042	390.876
232.297	390.642
231.527	390.408
230.737	390.193
229.928	389.983
229.102	389.773
228.259	389.577
227.393	389.39
226.503	389.204
225.596	389.044
224.669	388.898
223.726	388.759
222.77	388.628
221.793	388.499
220.798	388.373
219.783	388.243
218.753	388.11
217.711	387.983
216.66	387.854
215.599	387.729
214.531	387.607
213.454	387.488
212.374	387.365
211.282	387.245
210.187	387.13
209.09	387.017
207.99	386.907
206.882	386.8
205.769	386.697
204.658	386.596
203.539	386.496
202.413	386.399
201.287	386.304
200.166	386.209
199.046	386.12
197.919	386.031
196.796	385.947
195.674	385.867
194.556	385.786
193.429	385.707
192.318	385.628
191.207	385.555
190.099	385.485
188.993	385.42
187.886	385.358
186.786	385.301
185.69	385.244
184.599	385.188
183.511	385.134
182.429	385.082
181.348	385.029
180.27	384.982
179.191	384.93
178.125	384.88
177.061	384.829
175.998	384.781
174.94	384.732
173.885	384.687
172.834	384.647
171.787	384.605
170.742	384.564
169.703	384.519
168.667	384.479
167.64	384.439
166.621	384.406
165.61	384.376
164.609	384.347
163.624	384.322
162.652	384.301
161.695	384.281
160.759	384.264
159.842	384.253
158.947	384.247
158.069	384.244
157.213	384.244
156.376	384.247
155.559	384.244
154.757	384.238
153.975	384.224
153.213	384.205
152.465	384.177
151.742	384.141
151.034	384.091
150.35	384.033
149.693	383.966
149.059	383.873
148.463	383.775
147.906	383.67
147.361	383.501
146.862	383.343
146.391	383.165
145.917	382.883
145.493	382.652
145.093	382.402
144.683	382.019
144.343	381.71
144.04	381.374
143.726	380.925
143.476	380.549
143.257	380.157
143.04	379.65
142.886	379.215
142.75	378.76
142.611	378.231
142.513	377.743
142.421	377.205
142.362	376.683
142.318	376.137
142.272	375.563
142.23	374.989
142.188	374.396
142.162	373.798
142.15	373.19
142.147	372.567
142.14	371.932
142.13	371.279
142.123	370.607
142.121	369.919
142.119	369.215
142.118	368.495
142.115	367.76
142.118	367.008
142.131	366.234
142.153	365.442
142.177	364.637
142.204	363.815
142.238	362.972
142.27	362.11
142.299	361.231
142.334	360.329
142.373	359.412
142.415	358.475
142.469	357.522
142.527	356.55
142.583	355.558
142.639	354.557
142.692	353.552
142.74	352.539
142.787	351.511
142.836	350.477
142.892	349.439
142.952	348.393
143.009	347.339
143.065	346.281
143.117	345.222
143.169	344.158
143.227	343.091
143.288	342.025
143.356	340.955
143.425	339.887
143.492	338.826
143.556	337.764
143.616	336.7
143.673	335.627
143.733	334.564
143.796	333.502
143.864	332.446
143.935	331.394
144.006	330.337
144.083	329.269
144.158	328.198
144.23	327.131
144.292	326.062
144.357	324.983
144.419	323.896
144.478	322.795
144.534	321.695
144.587	320.591
144.642	319.48
144.698	318.364
144.755	317.239
144.815	316.11
144.879	314.97
144.942	313.833
145.015	312.678
145.082	311.522
145.157	310.363
145.231	309.198
145.302	308.032
145.369	306.861
145.436	305.689
145.504	304.508
145.57	303.322
145.64	302.145
145.708	300.964
145.78	299.781
145.849	298.595
145.924	297.409
145.996	296.224
146.074	295.046
146.153	293.883
146.233	292.724
146.312	291.558
146.39	290.39
146.466	289.221
146.544	288.056
146.614	286.9
146.685	285.746
146.756	284.591
146.826	283.435
146.894	282.281
146.963	281.138
147.033	279.994
147.104	278.834
147.177	277.683
147.245	276.533
147.309	275.38
147.372	274.247
147.423	273.126
147.469	272.015
147.524	270.899
147.583	269.77
147.644	268.64
147.704	267.514
147.765	266.399
147.828	265.287
147.89	264.189
147.955	263.099
148.019	262.011
148.08	260.928
148.136	259.853
148.192	258.776
148.247	257.705
148.304	256.632
148.363	255.568
148.422	254.524
148.484	253.495
148.543	252.485
148.595	251.487
148.646	250.506
148.699	249.53
148.751	248.564
148.803	247.62
148.855	246.697
148.907	245.803
148.957	244.924
149.012	244.06
149.071	243.207
149.121	242.376
149.178	241.565
149.24	240.773
149.3	239.994
149.354	239.241
149.41	238.516
149.468	237.816
149.518	237.141
149.573	236.486
149.628	235.85
149.688	235.241
149.74	234.654
149.788	234.085
149.832	233.537
149.863	233.008
149.888	232.499
149.906	232.005
149.905	231.523
149.887	231.066
149.839	230.62
149.789	230.194
149.729	229.774
149.635	229.344
149.527	228.941
149.399	228.552
149.241	228.15
149.087	227.779
148.906	227.392
148.716	227.04
148.509	226.698
148.257	226.335
148.001	226.008
147.698	225.657
147.397	225.347
147.076	225.049
146.703	224.73
146.332	224.463
145.938	224.217
145.503	223.949
145.055	223.732
144.564	223.496
144.068	223.311
143.557	223.139
143.011	222.964
142.464	222.822
141.904	222.69
141.317	222.569
140.72	222.478
140.095	222.406
139.454	222.334
138.794	222.275
138.123	222.218
137.425	222.166
136.708	222.122
135.968	222.086
135.206	222.05
134.423	222.01
133.621	221.981
132.804	221.962
131.985	221.945
131.137	221.93
130.267	221.919
129.368	221.901
128.45	221.891
127.509	221.882
126.551	221.87
125.589	221.86
124.623	221.854
123.649	221.85
122.659	221.839
121.664	221.83
120.664	221.813
119.665	221.79
118.657	221.763
117.647	221.737
116.644	221.712
115.642	221.685
114.635	221.657
113.626	221.625
112.627	221.57
111.631	221.514
110.649	221.433
109.674	221.356
108.702	221.282
107.727	221.226
106.755	221.167
105.773	221.097
104.79	221.039
103.816	220.977
102.852	220.918
101.893	220.868
100.934	220.823
99.978	220.767
99.0262	220.713
98.0755	220.656
97.1319	220.597
96.193	220.537
95.253	220.488
94.3241	220.431
93.3962	220.386
92.4869	220.345
91.5938	220.307
90.7287	220.262
89.8754	220.223
89.0479	220.183
88.234	220.149
87.4584	220.103
86.7147	220.042
85.998	219.986
85.3089	219.94
84.6474	219.898
84.0152	219.855
83.4047	219.815
82.8486	219.783
82.322	219.741
81.8115	219.719
81.325	219.699
80.8514	219.692
80.3866	219.682
79.9274	219.693
79.4669	219.724
79.0037	219.767
78.5505	219.837
78.0942	219.912
77.6607	220.008
77.2274	220.124
76.7946	220.239
76.3716	220.406
75.9566	220.585
75.5462	220.758
75.1559	220.96
74.7603	221.161
74.3826	221.429
74.011	221.726
73.6311	222.017
73.269	222.355
72.9235	222.716
72.5837	223.065
72.2719	223.461
71.9789	223.872
71.6787	224.31
71.4238	224.791
71.1845	225.267
70.9708	225.771
70.7648	226.272
70.5597	226.755
70.3856	227.236
70.2383	227.726
70.1064	228.212
69.9868	228.711
69.877	229.218
69.7803	229.717
69.7166	230.235
69.6618	230.754
69.6111	231.274
69.5662	231.806
69.5331	232.343
69.5073	232.885
69.4779	233.426
69.4433	233.967
69.4137	234.509
69.3964	235.056
69.3788	235.601
69.3439	236.145
69.2919	236.69
69.2301	237.232
69.1653	237.775
69.0847	238.317
68.9787	238.848
68.8506	239.377
68.7077	239.898
68.5751	240.383
68.411	240.827
68.2168	241.289
67.9883	241.693
67.7274	242.111
67.4447	242.497
67.1254	242.831
66.8031	243.183
66.4592	243.534
66.0863	243.807
65.7018	244.108
65.2972	244.371
64.8695	244.556
64.4483	244.782
64.0181	244.987
63.5556	245.12
63.0808	245.26
62.5892	245.366
62.0837	245.413
61.5808	245.475
61.0668	245.503
60.5478	245.534
60.0219	245.545
59.4832	245.534
58.9358	245.52
58.3736	245.501
57.7829	245.462
57.1764	245.424
56.5578	245.388
55.9158	245.343
55.2574	245.305
54.5757	245.268
53.8773	245.234
53.1595	245.201
52.4223	245.172
51.6648	245.141
50.8866	245.111
50.0879	245.082
49.2687	245.059
48.4344	245.035
47.5816	245.009
46.7097	244.986
45.8201	244.964
44.919	244.938
44.0053	244.907
43.0693	244.864
42.1228	244.817
41.1579	244.772
40.1721	244.724
39.1647	244.672
38.1373	244.62
37.1026	244.568
36.0571	244.511
34.9976	244.45
33.9241	244.386
32.8401	244.318
31.7552	244.248
30.6763	244.184
29.5954	244.119
28.5157	244.057
27.4385	243.994
26.356	243.939
25.2799	243.891
24.2086	243.837
23.1363	243.778
22.0641	243.719
20.9935	243.649
19.9239	243.575
18.8694	243.497
17.8163	243.416
16.7717	243.334
15.7292	243.251
14.6927	243.168
13.6619	243.083
12.6468	242.995
11.646	242.908
10.6664	242.818
9.69718	242.729
8.74917	242.642
7.81475	242.555
6.90497	242.474
6.01131	242.398
5.13929	242.325
4.29605	242.252
3.47452	242.182
2.67985	242.119
1.91013	242.055
1.16829	241.993
0.450309	241.931
-0.236394	241.874
-0.898771	241.821
-1.52897	241.776
-2.12728	241.734
-2.69652	241.698
-3.22882	241.671
-3.72838	241.652
-4.19056	241.64
-4.6183	241.633
-5.01516	241.628
-5.38651	241.63
-5.72763	241.636
-6.04276	241.646
-6.32693	241.66
-6.59491	241.676
-6.84525	241.693
-7.08257	241.712
-7.31606	241.737
-7.5446	241.762
-7.77466	241.793
-7.99983	241.825
-8.22585	241.868
-8.4477	241.92
-8.66843	241.972
-8.8842	242.031
-9.09555	242.094
-9.31047	242.16
-9.53687	242.253
-9.7801	242.354
-10.0403	242.49
-10.3163	242.646
-10.604	242.793
-10.9006	242.987
-11.201	243.207
-11.4983	243.42
-11.7888	243.697
-12.0709	243.958
-12.3443	244.28
-12.6057	244.63
-12.8564	244.955
-13.0996	245.362
-13.3252	245.805
-13.5269	246.227
-13.7108	246.731
-13.8761	247.212
-14.0234	247.763
-14.1523	248.337
-14.2623	248.904
-14.3484	249.535
-14.412	250.184
-14.4567	250.843
-14.4879	251.537
-14.512	252.255
-14.5343	252.994
-14.5549	253.758
-14.5752	254.544
-14.597	255.35
-14.6199	256.182
-14.6441	257.034
-14.6671	257.911
-14.6882	258.805
-14.7105	259.718
-14.736	260.65
-14.767	261.601
-14.8075	262.576
-14.8495	263.576
-14.8939	264.608
-14.9291	265.663
-14.9575	266.73
-14.9877	267.808
-15.0208	268.902
-15.0596	270.016
-15.0987	271.154
-15.1431	272.307
-15.1827	273.477
-15.2242	274.654
-15.2614	275.831
-15.3032	277.021
-15.3458	278.22
-15.3914	279.433
-15.4402	280.659
-15.491	281.892
-15.5418	283.129
-15.5906	284.352
-15.6457	285.583
-15.7031	286.824
-15.7645	288.068
-15.8256	289.317
-15.8874	290.566
-15.9468	291.812
-15.9994	293.055
-16.0525	294.302
-16.0999	295.543
-16.1486	296.791
-16.2039	298.052
-16.2601	299.308
-16.3153	300.57
-16.3706	301.837
-16.4253	303.106
-16.4803	304.37
-16.5346	305.63
-16.5901	306.893
-16.6472	308.161
-16.7025	309.431
-16.7567	310.706
-16.8065	311.981
-16.8585	313.259
-16.9103	314.536
-16.9636	315.816
-17.0143	317.094
-17.0622	318.372
-17.1089	319.643
-17.16	320.915
-17.2117	322.183
-17.2593	323.453
-17.311	324.726
-17.3596	325.996
-17.4087	327.263
-17.458	328.526
-17.5032	329.778
-17.5519	331.035
-17.6011	332.286
-17.653	333.538
-17.703	334.789
-17.7529	336.036
-17.8035	337.274
-17.8533	338.502
-17.9072	339.719
-17.9655	340.928
-18.0252	342.124
-18.082	343.305
-18.139	344.467
-18.1934	345.606
-18.2488	346.727
-18.3096	347.827
-18.3735	348.918
-18.4374	349.998
-18.4984	351.069
-18.5583	352.122
-18.61	353.159
-18.6578	354.178
-18.701	355.18
-18.7433	356.16
-18.7793	357.114
-18.8166	358.052
-18.8445	358.967
-18.8702	359.864
-18.8963	360.737
-18.9208	361.583
-18.9462	362.402
-18.964	363.194
-18.9779	363.964
-18.9909	364.711
-19.0085	365.435
-19.0282	366.123
-19.0506	366.784
-19.0761	367.416
-19.1098	368.019
-19.1508	368.6
-19.1907	369.163
-19.235	369.713
-19.2886	370.233
-19.3672	370.756
-19.4693	371.274
-19.6008	371.746
-19.7647	372.244
-19.9593	372.738
-20.1811	373.134
-20.4415	373.589
-20.7379	374.033
-21.0462	374.353
-21.3878	374.742
-21.7485	375.114
-22.1278	375.354
-22.5484	375.665
-22.9994	375.954
-23.457	376.098
-23.9336	376.335
-24.4326	376.529
-24.9345	376.557
-25.4641	376.658
-25.9991	376.64
-26.555	376.67
-27.1276	376.658
-27.7008	376.581
-28.2768	376.522
-28.8523	376.43
-29.4455	376.334
-30.0563	376.232
-30.6848	376.116
-31.324	376.002
-31.976	375.882
-32.6382	375.767
-33.3276	375.652
-34.0416	375.539
-34.7831	375.42
-35.5352	375.299
-36.3124	375.175
-37.1042	375.053
-37.9134	374.928
-38.7407	374.815
-39.59	374.707
-40.4614	374.606
-41.3495	374.514
-42.2518	374.429
-43.1649	374.342
-44.0978	374.261
-45.0526	374.186
-46.0267	374.108
-47.0114	374.041
-48.0089	373.964
-49.0185	373.894
-50.0401	373.824
-51.0767	373.755
-52.1251	373.686
-53.1857	373.619
-54.2531	373.554
-55.3281	373.487
-56.4063	373.422
-57.4889	373.362
-58.5712	373.306
-59.6534	373.251
-60.7458	373.197
-61.8444	373.141
-62.9431	373.084
-64.034	373.023
-65.1295	372.964
-66.2196	372.909
-67.3081	372.85
-68.3994	372.792
-69.4869	372.732
-70.5694	372.669
-71.6481	372.602
-72.7261	372.533
-73.8059	372.466
-74.8798	372.403
-75.95	372.349
-77.0165	372.296
-78.0757	372.247
-79.1324	372.199
-80.1845	372.157
-81.2344	372.12
-82.2767	372.086
-83.3066	372.06
-84.3221	372.038
-85.3184	372.021
-86.2944	372.01
-87.257	372.003
-88.2029	371.999
-89.1269	371.996
-90.0363	371.993
-90.9274	371.99
-91.8107	371.985
-92.6853	371.98
-93.5555	371.975
-94.4319	371.962
-95.3032	371.935
-96.1693	371.894
-97.0269	371.84
-97.8792	371.776
-98.7352	371.699
-99.5941	371.606
-100.461	371.507
-101.336	371.406
-102.216	371.302
-103.109	371.194
-104.006	371.09
-104.912	370.992
-105.833	370.893
-106.771	370.792
-107.738	370.685
-108.707	370.584
-109.682	370.478
-110.668	370.388
-111.689	370.303
-112.739	370.228
-113.797	370.165
-114.862	370.101
-115.932	370.036
-117.036	369.963
-118.16	369.889
-119.287	369.829
-120.413	369.784
-121.556	369.752
-122.73	369.725
-123.918	369.702
-125.106	369.683
-126.289	369.671
-127.471	369.664
-128.656	369.662
-129.84	369.662
-131.028	369.659
-132.213	369.655
-133.386	369.651
-134.554	369.648
-135.72	369.646
-136.894	369.634
-138.071	369.609
-139.237	369.568
-140.398	369.514
-141.554	369.456
-142.708	369.399
-143.862	369.341
-145.023	369.286
-146.179	369.229
-147.328	369.166
-148.466	369.099
-149.596	369.032
-150.737	368.971
-151.882	368.908
-153.03	368.847
-154.159	368.782
-155.288	368.708
-156.414	368.626
-157.534	368.539
-158.648	368.452
-159.756	368.368
-160.863	368.282
-161.977	368.197
-163.085	368.113
-164.186	368.025
-165.272	367.935
-166.351	367.84
-167.433	367.749
-168.513	367.658
-169.584	367.574
-170.642	367.488
-171.7	367.404
-172.773	367.32
-173.841	367.227
-174.899	367.137
-175.958	367.044
-177.024	366.951
-178.097	366.867
-179.172	366.794
-180.244	366.73
-181.316	366.674
-182.395	366.625
-183.474	366.581
-184.556	366.543
-185.648	366.504
-186.745	366.472
-187.839	366.436
-188.934	366.404
-190.034	366.367
-191.14	366.328
-192.245	366.286
-193.355	366.25
-194.469	366.223
-195.59	366.201
-196.717	366.189
-197.846	366.18
-198.982	366.179
-200.121	366.183
-201.26	366.188
-202.4	366.193
-203.541	366.2
-204.683	366.206
-205.822	366.215
-206.953	366.228
-208.086	366.247
-209.221	366.266
-210.348	366.286
-211.471	366.31
-212.59	366.336
-213.706	366.366
-214.818	366.402
-215.92	366.44
-217.01	366.482
-218.081	366.53
-219.137	366.588
-220.18	366.654
-221.202	366.727
-222.204	366.801
-223.191	366.879
-224.168	366.957
-225.144	367.036
-226.097	367.115
-227.02	367.192
-227.921	367.27
-228.815	367.345
-229.701	367.421
-230.56	367.5
-231.386	367.584
-232.184	367.673
-232.963	367.777
-233.713	367.888
-234.428	368.003
-235.114	368.132
-235.782	368.276
-236.438	368.424
-237.07	368.581
-237.675	368.738
-238.259	368.9
-238.823	369.056
-239.369	369.206
-239.901	369.352
-240.419	369.488
-240.924	369.618
-241.411	369.738
-241.887	369.846
-242.344	369.947
-242.783	370.038
-243.204	370.123
-243.618	370.201
-244.035	370.267
-244.445	370.305
-244.859	370.341
-245.271	370.366
-245.674	370.379
-246.077	370.392
-246.478	370.396
-246.872	370.388
-247.268	370.38
-247.666	370.365
-248.075	370.349
-248.494	370.334
-248.92	370.322
-249.349	370.314
-249.784	370.307
-250.217	370.302
-250.649	370.3
-251.079	370.299
-251.507	370.309
-251.934	370.328
-252.358	370.35
-252.784	370.379
-253.209	370.407
-253.632	370.437
-254.052	370.477
-254.458	370.526
-254.851	370.582
-255.23	370.636
-255.594	370.683
-255.941	370.73
-256.269	370.781
-256.592	370.836
-256.916	370.896
-257.24	370.949
-257.56	370.992
-257.88	371.027
-258.2	371.054
-258.51	371.064
-258.825	371.075
-259.142	371.079
-259.454	371.057
-259.79	371.037
-260.14	371.003
-260.483	370.927
-260.854	370.865
-261.205	370.75
-261.591	370.649
-261.981	370.526
-262.344	370.325
-262.744	370.151
-263.15	369.955
-263.512	369.671
-263.925	369.415
-264.334	369.129
-264.683	368.735
-265.073	368.376
-265.453	367.984
-265.771	367.489
-266.122	367.028
-266.451	366.525
-266.72	365.937
-267.008	365.363
-267.252	364.724
-267.508	364.087
-267.747	363.423
-267.95	362.709
-268.15	361.994
-268.341	361.256
-268.507	360.485
-268.667	359.697
-268.809	358.87
-268.942	358.027
-269.051	357.154
-269.143	356.261
-269.22	355.349
-269.289	354.416
-269.364	353.46
-269.449	352.477
-269.539	351.474
-269.628	350.451
-269.718	349.407
-269.805	348.348
-269.898	347.269
-269.986	346.178
-270.078	345.073
-270.167	343.959
-270.258	342.841
-270.346	341.709
-270.432	340.565
-270.518	339.409
-270.599	338.24
-270.68	337.052
-270.755	335.851
-270.829	334.652
-270.895	333.462
-270.955	332.279
-271.009	331.095
-271.056	329.902
-271.101	328.7
-271.144	327.501
-271.176	326.314
-271.205	325.126
-271.232	323.945
-271.251	322.762
-271.268	321.587
-271.276	320.412
-271.281	319.239
-271.275	318.07
-271.264	316.906
-271.249	315.743
-271.223	314.582
-271.191	313.423
-271.156	312.268
-271.12	311.121
-271.077	309.971
-271.031	308.826
-270.978	307.684
-270.919	306.545
-270.853	305.405
-270.783	304.266
-270.705	303.127
-270.621	301.99
-270.529	300.853
-270.436	299.715
-270.34	298.574
-270.242	297.429
-270.14	296.286
-270.034	295.14
-269.92	293.99
-269.799	292.84
-269.674	291.685
-269.545	290.529
-269.415	289.369
-269.28	288.206
-269.142	287.042
-268.995	285.868
-268.845	284.7
-268.688	283.528
-268.526	282.353
-268.359	281.177
-268.189	279.998
-268.012	278.815
-267.83	277.628
-267.645	276.438
-267.454	275.249
-267.26	274.057
-267.061	272.865
-266.854	271.668
-266.639	270.469
-266.416	269.268
-266.184	268.065
-265.947	266.863
-265.704	265.66
-265.454	264.456
-265.198	263.244
-264.934	262.029
-264.658	260.807
-264.374	259.581
-264.084	258.356
-263.791	257.133
-263.496	255.914
-263.199	254.695
-262.893	253.479
-262.579	252.269
-262.25	251.044
-261.918	249.841
-261.579	248.632
-261.237	247.43
-260.894	246.234
-260.544	245.038
-260.189	243.84
-259.83	242.64
-259.463	241.442
-259.094	240.246
-258.719	239.052
-258.339	237.858
-257.956	236.666
-257.568	235.48
-257.174	234.291
-256.773	233.105
-256.364	231.918
-255.948	230.73
-255.531	229.548
-255.107	228.369
-254.68	227.195
-254.248	226.028
-253.81	224.865
-253.365	223.705
-252.919	222.544
-252.473	221.386
-252.024	220.231
-251.575	219.08
-251.122	217.931
-250.667	216.782
-250.209	215.634
-249.748	214.488
-249.287	213.348
-248.823	212.212
-248.352	211.078
-247.875	209.945
-247.396	208.816
-246.912	207.687
-246.422	206.559
-245.925	205.438
-245.423	204.322
-244.917	203.208
-244.407	202.096
-243.897	200.984
-243.384	199.871
-242.865	198.762
-242.34	197.658
-241.813	196.565
-241.279	195.474
-240.739	194.389
-240.196	193.31
-239.649	192.236
-239.098	191.167
-238.542	190.099
-237.983	189.035
-237.422	187.973
-236.862	186.914
-236.299	185.859
-235.734	184.804
-235.165	183.752
-234.588	182.703
-234.013	181.661
-233.429	180.625
-232.836	179.59
-232.232	178.554
-231.622	177.522
-231.009	176.491
-230.379	175.406
-229.744	174.321
-229.112	173.246
-228.469	172.166
-227.826	171.098
-227.176	170.022
-226.519	168.96
-225.853	167.898
-225.177	166.838
-224.495	165.78
-223.81	164.723
-223.121	163.678
-222.423	162.641
-221.725	161.612
-221.022	160.583
-220.318	159.56
-219.614	158.543
-218.907	157.528
-218.195	156.519
-217.478	155.515
-216.758	154.516
-216.037	153.519
-215.317	152.528
-214.599	151.542
-213.878	150.565
-213.151	149.587
-212.419	148.613
-211.691	147.642
-210.962	146.681
-210.228	145.723
-209.488	144.771
-208.738	143.823
-207.984	142.875
-207.229	141.932
-206.472	140.985
-205.709	140.045
-204.937	139.107
-204.155	138.176
-203.368	137.253
-202.576	136.324
-201.784	135.401
-200.987	134.476
-200.181	133.553
-199.366	132.63
-198.545	131.71
-197.72	130.786
-196.891	129.862
-196.059	128.94
-195.221	128.024
-194.37	127.109
-193.51	126.197
-192.645	125.287
-191.775	124.379
-190.897	123.469
-190.013	122.562
-189.124	121.658
-188.227	120.762
-187.327	119.867
-186.413	118.972
-185.497	118.077
-184.576	117.19
-183.652	116.3
-182.724	115.415
-181.782	114.523
-180.834	113.636
-179.875	112.756
-178.909	111.882
-177.941	111.012
-176.964	110.13
-175.984	109.246
-175.005	108.364
-174.023	107.479
-173.04	106.596
-172.054	105.71
-171.063	104.83
-170.069	103.954
-169.07	103.08
-168.072	102.205
-167.07	101.323
-166.066	100.447
-165.064	99.5721
-164.066	98.6982
-163.075	97.8122
-162.094	96.9252
-161.116	96.0278
-160.138	95.1341
-159.158	94.2456
-158.179	93.3592
-157.2	92.4758
-156.222	91.5912
-155.247	90.71
-154.276	89.8309
-153.303	88.949
-152.34	88.0628
-151.375	87.1795
-150.416	86.291
-149.455	85.4004
-148.492	84.5075
-147.526	83.6167
-146.561	82.7309
-145.591	81.8473
-144.617	80.9679
-143.64	80.0894
-142.661	79.2116
-141.68	78.334
-140.702	77.457
-139.725	76.5802
-138.745	75.7019
-137.766	74.8243
-136.784	73.944
-135.803	73.0668
-134.821	72.1865
-133.841	71.3081
-132.864	70.4346
-131.887	69.5542
-130.911	68.6767
-129.933	67.7966
-128.958	66.9179
-127.985	66.0403
-127.009	65.1655
-126.036	64.2998
-125.063	63.4304
-124.094	62.5652
-123.126	61.6983
-122.157	60.8314
-121.186	59.9618
-120.217	59.096
-119.245	58.2282
-118.276	57.3582
-117.31	56.4885
-116.347	55.6177
-115.383	54.7465
-114.419	53.873
-113.456	53.0038
-112.487	52.1329
-111.511	51.2586
-110.533	50.3813
-109.563	49.5078
-108.596	48.6362
-107.626	47.7627
-106.649	46.8823
-105.672	46.003
-104.695	45.1201
-103.717	44.2406
-102.745	43.3661
-101.764	42.4873
-100.777	41.6077
-99.7851	40.7259
-98.7983	39.8416
-97.816	38.956
-96.8349	38.0695
-95.8521	37.1835
-94.8632	36.2994
-93.8733	35.4168
-92.8804	34.5324
-91.8844	33.6431
-90.8929	32.7574
-89.9029	31.8743
-88.9097	30.9898
-87.9126	30.103
-86.914	29.213
-85.9175	28.3227
-84.9213	27.4362
-83.9262	26.551
-82.9291	25.6684
-81.933	24.79
-80.937	23.913
-79.942	23.038
-78.9488	22.1656
-77.9545	21.2908
-76.9627	20.4216
-75.9745	19.5546
-74.9885	18.687
-74.0075	17.8235
-73.0276	16.9563
-72.0573	16.0914
-71.0924	15.2269
-70.1292	14.3635
-69.1699	13.5003
-68.2092	12.6345
-67.251	11.7723
-66.2997	10.9109
-65.3542	10.052
-64.4153	9.19775
-63.479	8.33949
-62.5423	7.48136
-61.6091	6.62229
-60.6798	5.77122
-59.754	4.92705
-58.8317	4.08413
-57.9151	3.2485
-57.0092	2.42219
-56.1124	1.60798
-55.2218	0.803962
-54.3401	0.00982846
-53.4694	-0.773922
-52.6112	-1.54309
-51.767	-2.29638
-50.9249	-3.04592
-50.0889	-3.78911
-49.2609	-4.52664
-48.4447	-5.25612
-47.6438	-5.97309
-46.8538	-6.6778
-46.0781	-7.36548
-45.3159	-8.03445
-44.5697	-8.68523
-43.8355	-9.31846
-43.1132	-9.93319
-42.4043	-10.5283
-41.7106	-11.1046
-41.0314	-11.6624
-40.3642	-12.1987
-39.703	-12.717
-39.0469	-13.2142
-38.3898	-13.6954
-37.7378	-14.1554
-37.0823	-14.5918
-36.4232	-15.0037
-35.7638	-15.3929
-35.0973	-15.7607
-34.4232	-16.0979
-33.7428	-16.4033
-33.0582	-16.6733
-32.3646	-16.9138
-31.6696	-17.1165
-30.9719	-17.2805
-30.2651	-17.4117
-29.5661	-17.5144
-28.8658	-17.5816
-28.1634	-17.6049
-27.4708	-17.5945
-26.785	-17.5452
-26.1106	-17.46
-25.4451	-17.337
-24.7864	-17.18
-24.1434	-16.9872
-23.5136	-16.7598
-22.8954	-16.5017
-22.297	-16.2178
-21.7131	-15.9113
-21.1519	-15.5796
-20.6046	-15.2314
-20.0675	-14.8724
-19.5362	-14.5128
-19.0089	-14.1536
-18.4779	-13.7938
-17.9524	-13.4393
-17.4272	-13.0901
-16.905	-12.7465
-16.388	-12.4064
-15.8746	-12.0693
-15.3671	-11.7394
-14.8631	-11.4175
-14.3636	-11.1069
-13.8732	-10.8092
-13.3933	-10.5221
-12.9227	-10.2426
-12.4641	-9.97285
-12.0126	-9.71214
-11.5748	-9.46682
-11.1441	-9.2312
-10.7241	-9.00595
-10.3179	-8.78875
-9.92565	-8.57709
-9.55003	-8.37838
-9.18823	-8.1931
-8.84301	-8.02343
-8.51586	-7.86436
-8.21101	-7.71674
-7.92688	-7.57808
-7.66668	-7.45127
-7.42666	-7.33542
-7.19561	-7.22548
-6.96563	-7.11644
-6.73295	-7.00438
-6.50916	-6.88227
-6.29003	-6.75499
-6.08118	-6.62441
-5.88026	-6.49625
-5.68318	-6.3657
-5.48908	-6.23397
-5.29983	-6.09482
-5.11593	-5.95142
-4.93498	-5.80227
-4.74575	-5.64473
-4.5469	-5.4744
-4.33996	-5.28522
-4.13046	-5.07384
-3.91848	-4.84122
-3.69787	-4.59291
-3.47337	-4.33412
-3.25196	-4.06313
-3.03768	-3.76929
-2.82803	-3.45695
-2.61867	-3.13204
-2.40814	-2.79091
-2.19941	-2.43021
-1.99582	-2.04175
-1.80172	-1.62517
-1.6193	-1.17714
-1.44429	-0.709844
-1.26963	-0.215074
-1.10238	0.3018
-0.94589	0.845441
-0.812186	1.41715
-0.712833	2.02044
-0.637858	2.64863
-0.577413	3.30455
-0.528936	3.99253
-0.490261	4.69745
-0.470925	5.42611
-0.463744	6.16218
-0.464139	6.92086
-0.476637	7.69449
-0.497059	8.48903
-0.531398	9.29593
-0.570738	10.1199
-0.604811	10.959
-0.624242	11.8178
-0.648451	12.6867
-0.680117	13.5692
-0.711873	14.466
-0.748385	15.3785
-0.786507	16.3073
-0.825265	17.2475
-0.860824	18.1917
-0.905012	19.1449
-0.950867	20.107
-0.998219	21.0844
-1.0504	22.0736
-1.1117	23.0815
-1.17624	24.1005
-1.24557	25.1355
-1.31896	26.1778
-1.39597	27.2247
-1.47707	28.2777
-1.55834	29.342
-1.64074	30.4209
-1.72472	31.5049
-1.80238	32.5908
-1.87932	33.6647
-1.96663	34.7424
-2.05772	35.8299
-2.15018	36.9236
-2.23825	38.0277
-2.31714	39.1346
-2.39739	40.249
-2.4815	41.3638
-2.56349	42.4791
-2.63886	43.5943
-2.71506	44.7103
-2.78251	45.8325
-2.84828	46.9626
-2.91476	48.0964
-2.98182	49.2229
-3.04137	50.357
-3.09822	51.5088
-3.1566	52.6633
-3.21265	53.8204
-3.26826	54.9768
-3.32619	56.1349
-3.38099	57.3074
-3.43758	58.484
-3.50209	59.6613
-3.56761	60.8348
-3.63703	62.0085
-3.71305	63.1937
-3.7866	64.3857
-3.85719	65.579
-3.92555	66.778
-3.9819	67.9735
-4.03686	69.1687
-4.09956	70.3664
-4.17396	71.5659
-4.25106	72.7528
-4.32303	73.9285
-4.39679	75.1065
-4.46503	76.2838
-4.52582	77.4563
-4.594	78.6237
-4.66043	79.7989
-4.72637	80.9689
-4.80083	82.1364
-4.87129	83.2943
-4.9447	84.4503
-5.0164	85.5973
-5.08674	86.7357
-5.15594	87.8681
-5.21455	89.0082
-5.27507	90.1508
-5.32954	91.2949
-5.36965	92.4355
-5.41899	93.5677
-5.47086	94.7009
-5.52401	95.8276
-5.58393	96.9615
