-0	-0
-0.00293816	0.673247
-0.016273	1.36215
-0.0280791	2.0767
-0.0468145	2.80335
-0.0664467	3.54682
-0.0917686	4.30726
-0.119526	5.082
-0.149205	5.87168
-0.181268	6.67258
-0.21743	7.48748
-0.259042	8.30504
-0.302213	9.12841
-0.342417	9.96174
-0.391132	10.7997
-0.440492	11.6521
-0.492899	12.5082
-0.547769	13.3691
-0.610153	14.241
-0.669745	15.1281
-0.727994	16.0172
-0.787888	16.913
-0.84912	17.8151
-0.913185	18.7193
-0.972834	19.6301
-1.03806	20.5587
-1.10434	21.4838
-1.17244	22.4222
-1.23458	23.3582
-1.29599	24.2925
-1.35822	25.2306
-1.42317	26.1686
-1.48514	27.112
-1.5417	28.0704
-1.60146	29.0437
-1.66114	30.0232
-1.71624	30.9957
-1.77758	31.9722
-1.84759	32.9479
-1.91622	33.9221
-1.98813	34.9176
-2.06414	35.904
-2.1393	36.9048
-2.21342	37.8876
-2.28798	38.8861
-2.37207	39.872
-2.45123	40.8659
-2.53071	41.85
-2.61379	42.8345
-2.68762	43.8248
-2.7595	44.8063
-2.83722	45.7916
-2.92309	46.7632
-3.00821	47.7258
-3.08543	48.6906
-3.16365	49.6654
-3.23867	50.6344
-3.3139	51.5916
-3.38649	52.548
-3.45979	53.5014
-3.53758	54.4479
-3.61389	55.3934
-3.69152	56.336
-3.77653	57.2788
-3.86189	58.2091
-3.94441	59.1222
-4.0291	60.0308
-4.11923	60.935
-4.20551	61.8161
-4.29087	62.7036
-4.37691	63.5647
-4.46404	64.4109
-4.55361	65.2522
-4.63231	66.07
-4.71354	66.8726
-4.8001	67.6652
-4.88457	68.4498
-4.96899	69.2212
-5.05292	69.9644
-5.13477	70.6891
-5.21284	71.3948
-5.29494	72.09
-5.37813	72.7639
-5.4545	73.4226
-5.52329	74.0601
-5.58539	74.6754
-5.64596	75.2659
-5.70952	75.8495
-5.78054	76.4199
-5.83142	76.978
-5.87576	77.5242
-5.91068	78.0531
-5.94724	78.5683
-5.97991	79.0697
-5.99896	79.5595
-5.99297	80.0421
-5.96133	80.5133
-5.91945	80.9732
-5.86302	81.4261
-5.78926	81.8721
-5.69768	82.3089
-5.58681	82.7306
-5.46	83.1353
-5.31284	83.5197
-5.14164	83.8877
-4.94914	84.238
-4.73383	84.5687
-4.49574	84.8769
-4.23953	85.1659
-3.96713	85.4403
-3.67687	85.6958
-3.3712	85.9302
-3.05361	86.1396
-2.72121	86.3259
-2.38877	86.4999
-2.05174	86.6622
-1.70688	86.8025
-1.3518	86.9156
-0.984162	87.0056
-0.618568	87.0967
-0.253289	87.1931
0.1124	87.2934
0.491106	87.3781
0.883059	87.4441
1.28547	87.4958
1.69477	87.5393
2.11488	87.5888
2.55172	87.6431
3.00593	87.6921
3.47525	87.7344
3.9561	87.7681
4.45241	87.7968
4.96252	87.8236
5.48663	87.8505
6.02856	87.8759
6.58877	87.9014
7.16745	87.925
7.76943	87.9444
8.38728	87.9634
9.0257	87.9839
9.67988	88.0029
10.3521	88.0184
11.0423	88.0369
11.7486	88.0616
12.4738	88.0885
13.2147	88.1199
13.9742	88.155
14.7404	88.1991
15.516	88.2524
16.3004	88.3127
17.0943	88.3739
17.8925	88.4343
18.6935	88.5023
19.5057	88.5637
20.3195	88.6254
21.133	88.6885
21.9509	88.7484
22.7697	88.812
23.5838	88.8741
24.3943	88.9381
25.2043	89.0027
26.015	89.0646
26.8252	89.1225
27.6354	89.1757
28.4462	89.2227
29.2517	89.2599
30.0541	89.289
30.8594	89.3093
31.6574	89.3199
32.4512	89.3232
33.2414	89.315
34.0242	89.3001
34.8038	89.2762
35.5781	89.2453
36.3455	89.2063
37.106	89.1593
37.8591	89.1061
38.5991	89.0455
39.3365	88.9788
40.0636	88.9058
40.7801	88.8298
41.4882	88.7529
42.1885	88.6791
42.874	88.6069
43.5385	88.5344
44.1883	88.4633
44.8157	88.3991
45.4289	88.3407
46.0252	88.2932
46.6006	88.256
47.1554	88.2311
47.6944	88.2148
48.2257	88.2125
48.7514	88.2265
49.273	88.2577
49.7925	88.3074
50.3111	88.3761
50.808	88.4636
51.3026	88.5757
51.7837	88.7141
52.2508	88.877
52.7064	89.065
53.1487	89.2776
53.5621	89.521
53.9443	89.7947
54.309	90.0975
54.6454	90.4219
54.9602	90.7679
55.252	91.1353
55.5162	91.5273
55.7512	91.9385
55.959	92.3663
56.1397	92.8048
56.2888	93.2448
56.4163	93.6894
56.5219	94.1412
56.6193	94.5998
56.7171	95.0657
56.8214	95.5403
56.9193	96.0224
57.0053	96.5157
57.0855	97.0193
57.1656	97.5306
57.25	98.0503
57.3455	98.5807
57.4509	99.1207
57.5598	99.6674
57.6704	100.235
57.786	100.795
57.8983	101.399
58.0341	101.982
58.1758	102.604
58.3173	103.234
58.4632	103.872
58.6128	104.514
58.7602	105.167
58.9033	105.829
59.0466	106.506
59.1971	107.203
59.3518	107.915
59.5029	108.635
59.6469	109.363
59.7888	110.1
59.9361	110.85
60.0878	111.61
60.2399	112.385
60.3937	113.171
60.5483	113.972
60.7043	114.776
60.8635	115.584
61.0164	116.39
61.1578	117.208
61.3026	118.036
61.4438	118.873
61.588	119.709
61.7414	120.548
61.9033	121.391
62.0672	122.23
62.2381	123.084
62.414	123.92
62.5869	124.76
62.7577	125.612
62.9213	126.448
63.0836	127.278
63.2528	128.108
63.4275	128.92
63.6063	129.735
63.7752	130.559
63.9487	131.399
64.12	132.235
64.2805	133.052
64.4314	133.854
64.5944	134.666
64.7607	135.472
64.9155	136.287
65.0648	137.101
65.2114	137.904
65.348	138.711
65.4797	139.513
65.6175	140.314
65.7589	141.116
65.8956	141.91
66.0335	142.705
66.1712	143.494
66.301	144.28
66.4216	145.073
66.5356	145.87
66.6477	146.684
66.7462	147.474
66.8423	148.269
66.9406	149.051
67.0349	149.85
67.125	150.658
67.192	151.475
67.25	152.284
67.3108	153.088
67.3684	153.902
67.4156	154.719
67.4518	155.543
67.4799	156.367
67.5108	157.19
67.5368	158.012
67.5586	158.831
67.5686	159.644
67.5753	160.455
67.5867	161.272
67.5917	162.093
67.5963	162.922
67.5997	163.752
67.6052	164.56
67.6177	165.373
67.619	166.181
67.5956	167.009
67.5762	167.841
67.5595	168.666
67.5392	169.502
67.5102	170.333
67.4758	171.157
67.4406	171.978
67.4086	172.806
67.3518	173.638
67.2762	174.479
67.2005	175.326
67.13	176.162
67.0556	176.992
66.9706	177.818
66.8943	178.655
66.8258	179.512
66.752	180.372
66.6716	181.218
66.5939	182.064
66.5135	182.906
66.4417	183.75
66.3718	184.597
66.2806	185.448
66.1849	186.295
66.0942	187.136
66.0064	187.973
65.9161	188.807
65.8181	189.64
65.7246	190.473
65.6298	191.306
65.5357	192.135
65.441	192.953
65.3553	193.762
65.2626	194.562
65.1684	195.363
65.0768	196.16
64.9889	196.953
64.906	197.72
64.8214	198.466
64.7346	199.196
64.6518	199.908
64.5774	200.596
64.5076	201.272
64.4405	201.94
64.3722	202.606
64.2989	203.283
64.2331	203.942
64.1797	204.594
64.1333	205.246
64.0891	205.894
64.0461	206.535
64.0089	207.185
63.9825	207.837
63.9647	208.485
63.9509	209.121
63.9286	209.76
63.9015	210.397
63.8771	211.044
63.8558	211.689
63.8329	212.335
63.7966	212.977
63.7597	213.621
63.7332	214.264
63.7149	214.913
63.6822	215.579
63.6336	216.258
63.6006	216.937
63.5731	217.616
63.5359	218.29
63.4846	218.96
63.4394	219.637
63.407	220.32
63.3724	221.017
63.3354	221.718
63.2925	222.416
63.2474	223.108
63.2056	223.794
63.1686	224.485
63.1224	225.175
63.0728	225.865
63.0246	226.556
62.9769	227.236
62.9305	227.907
62.8832	228.57
62.8334	229.231
62.7772	229.886
62.7291	230.535
62.6827	231.176
62.6331	231.794
62.5809	232.396
62.5337	232.983
62.4906	233.548
62.4412	234.092
62.3817	234.618
62.3132	235.123
62.2313	235.618
62.143	236.107
62.0388	236.583
61.9204	237.052
61.7921	237.505
61.6425	237.935
61.4673	238.354
61.2676	238.763
61.055	239.155
60.8208	239.52
60.5659	239.864
60.2982	240.183
60.0128	240.493
59.7134	240.783
59.3962	241.067
59.0573	241.337
58.7037	241.583
58.3393	241.807
57.9673	242.01
57.59	242.185
57.2077	242.35
56.8229	242.488
56.4228	242.604
55.9991	242.7
55.5593	242.77
55.1024	242.82
54.6288	242.857
54.1473	242.876
53.6559	242.88
53.1582	242.868
52.6527	242.842
52.1402	242.807
51.6131	242.764
51.0764	242.709
50.5257	242.645
49.9597	242.582
49.384	242.515
48.7863	242.445
48.1702	242.376
47.5348	242.301
46.8743	242.225
46.1923	242.155
45.4905	242.085
44.7685	242.014
44.0203	241.94
43.2498	241.861
42.4575	241.782
41.6401	241.706
40.8016	241.635
39.9491	241.559
39.0824	241.481
38.2022	241.401
37.3137	241.319
36.4171	241.241
35.5139	241.164
34.6202	241.079
33.7329	240.993
32.8472	240.91
31.9611	240.823
31.0752	240.732
30.1877	240.635
29.3092	240.537
28.4353	240.435
27.5639	240.327
26.6901	240.22
25.8213	240.113
24.9532	240
24.0907	239.887
23.2334	239.777
22.379	239.671
21.5273	239.567
20.6797	239.467
19.8324	239.371
18.993	239.278
18.1553	239.192
17.3198	239.111
16.4943	239.022
15.669	238.933
14.8423	238.855
14.0176	238.777
13.1956	238.685
12.3728	238.593
11.5627	238.497
10.7572	238.399
9.95918	238.296
9.16091	238.189
8.37017	238.076
7.57968	237.964
6.78997	237.848
6.00142	237.728
5.22119	237.604
4.44822	237.477
3.68048	237.349
2.92252	237.222
2.17574	237.097
1.43954	236.977
0.722303	236.858
0.00708806	236.739
-0.685571	236.623
-1.36489	236.514
-2.03109	236.41
-2.68554	236.312
-3.32612	236.216
-3.95243	236.128
-4.56211	236.046
-5.15952	235.969
-5.74261	235.893
-6.31248	235.821
-6.86231	235.753
-7.39839	235.695
-7.91378	235.639
-8.41206	235.586
-8.899	235.545
-9.36907	235.506
-9.82721	235.472
-10.2645	235.438
-10.6836	235.41
-11.088	235.384
-11.472	235.365
-11.8339	235.344
-12.1827	235.327
-12.5098	235.316
-12.8114	235.317
-13.0944	235.306
-13.3514	235.297
-13.5803	235.294
-13.7784	235.289
-13.9525	235.286
-14.102	235.283
-14.223	235.285
-14.3151	235.299
-14.3889	235.306
-14.452	235.31
-14.5032	235.317
-14.543	235.319
-14.5721	235.32
-14.5887	235.319
-14.5958	235.317
-14.5947	235.313
-14.5911	235.309
-14.5918	235.305
-14.5936	235.302
-14.5942	235.298
-14.5952	235.295
-14.5977	235.293
-14.6039	235.291
-14.6124	235.291
-14.626	235.291
-14.6433	235.29
-14.6652	235.288
-14.689	235.287
-14.7198	235.289
-14.7604	235.291
-14.817	235.296
-14.8907	235.303
-14.9861	235.312
-15.1001	235.328
-15.2347	235.343
-15.392	235.353
-15.5652	235.35
-15.7624	235.358
-15.9715	235.372
-16.1958	235.396
-16.4299	235.426
-16.6728	235.457
-16.9278	235.496
-17.1915	235.552
-17.4554	235.627
-17.7283	235.708
-18.0043	235.813
-18.2913	235.921
-18.5822	236.04
-18.8825	236.169
-19.1768	236.329
-19.4658	236.518
-19.7475	236.733
-20.0266	236.967
-20.3031	237.225
-20.5767	237.508
-20.8475	237.817
-21.1081	238.155
-21.3517	238.528
-21.5744	238.931
-21.7766	239.356
-21.9545	239.795
-22.1184	240.255
-22.2688	240.734
-22.4071	241.239
-22.5317	241.771
-22.6434	242.324
-22.7444	242.897
-22.8318	243.485
-22.9143	244.088
-22.9959	244.711
-23.0739	245.352
-23.151	246.008
-23.2236	246.68
-23.2931	247.367
-23.364	248.069
-23.4342	248.788
-23.5075	249.523
-23.5818	250.274
-23.6591	251.037
-23.7394	251.813
-23.8218	252.598
-23.9041	253.403
-23.9928	254.213
-24.0852	255.041
-24.1813	255.881
-24.2736	256.743
-24.3719	257.622
-24.4711	258.512
-24.5668	259.407
-24.6634	260.31
-24.762	261.226
-24.8673	262.156
-24.9793	263.101
-25.095	264.057
-25.2102	265.026
-25.3271	266.01
-25.4432	266.999
-25.5565	267.996
-25.6699	268.997
-25.7869	270.005
-25.9058	271.023
-26.0266	272.046
-26.1495	273.078
-26.2784	274.118
-26.4035	275.149
-26.5299	276.186
-26.6624	277.23
-26.799	278.278
-26.9415	279.323
-27.0838	280.368
-27.2281	281.415
-27.3724	282.46
-27.5182	283.498
-27.6619	284.527
-27.8029	285.552
-27.9425	286.571
-28.0796	287.588
-28.2178	288.601
-28.3581	289.617
-28.5025	290.626
-28.6422	291.637
-28.7818	292.641
-28.9204	293.655
-29.0569	294.672
-29.197	295.685
-29.3328	296.688
-29.4759	297.682
-29.6187	298.682
-29.7626	299.679
-29.9058	300.681
-30.0461	301.68
-30.1843	302.681
-30.3195	303.679
-30.4565	304.682
-30.5947	305.693
-30.7332	306.713
-30.8722	307.735
-31.0073	308.76
-31.147	309.792
-31.2868	310.836
-31.4222	311.888
-31.562	312.939
-31.7015	313.991
-31.8357	315.056
-31.9774	316.123
-32.1239	317.193
-32.2635	318.255
-32.4045	319.311
-32.5396	320.367
-32.674	321.416
-32.8055	322.463
-32.9387	323.511
-33.075	324.557
-33.2108	325.604
-33.3462	326.651
-33.4787	327.693
-33.6129	328.728
-33.7469	329.752
-33.8839	330.77
-34.023	331.787
-34.1592	332.799
-34.2958	333.801
-34.4326	334.8
-34.564	335.784
-34.6934	336.754
-34.8338	337.719
-34.9716	338.68
-35.1089	339.621
-35.2397	340.542
-35.3821	341.465
-35.5233	342.373
-35.6604	343.265
-35.7907	344.14
-35.9163	345.007
-36.0467	345.858
-36.1747	346.695
-36.2963	347.516
-36.4122	348.315
-36.5251	349.09
-36.6322	349.845
-36.7357	350.58
-36.8352	351.293
-36.9363	351.979
-37.0294	352.646
-37.1241	353.285
-37.2188	353.91
-37.3073	354.515
-37.385	355.106
-37.4601	355.676
-37.5304	356.221
-37.6033	356.737
-37.6832	357.229
-37.757	357.708
-37.8465	358.161
-37.9436	358.606
-38.0513	359.044
-38.1755	359.467
-38.3204	359.885
-38.4699	360.3
-38.6416	360.689
-38.8236	361.07
-39.0265	361.439
-39.2407	361.789
-39.4692	362.126
-39.7093	362.455
-39.9628	362.76
-40.222	363.046
-40.5101	363.33
-40.8096	363.615
-41.1369	363.895
-41.4898	364.167
-41.8729	364.423
-42.2875	364.656
-42.723	364.868
-43.186	365.056
-43.6789	365.202
-44.1913	365.313
-44.7123	365.397
-45.2489	365.459
-45.804	365.477
-46.3728	365.447
-46.9398	365.378
-47.5126	365.289
-48.102	365.189
-48.7034	365.075
-49.3128	364.952
-49.9251	364.828
-50.5339	364.692
-51.1417	364.556
-51.7608	364.423
-52.3982	364.293
-53.0542	364.163
-53.7257	364.029
-54.4009	363.89
-55.0877	363.746
-55.7863	363.6
-56.4978	363.453
-57.2227	363.309
-57.9657	363.167
-58.73	363.026
-59.5083	362.881
-60.3039	362.741
-61.1156	362.601
-61.9445	362.465
-62.794	362.329
-63.6554	362.189
-64.533	362.051
-65.422	361.916
-66.3104	361.784
-67.2089	361.647
-68.1123	361.507
-69.0176	361.372
-69.9341	361.238
-70.8567	361.103
-71.7833	360.966
-72.7034	360.829
-73.6184	360.685
-74.528	360.543
-75.435	360.4
-76.3389	360.26
-77.2435	360.114
-78.1459	359.97
-79.0486	359.825
-79.9446	359.674
-80.8484	359.519
-81.7491	359.358
-82.6382	359.189
-83.5271	359.02
-84.4148	358.852
-85.3015	358.69
-86.1868	358.523
-87.079	358.351
-87.9589	358.187
-88.8353	358.023
-89.7172	357.861
-90.5903	357.7
-91.4696	357.545
-92.3491	357.395
-93.2305	357.253
-94.1121	357.116
-94.988	356.982
-95.8669	356.856
-96.7367	356.732
-97.6046	356.612
-98.4721	356.497
-99.3404	356.386
-100.209	356.282
-101.069	356.178
-101.929	356.077
-102.787	355.983
-103.632	355.893
-104.461	355.807
-105.266	355.724
-106.056	355.647
-106.824	355.571
-107.582	355.503
-108.315	355.434
-109.027	355.367
-109.721	355.303
-110.386	355.235
-111.024	355.163
-111.645	355.096
-112.24	355.011
-112.84	354.93
-113.437	354.836
-114.038	354.75
-114.628	354.653
-115.212	354.553
-115.792	354.437
-116.369	354.325
-116.942	354.209
-117.518	354.092
-118.099	353.963
-118.689	353.836
-119.282	353.705
-119.881	353.571
-120.482	353.434
-121.089	353.282
-121.702	353.131
-122.327	352.983
-122.963	352.836
-123.608	352.686
-124.267	352.532
-124.94	352.37
-125.631	352.207
-126.335	352.041
-127.042	351.879
-127.752	351.718
-128.474	351.555
-129.204	351.389
-130.007	351.231
-130.806	351.067
-131.607	350.905
-132.402	350.741
-133.215	350.576
-134.047	350.407
-134.91	350.242
-135.796	350.065
-136.691	349.895
-137.584	349.732
-138.498	349.576
-139.422	349.444
-140.377	349.308
-141.37	349.185
-142.364	349.057
-143.351	348.931
-144.33	348.802
-145.308	348.68
-146.29	348.558
-147.281	348.439
-148.276	348.313
-149.281	348.187
-150.288	348.054
-151.281	347.92
-152.266	347.786
-153.243	347.652
-154.229	347.516
-155.217	347.378
-156.206	347.233
-157.18	347.082
-158.144	346.922
-159.104	346.756
-160.064	346.593
-161.024	346.435
-161.983	346.273
-162.939	346.113
-163.894	345.95
-164.844	345.782
-165.792	345.607
-166.731	345.427
-167.68	345.248
-168.618	345.07
-169.562	344.891
-170.497	344.71
-171.423	344.529
-172.353	344.348
-173.277	344.163
-174.197	343.976
-175.109	343.793
-176.025	343.609
-176.936	343.432
-177.847	343.257
-178.758	343.081
-179.663	342.91
-180.565	342.744
-181.453	342.577
-182.332	342.411
-183.194	342.248
-184.048	342.089
-184.889	341.933
-185.719	341.777
-186.533	341.63
-187.328	341.492
-188.099	341.358
-188.844	341.221
-189.586	341.093
-190.311	340.971
-191.008	340.844
-191.68	340.716
-192.324	340.59
-192.947	340.466
-193.56	340.34
-194.163	340.216
-194.755	340.091
-195.331	339.963
-195.897	339.836
-196.446	339.702
-196.98	339.559
-197.503	339.404
-198.018	339.235
-198.52	339.043
-199.014	338.833
-199.49	338.605
-199.954	338.357
-200.394	338.09
-200.815	337.801
-201.211	337.498
-201.585	337.173
-201.935	336.823
-202.261	336.447
-202.568	336.047
-202.848	335.62
-203.103	335.165
-203.327	334.685
-203.516	334.182
-203.671	333.657
-203.801	333.111
-203.909	332.552
-203.985	331.977
-204.022	331.39
-204.024	330.799
-203.997	330.199
-203.947	329.591
-203.884	328.971
-203.816	328.34
-203.74	327.706
-203.659	327.063
-203.571	326.416
-203.469	325.759
-203.351	325.093
-203.214	324.407
-203.074	323.703
-202.933	323
-202.778	322.284
-202.615	321.551
-202.45	320.807
-202.286	320.053
-202.114	319.278
-201.928	318.497
-201.731	317.706
-201.532	316.904
-201.327	316.089
-201.113	315.265
-200.896	314.434
-200.679	313.592
-200.462	312.731
-200.241	311.856
-200.017	310.974
-199.797	310.084
-199.574	309.189
-199.352	308.289
-199.134	307.38
-198.916	306.457
-198.701	305.541
-198.493	304.627
-198.283	303.718
-198.073	302.803
-197.867	301.892
-197.662	300.983
-197.46	300.071
-197.262	299.165
-197.064	298.263
-196.859	297.363
-196.654	296.46
-196.453	295.55
-196.253	294.631
-196.053	293.712
-195.861	292.788
-195.675	291.838
-195.498	290.901
-195.314	289.963
-195.124	289.017
-194.938	288.06
-194.754	287.124
-194.559	286.189
-194.367	285.261
-194.182	284.333
-193.994	283.406
-193.802	282.486
-193.61	281.564
-193.419	280.648
-193.231	279.733
-193.047	278.826
-192.866	277.914
-192.687	277
-192.511	276.096
-192.342	275.187
-192.169	274.275
-191.997	273.353
-191.824	272.432
-191.649	271.518
-191.475	270.604
-191.303	269.693
-191.125	268.777
-190.943	267.87
-190.744	266.964
-190.538	266.056
-190.332	265.137
-190.125	264.21
-189.918	263.276
-189.713	262.356
-189.516	261.447
-189.314	260.532
-189.101	259.601
-188.887	258.662
-188.67	257.724
-188.463	256.789
-188.249	255.842
-188.045	254.897
-187.845	253.956
-187.646	252.989
-187.447	252.025
-187.245	251.071
-187.043	250.122
-186.845	249.162
-186.645	248.206
-186.433	247.246
-186.215	246.277
-186.001	245.321
-185.783	244.362
-185.567	243.411
-185.348	242.46
-185.128	241.503
-184.901	240.533
-184.667	239.566
-184.428	238.591
-184.195	237.622
-183.964	236.656
-183.733	235.689
-183.495	234.714
-183.255	233.732
-183.01	232.749
-182.765	231.766
-182.522	230.804
-182.284	229.841
-182.052	228.88
-181.823	227.92
-181.594	226.962
-181.37	225.999
-181.144	225.038
-180.921	224.086
-180.699	223.137
-180.476	222.195
-180.253	221.255
-180.039	220.322
-179.826	219.392
-179.615	218.472
-179.414	217.556
-179.215	216.66
-179.008	215.778
-178.821	214.898
-178.636	214.03
-178.431	213.175
-178.233	212.328
-178.052	211.506
-177.875	210.687
-177.691	209.886
-177.519	209.091
-177.36	208.312
-177.211	207.554
-177.067	206.812
-176.927	206.091
-176.793	205.391
-176.664	204.713
-176.543	204.051
-176.428	203.41
-176.313	202.795
-176.197	202.202
-176.087	201.628
-175.978	201.072
-175.867	200.541
-175.75	200.037
-175.633	199.556
-175.516	199.101
-175.397	198.667
-175.264	198.239
-175.116	197.82
-174.95	197.416
-174.769	197.019
-174.568	196.636
-174.347	196.273
-174.105	195.928
-173.844	195.599
-173.572	195.283
-173.284	194.972
-172.975	194.661
-172.642	194.358
-172.279	194.063
-171.902	193.783
-171.497	193.508
-171.071	193.256
-170.616	193.03
-170.138	192.824
-169.635	192.642
-169.114	192.481
-168.574	192.35
-168.013	192.249
-167.439	192.184
-166.851	192.159
-166.246	192.169
-165.622	192.203
-164.983	192.256
-164.342	192.328
-163.689	192.423
-163.03	192.533
-162.355	192.658
-161.673	192.782
-160.977	192.91
-160.273	193.045
-159.568	193.18
-158.857	193.318
-158.145	193.459
-157.417	193.609
-156.674	193.763
-155.911	193.921
-155.142	194.083
-154.369	194.248
-153.593	194.412
-152.81	194.579
-152.018	194.753
-151.215	194.934
-150.408	195.122
-149.59	195.312
-148.759	195.502
-147.911	195.693
-147.057	195.888
-146.2	196.086
-145.341	196.283
-144.476	196.482
-143.606	196.691
-142.736	196.909
-141.872	197.129
-141.014	197.35
-140.152	197.581
-139.289	197.817
-138.432	198.055
-137.585	198.305
-136.739	198.556
-135.877	198.81
-135.024	199.07
-134.174	199.334
-133.331	199.592
-132.49	199.846
-131.651	200.103
-130.809	200.362
-129.975	200.623
-129.147	200.875
-128.327	201.118
-127.513	201.364
-126.71	201.598
-125.917	201.822
-125.137	202.046
-124.371	202.268
-123.625	202.484
-122.892	202.692
-122.176	202.884
-121.481	203.067
-120.803	203.241
-120.146	203.405
-119.513	203.556
-118.899	203.698
-118.297	203.833
-117.704	203.969
-117.117	204.096
-116.528	204.222
-115.939	204.348
-115.351	204.47
-114.763	204.583
-114.177	204.697
-113.6	204.81
-113.028	204.925
-112.459	205.048
-111.883	205.174
-111.317	205.294
-110.76	205.411
-110.202	205.543
-109.654	205.681
-109.111	205.832
-108.57	205.999
-108.04	206.186
-107.514	206.387
-107.002	206.598
-106.495	206.827
-105.996	207.081
-105.514	207.36
-105.042	207.66
-104.592	207.979
-104.167	208.318
-103.765	208.677
-103.385	209.06
-103.044	209.452
-102.721	209.866
-102.43	210.299
-102.15	210.745
-101.887	211.203
-101.671	211.664
-101.467	212.145
-101.293	212.634
-101.138	213.128
-101.004	213.631
-100.898	214.136
-100.821	214.636
-100.769	215.139
-100.74	215.66
-100.726	216.182
-100.727	216.703
-100.743	217.223
-100.758	217.745
-100.766	218.263
-100.767	218.776
-100.773	219.286
-100.784	219.794
-100.792	220.302
-100.784	220.805
-100.763	221.306
-100.734	221.797
-100.696	222.283
-100.649	222.755
-100.58	223.221
-100.481	223.666
-100.347	224.08
-100.202	224.463
-100.059	224.826
-99.9107	225.186
-99.7499	225.542
-99.555	225.886
-99.3174	226.199
-99.0559	226.49
-98.7912	226.766
-98.5217	227.022
-98.2392	227.259
-97.9469	227.48
-97.6473	227.695
-97.3415	227.898
-97.0222	228.095
-96.6852	228.277
-96.3265	228.448
-95.9497	228.612
-95.5619	228.769
-95.1622	228.923
-94.7487	229.077
-94.3246	229.235
-93.886	229.392
-93.4297	229.551
-92.9545	229.706
-92.4606	229.856
-91.9462	230.005
-91.4166	230.157
-90.8684	230.317
-90.3062	230.485
-89.7266	230.658
-89.132	230.836
-88.5257	231.02
-87.9034	231.206
-87.2634	231.392
-86.6096	231.583
-85.9402	231.777
-85.2548	231.974
-84.5588	232.176
-83.8437	232.379
-83.1151	232.581
-82.3819	232.786
-81.6365	232.985
-80.8856	233.187
-80.1289	233.389
-79.3586	233.59
-78.5785	233.792
-77.7904	233.999
-76.9949	234.206
-76.1918	234.415
-75.3795	234.626
-74.5624	234.839
-73.7356	235.049
-72.8994	235.26
-72.0593	235.473
-71.2166	235.687
-70.3687	235.904
-69.5211	236.127
-68.6741	236.355
-67.8318	236.586
-66.9909	236.821
-66.1483	237.056
-65.3117	237.293
-64.4776	237.529
-63.6423	237.766
-62.803	238.008
-61.9662	238.241
-61.1528	238.474
-60.3506	238.718
-59.5424	238.954
-58.7289	239.186
-57.9152	239.42
-57.103	239.66
-56.2962	239.898
-55.5023	240.125
-54.711	240.348
-53.9192	240.577
-53.126	240.812
-52.3437	241.047
-51.5637	241.279
-50.784	241.518
-50.013	241.752
-49.2491	241.989
-48.4854	242.222
-47.729	242.454
-46.9807	242.686
-46.243	242.916
-45.5169	243.143
-44.8072	243.368
-44.1149	243.591
-43.4385	243.813
-42.7728	244.029
-42.1101	244.248
-41.4513	244.46
-40.7943	244.67
-40.1424	244.882
-39.4994	245.089
-38.851	245.292
-38.2084	245.489
-37.5774	245.683
-36.9604	245.872
-36.3579	246.058
-35.7734	246.233
-35.2063	246.402
-34.6567	246.565
-34.1265	246.717
-33.6164	246.862
-33.1241	246.997
-32.649	247.122
-32.1901	247.239
-31.7428	247.345
-31.3102	247.443
-30.896	247.536
-30.4974	247.62
-30.1141	247.697
-29.744	247.769
-29.3837	247.832
-29.0386	247.885
-28.7087	247.925
-28.3983	247.953
-28.1035	247.978
-27.8261	248.001
-27.5704	248.025
-27.3365	248.045
-27.1245	248.058
-26.9369	248.064
-26.77	248.065
-26.61	248.065
-26.4493	248.06
-26.2872	248.048
-26.1278	248.039
-25.9734	248.028
-25.8162	248.015
-25.6578	248
-25.5009	247.982
-25.3428	247.962
-25.1795	247.939
-25.0044	247.91
-24.8113	247.871
-24.5995	247.821
-24.3737	247.758
-24.1343	247.68
-23.8813	247.585
-23.6124	247.472
-23.3346	247.338
-23.0459	247.196
-22.748	247.026
-22.4488	246.829
-22.1453	246.595
-21.842	246.332
-21.5425	246.043
-21.2527	245.726
-20.9706	245.386
-20.6965	245.021
-20.433	244.623
-20.1872	244.194
-19.9598	243.733
-19.7417	243.242
-19.5259	242.729
-19.3182	242.187
-19.1224	241.617
-18.9341	241.022
-18.7493	240.408
-18.5682	239.768
-18.3885	239.11
-18.2107	238.433
-18.0404	237.732
-17.8709	237.001
-17.704	236.246
-17.5322	235.474
-17.3573	234.684
-17.181	233.871
-17.001	233.042
-16.8153	232.201
-16.6224	231.342
-16.427	230.463
-16.2232	229.566
-16.0136	228.654
-15.7983	227.726
-15.5815	226.773
-15.3602	225.807
-15.1295	224.836
-14.8907	223.849
-14.6409	222.852
-14.3839	221.84
-14.1192	220.82
-13.8505	219.786
-13.5758	218.74
-13.2986	217.683
-13.0147	216.621
-12.728	215.554
-12.4345	214.478
-12.1349	213.394
-11.8302	212.304
-11.5245	211.21
-11.2162	210.113
-10.9081	209.018
-10.6012	207.913
-10.2921	206.802
-9.97911	205.686
-9.66691	204.564
-9.34834	203.44
-9.03055	202.315
-8.70931	201.185
-8.38994	200.057
-8.06995	198.92
-7.7519	197.77
-7.43534	196.607
-7.1178	195.44
-6.7997	194.266
-6.47947	193.092
-6.16213	191.908
-5.85114	190.708
-5.53349	189.5
-5.21943	188.276
-4.89742	187.075
-4.57681	185.863
-4.24825	184.644
-3.9195	183.417
-3.59007	182.19
-3.264	180.963
-2.93758	179.723
-2.61236	178.473
-2.28572	177.22
-1.95566	175.964
-1.62252	174.713
-1.28801	173.464
-0.949926	172.222
-0.609752	170.973
-0.265067	169.709
0.078789	168.447
0.425629	167.181
0.772025	165.913
1.11791	164.656
1.46783	163.395
1.81733	162.135
2.16961	160.893
2.52195	159.654
2.87249	158.413
3.22465	157.178
3.57827	155.941
3.93466	154.701
4.29028	153.469
4.64791	152.242
5.00796	151.008
5.36632	149.775
5.72337	148.548
6.08222	147.322
6.44237	146.094
6.80174	144.875
7.15879	143.668
7.51762	142.467
7.8738	141.27
8.23061	140.075
8.58371	138.889
8.93415	137.71
9.2813	136.563
9.62269	135.435
9.9583	134.319
10.2875	133.216
10.61	132.129
10.9261	131.06
11.2373	130.002
11.5401	128.965
11.8399	127.943
12.1337	126.942
12.4152	125.961
12.6901	124.996
12.9597	124.061
13.2221	123.142
13.4822	122.258
13.7319	121.389
13.9753	120.547
14.2056	119.739
14.4285	118.953
14.6446	118.184
14.8528	117.436
15.056	116.713
15.2611	116.017
15.4701	115.344
15.6878	114.7
15.9162	114.079
16.155	113.483
16.411	112.907
16.6811	112.361
16.9712	111.838
17.2752	111.349
17.5929	110.883
17.9233	110.439
18.273	110.017
18.6398	109.626
19.0254	109.257
19.4225	108.915
19.8366	108.593
20.2702	108.299
20.7089	108.03
21.1625	107.786
21.6289	107.567
22.1094	107.38
22.5999	107.231
23.1028	107.112
23.6111	107.027
24.1184	106.98
24.6243	106.961
25.1261	106.964
25.6254	106.99
26.1229	107.051
26.6272	107.127
27.1314	107.213
27.6396	107.306
28.1502	107.41
28.6623	107.525
29.1825	107.647
29.7141	107.768
30.2573	107.895
30.8105	108.031
31.3719	108.175
31.9458	108.319
32.5294	108.462
33.1276	108.604
33.7375	108.749
34.3624	108.899
35.0008	109.054
35.6583	109.212
36.3298	109.374
37.0158	109.536
37.7172	109.705
38.4314	109.885
39.1615	110.073
39.9063	110.271
40.6633	110.482
41.4273	110.711
42.2002	110.959
42.9846	111.22
43.7796	111.491
44.5786	111.773
45.3899	112.063
46.1995	112.363
47.0131	112.669
47.831	112.974
48.6466	113.276
49.463	113.573
50.2774	113.864
51.0916	114.147
51.9055	114.418
52.7194	114.679
53.5341	114.928
54.3521	115.163
55.1678	115.386
55.9855	115.596
56.8034	115.799
57.6191	115.989
58.4367	116.172
59.258	116.343
60.0792	116.508
60.9015	116.67
61.7237	116.833
62.5539	116.996
63.386	117.158
64.2282	117.329
65.08	117.5
65.9467	117.674
66.8176	117.852
67.6939	118.033
68.5729	118.218
69.4482	118.4
70.3193	118.584
71.1954	118.772
72.0664	118.954
72.9366	119.125
73.8061	119.281
74.6715	119.426
75.5428	119.548
76.4187	119.644
77.2928	119.722
78.1667	119.782
79.0355	119.82
79.9009	119.836
80.7668	119.836
81.628	119.818
82.4822	119.781
83.3435	119.74
84.2018	119.686
85.0776	119.621
85.9601	119.557
86.8404	119.487
87.7145	119.411
88.5832	119.335
89.454	119.26
90.3415	119.177
91.2363	119.105
92.1387	119.03
93.0458	118.949
93.9569	118.863
94.8643	118.769
95.777	118.663
96.6989	118.538
97.6218	118.399
98.545	118.248
99.4724	118.081
100.411	117.9
101.354	117.719
102.311	117.525
103.268	117.33
104.228	117.131
105.189	116.932
106.15	116.735
107.105	116.538
108.057	116.344
109.002	116.148
109.953	115.948
110.9	115.741
111.839	115.528
112.774	115.3
113.706	115.056
114.63	114.803
115.552	114.534
116.453	114.259
117.348	113.969
118.234	113.669
119.117	113.354
119.987	113.025
120.845	112.683
121.699	112.328
122.541	111.966
123.375	111.593
124.198	111.216
125.014	110.838
125.824	110.461
126.622	110.09
127.411	109.722
128.182	109.369
128.941	109.029
129.681	108.702
130.401	108.391
131.104	108.096
131.786	107.817
132.447	107.552
133.092	107.293
133.723	107.043
134.353	106.791
134.973	106.542
135.586	106.288
136.198	106.032
136.81	105.772
137.423	105.513
138.033	105.249
138.628	104.992
139.222	104.731
139.82	104.467
140.427	104.198
141.042	103.925
141.663	103.645
142.295	103.352
142.93	103.061
143.578	102.764
144.239	102.471
144.911	102.177
145.584	101.887
146.269	101.609
146.975	101.331
147.689	101.059
148.416	100.79
149.15	100.527
149.894	100.262
150.648	99.9946
151.416	99.7111
152.199	99.4197
152.993	99.1316
153.796	98.8371
154.602	98.531
155.42	98.2227
156.25	97.9134
157.097	97.5912
157.949	97.2632
158.809	96.9385
159.679	96.6122
160.555	96.2761
161.441	95.9296
162.331	95.5885
163.234	95.2368
164.125	94.8903
165.022	94.5467
165.913	94.2059
166.81	93.8703
167.71	93.5238
168.603	93.1752
169.491	92.8251
170.388	92.4811
171.285	92.1409
172.178	91.7949
173.066	91.4754
173.959	91.1555
174.849	90.8324
175.739	90.5114
176.632	90.1817
177.51	89.8562
178.381	89.5409
179.255	89.2091
180.121	88.8786
180.989	88.5528
181.852	88.2125
182.719	87.8772
183.591	87.5449
184.446	87.2133
185.293	86.8918
186.138	86.5717
186.987	86.252
187.815	85.944
188.631	85.63
189.431	85.3209
190.207	85.0232
190.96	84.7262
191.707	84.4229
192.441	84.122
193.165	83.8237
193.864	83.5398
194.527	83.2636
195.16	82.9899
195.775	82.7259
196.36	82.471
196.931	82.2212
197.482	81.976
198.03	81.7553
198.581	81.5487
199.132	81.3589
199.68	81.2007
200.241	81.0687
200.801	80.9823
201.365	80.9239
201.922	80.8842
202.478	80.8668
203.027	80.879
203.588	80.9196
204.154	80.9839
204.727	81.0704
205.302	81.185
205.882	81.3197
206.466	81.4675
207.053	81.6288
207.642	81.807
208.236	81.9966
208.837	82.1826
209.449	82.3703
210.069	82.5528
210.699	82.731
211.334	82.9078
211.98	83.0827
212.627	83.2566
213.272	83.4249
213.925	83.5905
214.59	83.7516
215.27	83.9112
215.96	84.0767
216.658	84.2423
217.36	84.4009
218.062	84.5547
218.77	84.7008
219.491	84.8377
220.216	84.9799
220.94	85.1383
221.673	85.3011
222.411	85.4542
223.149	85.6033
223.891	85.7657
224.638	85.9343
225.387	86.1023
226.137	86.2651
226.887	86.4288
227.643	86.585
228.389	86.7472
229.14	86.9191
229.902	87.0874
230.676	87.2472
231.439	87.4145
232.194	87.5799
232.972	87.7437
233.758	87.9092
234.549	88.0692
235.345	88.2302
236.149	88.3854
236.961	88.5409
237.781	88.7033
238.6	88.8627
239.418	89.0218
240.243	89.1822
241.068	89.3378
241.889	89.4981
242.712	89.6709
243.527	89.8473
244.354	90.0172
245.162	90.1874
245.962	90.3652
246.777	90.5463
247.597	90.727
248.428	90.907
249.252	91.0868
250.067	91.2652
250.886	91.4524
251.715	91.6313
252.556	91.8018
253.397	91.9717
254.233	92.1391
255.068	92.3058
255.903	92.4719
256.757	92.6445
257.621	92.8211
258.49	92.9979
259.357	93.1799
260.223	93.3748
261.095	93.5635
261.969	93.7436
262.849	93.9227
263.741	94.1009
264.636	94.2707
265.512	94.4421
266.384	94.6207
267.251	94.7873
268.12	94.9559
268.999	95.1412
269.867	95.3218
270.738	95.4976
271.609	95.6704
272.48	95.8481
273.346	96.0132
274.215	96.177
275.087	96.3412
275.962	96.5158
276.819	96.6896
277.676	96.8672
278.522	97.0366
279.361	97.2058
280.224	97.3898
281.065	97.5685
281.887	97.7491
282.718	97.9275
283.562	98.1096
284.383	98.2915
285.199	98.4795
286	98.657
286.8	98.829
287.584	99.0071
288.352	99.1859
289.113	99.365
289.871	99.5423
290.61	99.7137
291.331	99.8797
292.035	100.04
292.728	100.197
293.416	100.35
294.102	100.496
294.773	100.638
295.433	100.772
296.078	100.9
296.71	101.014
297.336	101.119
297.953	101.209
298.563	101.288
299.163	101.358
299.748	101.422
300.314	101.476
300.859	101.52
301.383	101.56
301.889	101.59
302.377	101.621
302.845	101.641
303.291	101.663
303.714	101.683
304.113	101.696
304.489	101.717
304.845	101.736
305.178	101.759
305.489	101.791
305.783	101.824
306.057	101.863
306.319	101.904
306.579	101.95
306.839	102.002
307.096	102.066
307.345	102.142
307.59	102.228
307.827	102.323
308.06	102.426
308.281	102.542
308.493	102.668
308.7	102.814
308.91	102.965
309.121	103.131
309.332	103.316
309.542	103.51
309.756	103.713
309.965	103.945
310.158	104.212
310.334	104.499
310.487	104.813
310.632	105.15
310.774	105.502
310.898	105.877
310.995	106.277
311.068	106.696
311.121	107.125
311.164	107.569
311.184	108.031
311.186	108.514
311.178	109.019
311.171	109.549
311.162	110.1
311.135	110.664
311.088	111.247
311.027	111.85
310.95	112.475
310.854	113.111
310.734	113.76
310.601	114.426
310.457	115.108
310.3	115.821
310.14	116.557
309.972	117.298
309.791	118.052
309.597	118.82
309.396	119.602
309.192	120.408
308.984	121.229
308.778	122.071
308.574	122.937
308.36	123.805
308.146	124.697
307.943	125.606
307.737	126.515
307.53	127.425
307.327	128.344
307.124	129.266
306.919	130.191
306.713	131.13
306.51	132.09
306.305	133.053
306.098	134.013
305.884	134.971
305.677	135.931
305.464	136.893
305.243	137.864
305.022	138.844
304.801	139.827
304.575	140.808
304.35	141.791
304.119	142.779
303.892	143.768
303.669	144.755
303.446	145.728
303.222	146.715
303	147.689
302.778	148.654
302.563	149.633
302.343	150.633
302.113	151.617
301.896	152.599
301.674	153.57
301.454	154.558
301.234	155.548
301.019	156.544
300.812	157.538
300.613	158.527
300.423	159.511
300.213	160.499
299.996	161.493
299.776	162.486
299.55	163.469
299.322	164.439
299.091	165.418
298.862	166.407
298.628	167.394
298.393	168.386
298.159	169.364
297.925	170.354
297.692	171.342
297.463	172.319
297.243	173.298
297.019	174.286
296.797	175.268
296.584	176.234
296.366	177.211
296.145	178.202
295.928	179.191
295.715	180.173
295.503	181.139
295.29	182.108
295.079	183.076
294.868	184.058
294.659	185.053
294.457	186.043
294.258	187.036
294.068	188.014
293.874	188.997
293.679	189.986
293.499	190.975
293.324	191.972
293.149	192.969
293.001	193.963
292.853	194.944
292.714	195.919
292.576	196.894
292.429	197.87
292.286	198.845
292.156	199.804
292.023	200.758
291.892	201.715
291.768	202.673
291.647	203.628
291.522	204.585
291.393	205.532
291.252	206.473
291.112	207.406
290.97	208.337
290.831	209.261
290.689	210.189
290.547	211.115
290.412	212.04
290.281	212.947
290.143	213.84
290.007	214.708
289.871	215.569
289.74	216.425
289.612	217.273
289.49	218.105
289.378	218.931
289.278	219.737
289.194	220.53
289.118	221.301
289.048	222.065
288.98	222.812
288.919	223.545
288.864	224.246
288.812	224.919
288.765	225.569
288.731	226.204
288.698	226.825
288.667	227.434
288.649	228.021
288.642	228.588
288.631	229.14
288.609	229.683
288.588	230.222
288.568	230.761
288.551	231.303
288.521	231.846
288.471	232.388
288.404	232.923
288.33	233.451
288.246	233.971
288.138	234.482
288.006	234.988
287.842	235.487
287.658	235.985
287.439	236.473
287.198	236.952
286.927	237.417
286.631	237.87
286.303	238.308
285.946	238.726
285.562	239.13
285.149	239.511
284.702	239.866
284.226	240.192
283.727	240.488
283.209	240.753
282.669	241
282.105	241.214
281.521	241.403
280.923	241.564
280.302	241.701
279.667	241.817
279.006	241.919
278.323	242.014
277.627	242.109
276.92	242.2
276.206	242.291
275.484	242.383
274.75	242.481
274.002	242.584
273.239	242.689
272.468	242.794
271.685	242.903
270.898	243.016
270.097	243.132
269.274	243.263
268.439	243.397
267.585	243.539
266.718	243.681
265.845	243.832
264.957	243.986
264.061	244.141
263.148	244.297
262.221	244.459
261.293	244.622
260.367	244.792
259.436	244.96
258.511	245.131
257.58	245.308
256.639	245.495
255.696	245.691
254.756	245.895
253.823	246.11
252.898	246.34
251.973	246.578
251.054	246.822
250.133	247.078
249.224	247.345
248.311	247.618
247.407	247.895
246.514	248.177
245.611	248.461
244.703	248.739
243.782	249.015
242.855	249.285
241.941	249.549
241.003	249.803
240.061	250.045
239.126	250.288
238.179	250.524
237.215	250.756
236.262	250.976
235.306	251.196
234.35	251.407
233.39	251.603
232.428	251.793
231.469	251.977
230.517	252.152
229.553	252.321
228.593	252.486
227.625	252.645
226.659	252.789
225.694	252.94
224.733	253.084
223.78	253.218
222.834	253.357
221.874	253.502
220.924	253.647
219.967	253.79
219.02	253.93
218.072	254.081
217.138	254.228
216.201	254.374
215.273	254.524
214.351	254.677
213.431	254.833
212.52	254.979
211.611	255.122
210.708	255.26
209.814	255.393
208.932	255.526
208.051	255.664
207.179	255.804
206.331	255.928
205.499	256.047
204.685	256.169
203.872	256.295
203.059	256.407
202.254	256.525
201.473	256.633
200.726	256.739
199.995	256.834
199.286	256.92
198.577	257.016
197.882	257.111
197.208	257.194
196.555	257.275
195.92	257.362
195.314	257.45
194.739	257.526
194.179	257.6
193.641	257.67
193.126	257.743
192.632	257.813
192.166	257.878
191.729	257.949
191.315	258.018
190.928	258.09
190.561	258.156
190.222	258.219
189.915	258.281
189.64	258.344
189.388	258.402
189.159	258.466
188.937	258.532
188.716	258.594
188.495	258.656
188.274	258.72
188.055	258.787
187.837	258.859
187.619	258.933
187.401	259.004
187.181	259.076
186.959	259.146
186.734	259.221
186.504	259.31
186.258	259.41
185.986	259.518
185.681	259.63
185.347	259.754
184.984	259.889
184.596	260.027
184.182	260.166
183.744	260.318
183.284	260.485
182.798	260.651
182.288	260.814
181.754	260.974
181.209	261.131
180.646	261.292
180.066	261.46
179.479	261.621
178.876	261.776
178.253	261.924
177.612	262.071
176.955	262.22
176.279	262.369
175.594	262.508
174.893	262.638
174.176	262.764
173.446	262.895
172.703	263.029
171.956	263.15
171.206	263.266
170.449	263.387
169.677	263.502
168.89	263.618
168.095	263.732
167.293	263.844
166.482	263.96
165.667	264.077
164.849	264.191
164.022	264.307
163.194	264.414
162.339	264.546
161.484	264.679
160.627	264.806
159.764	264.933
158.903	265.069
158.042	265.205
157.185	265.34
156.329	265.476
155.473	265.609
154.621	265.737
153.766	265.869
152.921	266.004
152.088	266.132
151.253	266.261
150.419	266.392
149.587	266.524
148.756	266.647
147.939	266.76
147.143	266.874
146.364	266.994
145.599	267.108
144.852	267.214
144.13	267.322
143.427	267.419
142.747	267.5
142.088	267.574
141.446	267.642
140.827	267.705
140.231	267.753
139.65	267.799
139.072	267.839
138.492	267.862
137.911	267.861
137.331	267.833
136.757	267.787
136.194	267.719
135.639	267.627
135.09	267.519
134.548	267.391
134.013	267.242
133.478	267.071
132.946	266.877
132.408	266.664
131.865	266.439
131.311	266.204
130.755	265.954
130.191	265.69
129.618	265.413
129.039	265.128
128.447	264.841
127.841	264.554
127.217	264.263
126.583	263.958
125.935	263.649
125.269	263.336
124.586	263.011
123.892	262.674
123.179	262.33
122.45	261.982
121.72	261.628
120.974	261.271
120.213	260.916
119.428	260.563
118.621	260.203
117.8	259.835
116.965	259.467
116.12	259.099
115.269	258.722
114.398	258.35
113.52	257.982
112.634	257.596
111.741	257.212
110.825	256.824
109.902	256.416
108.957	256.001
108.017	255.587
107.082	255.176
106.151	254.769
105.229	254.36
104.299	253.945
103.366	253.524
102.433	253.097
101.496	252.672
100.57	252.243
99.653	251.813
98.7485	251.389
97.8499	250.971
96.9484	250.548
96.0404	250.126
95.1374	249.704
94.2407	249.288
93.3602	248.873
92.4834	248.461
91.6022	248.058
90.7259	247.658
89.8383	247.255
88.951	246.852
88.0653	246.454
87.1898	246.055
86.321	245.661
85.451	245.273
84.5851	244.885
83.7253	244.493
82.8606	244.102
82.0029	243.711
81.1557	243.316
80.3116	242.924
79.478	242.532
78.6583	242.134
77.8472	241.74
77.0443	241.349
76.2541	240.964
75.4794	240.586
74.7201	240.214
73.977	239.851
73.2537	239.497
72.5491	239.149
71.8701	238.813
71.202	238.489
70.5451	238.183
69.9041	237.89
69.2772	237.606
68.6656	237.343
68.0672	237.1
67.485	236.874
66.9106	236.667
66.3469	236.48
65.7787	236.307
65.2125	236.146
64.6461	236.005
64.0794	235.891
63.5144	235.791
62.9475	235.702
62.3815	235.647
61.8155	235.62
61.2458	235.62
60.6841	235.647
60.1175	235.722
59.5538	235.832
58.9967	235.979
58.4466	236.165
57.9164	236.39
57.4071	236.643
56.9033	236.915
56.4093	237.208
55.9333	237.543
55.4687	237.923
55.0165	238.337
54.5749	238.776
54.1524	239.237
53.7484	239.731
53.3563	240.252
52.9708	240.794
52.6159	241.351
52.2902	241.933
51.9746	242.53
51.6513	243.151
51.3295	243.788
51.0156	244.442
50.7052	245.108
50.4052	245.777
50.1169	246.459
49.8263	247.144
49.5269	247.836
49.2304	248.533
48.9413	249.234
48.6242	249.965
48.3182	250.692
48.0077	251.413
47.6873	252.153
47.3736	252.895
47.0585	253.651
46.7321	254.422
46.397	255.199
46.0542	255.979
45.7112	256.75
45.3457	257.534
44.9696	258.333
44.5981	259.126
44.2178	259.939
43.8463	260.748
43.4686	261.572
43.0824	262.412
42.6854	263.269
42.2896	264.128
41.8808	265.01
41.4777	265.893
41.072	266.785
40.6629	267.686
40.2573	268.59
39.8466	269.504
39.4185	270.441
38.9849	271.385
38.5563	272.327
38.1191	273.271
37.6852	274.223
37.2464	275.176
36.7987	276.14
36.3477	277.101
35.8982	278.056
35.4475	279.021
34.9933	279.994
34.5444	280.954
34.0925	281.926
33.6467	282.885
33.1989	283.838
32.7569	284.79
32.3085	285.738
31.8565	286.687
31.407	287.631
30.9529	288.58
30.5037	289.514
30.0573	290.448
29.6078	291.384
29.1597	292.319
28.7163	293.253
28.274	294.186
27.8332	295.119
27.3963	296.046
26.9649	296.968
26.5329	297.886
26.0991	298.81
25.6611	299.734
25.224	300.653
24.7846	301.58
24.3535	302.506
23.9364	303.414
23.5121	304.314
23.0781	305.214
22.6388	306.14
22.198	307.043
21.7522	307.94
21.3099	308.838
20.8752	309.724
20.4381	310.611
20.0005	311.486
19.5591	312.37
19.1096	313.253
18.6512	314.124
18.1908	314.99
17.7207	315.854
17.2379	316.737
16.7583	317.596
16.2822	318.448
15.792	319.306
15.2933	320.149
14.7904	320.99
14.2896	321.833
13.7951	322.681
13.3095	323.523
12.8219	324.374
12.3336	325.24
11.8572	326.109
11.3844	326.979
10.9132	327.858
10.4443	328.727
9.97852	329.604
9.52338	330.485
9.0737	331.366
8.62446	332.271
8.18244	333.175
7.75314	334.077
7.32435	334.976
6.88192	335.888
6.44596	336.797
6.00897	337.706
5.57303	338.617
5.14484	339.533
4.71779	340.453
4.28805	341.367
3.86277	342.267
3.44106	343.172
3.02242	344.073
2.599	344.987
2.1817	345.897
1.7697	346.798
1.35635	347.688
0.944091	348.577
0.537476	349.452
0.138263	350.308
-0.247972	351.155
-0.628187	352.007
-1.00458	352.839
-1.37378	353.66
-1.74582	354.468
-2.11851	355.273
-2.47656	356.061
-2.81826	356.837
-3.14728	357.604
-3.46176	358.364
-3.76556	359.111
-4.05286	359.843
-4.33277	360.552
-4.60672	361.23
-4.8699	361.892
-5.11958	362.538
-5.36172	363.17
-5.62466	363.797
-5.8781	364.418
-6.13344	365.039
-6.38021	365.664
-6.62879	366.287
-6.88706	366.907
-7.15175	367.51
-7.42269	368.097
-7.70915	368.685
-7.99627	369.267
-8.29765	369.85
-8.62102	370.436
-8.96311	371.026
-9.31297	371.622
-9.66662	372.228
-10.038	372.836
-10.4281	373.454
-10.8216	374.08
-11.209	374.737
-11.6081	375.409
-12.0172	376.091
-12.4234	376.787
-12.8145	377.502
-13.2093	378.232
-13.6125	378.965
-14.0079	379.719
-14.4067	380.501
-14.8055	381.301
-15.199	382.107
-15.5839	382.935
-15.9639	383.777
-16.3505	384.643
-16.7367	385.52
-17.1212	386.419
-17.5084	387.328
-17.8976	388.245
-18.2871	389.175
-18.6813	390.12
-19.0907	391.079
-19.5123	392.044
-19.9419	393.017
-20.3795	394.008
-20.8113	394.99
-21.2466	395.97
-21.6835	396.942
-22.1223	397.909
-22.5719	398.877
-23.0277	399.848
-23.488	400.818
-23.9467	401.782
-24.4035	402.74
-24.8601	403.695
-25.3205	404.652
-25.7831	405.602
-26.2418	406.547
-26.6996	407.495
-27.1583	408.444
-27.6116	409.392
-28.0617	410.338
-28.5092	411.28
-28.9559	412.212
-29.4056	413.135
-29.8555	414.055
-30.3002	414.981
-30.7379	415.903
-31.1723	416.827
-31.6059	417.746
-32.0333	418.655
-32.4563	419.543
-32.8757	420.414
-33.2962	421.271
-33.7084	422.116
-34.1124	422.942
-34.515	423.752
-34.9186	424.55
-35.317	425.332
-35.7211	426.094
-36.1223	426.836
-36.5185	427.56
-36.9097	428.271
-37.3036	428.969
-37.6963	429.65
-38.0817	430.313
-38.4749	430.961
-38.8626	431.593
-39.2496	432.208
-39.6317	432.798
-40.0083	433.364
-40.3795	433.905
-40.7364	434.429
-41.0701	434.934
-41.3844	435.428
-41.6759	435.914
-41.9402	436.389
-42.1842	436.865
-42.3952	437.342
-42.5681	437.816
-42.7042	438.29
-42.8056	438.759
-42.8816	439.228
-42.919	439.695
-42.9108	440.159
-42.8751	440.603
-42.818	441.038
-42.7345	441.467
-42.612	441.889
-42.4589	442.298
-42.2779	442.693
-42.07	443.073
-41.8434	443.427
-41.5973	443.759
-41.3334	444.075
-41.0561	444.379
-40.7585	444.677
-40.4435	444.951
-40.0956	445.198
-39.7246	445.425
-39.3402	445.657
-38.9402	445.896
-38.5236	446.131
-38.0831	446.357
-37.6215	446.573
-37.1435	446.787
-36.6523	447.006
-36.1482	447.232
-35.6311	447.472
-35.1013	447.724
-34.5597	447.985
-34.0031	448.25
-33.4377	448.522
-32.8542	448.805
-32.2566	449.097
-31.6489	449.395
-31.0283	449.707
-30.3948	450.026
-29.7515	450.352
-29.0908	450.691
-28.417	451.041
-27.7248	451.397
-27.0225	451.756
-26.3091	452.123
-25.5806	452.498
-24.84	452.875
-24.0893	453.259
-23.3355	453.648
-22.5818	454.043
-21.814	454.441
-21.0299	454.848
-20.2293	455.264
-19.416	455.685
-18.5887	456.099
-17.7618	456.507
-16.9355	456.916
-16.1024	457.32
-15.2584	457.738
-14.4102	458.165
-13.5667	458.591
-12.7162	459.019
-11.8592	459.455
-11.0016	459.894
-10.144	460.328
-9.2906	460.758
-8.4337	461.196
-7.57237	461.631
-6.71411	462.066
-5.85383	462.5
-4.98985	462.933
-4.12795	463.368
-3.27671	463.8
-2.42248	464.23
-1.56816	464.654
-0.708716	465.081
0.152358	465.5
1.01558	465.92
1.86538	466.344
2.70203	466.768
3.54061	467.192
4.3674	467.619
5.19692	468.043
6.03858	468.462
6.87335	468.884
7.70118	469.299
8.51801	469.703
9.34325	470.111
10.1538	470.517
10.9514	470.925
11.7529	471.336
12.5547	471.748
13.3489	472.163
14.1433	472.578
14.9406	472.993
15.7303	473.409
16.5187	473.833
17.3037	474.259
18.0777	474.693
18.835	475.139
19.5816	475.589
20.3213	476.043
21.0575	476.51
21.7963	476.988
22.5316	477.47
23.2523	477.951
23.9632	478.433
24.6721	478.923
25.3822	479.42
26.0959	479.93
26.8036	480.437
27.4883	480.947
28.1651	481.463
28.837	481.979
29.5062	482.502
30.1716	483.038
30.8318	483.577
31.4786	484.116
32.1092	484.654
32.7319	485.2
33.3433	485.752
33.9514	486.321
34.5631	486.892
35.1719	487.461
35.7754	488.038
36.3599	488.617
36.9406	489.193
37.5167	489.762
38.087	490.347
38.6548	490.945
39.2252	491.54
39.786	492.133
40.3332	492.73
40.8782	493.333
41.4148	493.936
41.9459	494.552
42.4659	495.166
42.9761	495.782
43.48	496.403
43.9764	497.023
44.4681	497.652
44.9494	498.282
45.4215	498.907
45.885	499.531
46.3413	500.162
46.7918	500.801
47.2367	501.441
47.676	502.078
48.1026	502.71
48.5155	503.337
48.9088	503.951
49.2887	504.559
49.6556	505.158
50.0101	505.75
50.3547	506.33
50.6849	506.894
51.0084	507.442
51.3183	507.972
51.6171	508.484
51.9033	508.97
52.1849	509.439
52.4606	509.887
52.7329	510.313
53.0008	510.717
53.2611	511.093
53.5129	511.437
53.7566	511.757
53.9964	512.061
54.2402	512.354
54.4825	512.639
54.7286	512.918
54.9845	513.19
55.2557	513.444
55.5362	513.682
55.8239	513.904
56.1187	514.108
56.4139	514.297
56.7082	514.475
57.0052	514.648
57.3157	514.806
57.646	514.945
57.9925	515.069
58.3554	515.173
58.7326	515.267
59.1245	515.347
59.5262	515.408
59.938	515.446
60.3582	515.456
60.7917	515.44
61.2434	515.399
61.7199	515.33
62.2095	515.224
62.7073	515.09
63.2258	514.92
63.7609	514.721
64.3149	514.497
64.8885	514.25
65.4813	513.984
66.0904	513.697
66.7168	513.392
67.3636	513.067
68.0224	512.725
68.7003	512.365
69.3943	511.988
70.1133	511.593
70.8449	511.187
71.5945	510.775
72.361	510.354
73.1485	509.921
73.9503	509.471
74.7784	509.007
75.6173	508.535
76.4655	508.057
77.3179	507.574
78.1755	507.086
79.0347	506.599
79.8997	506.114
80.7652	505.628
81.6339	505.141
82.5036	504.657
83.3745	504.176
84.2437	503.695
85.1104	503.22
85.9803	502.746
86.8492	502.273
87.7224	501.799
88.5907	501.329
89.4598	500.863
90.3312	500.397
91.1983	499.936
92.0636	499.476
92.9259	499.017
93.7843	498.561
94.6455	498.1
95.5053	497.638
96.3608	497.181
97.2151	496.721
98.071	496.258
98.9183	495.802
99.7646	495.343
100.613	494.885
101.46	494.434
102.306	493.983
103.151	493.531
103.992	493.081
104.838	492.638
105.69	492.197
106.555	491.746
107.422	491.297
108.29	490.85
109.169	490.397
110.062	489.937
110.969	489.477
111.878	489.018
112.796	488.556
113.723	488.087
114.652	487.614
115.583	487.133
116.513	486.649
117.441	486.167
118.368	485.687
119.295	485.21
120.216	484.733
121.139	484.26
122.06	483.793
122.977	483.328
123.893	482.863
124.811	482.4
125.722	481.942
126.631	481.489
127.537	481.04
128.44	480.592
129.343	480.148
130.235	479.709
131.113	479.273
131.979	478.841
132.831	478.418
133.658	478.001
134.464	477.593
135.251	477.194
136.015	476.801
136.753	476.415
137.462	476.033
138.141	475.655
138.793	475.28
139.415	474.912
140	474.546
140.555	474.173
141.074	473.797
141.56	473.411
142.019	473.013
142.446	472.597
142.84	472.165
143.207	471.715
143.545	471.241
143.848	470.744
144.112	470.234
144.332	469.722
144.506	469.194
144.638	468.656
144.727	468.11
144.774	467.563
144.776	467.019
144.743	466.468
144.676	465.903
144.57	465.338
144.43	464.775
144.255	464.213
144.059	463.668
143.841	463.121
143.596	462.575
143.334	462.028
143.05	461.481
142.743	460.935
142.411	460.389
142.049	459.846
141.662	459.309
141.25	458.774
140.809	458.242
140.339	457.711
139.845	457.182
139.327	456.657
138.782	456.135
138.21	455.618
137.609	455.104
136.985	454.589
136.338	454.072
135.675	453.553
134.995	453.033
134.297	452.51
133.575	451.988
132.829	451.466
132.051	450.949
131.253	450.44
130.441	449.935
129.613	449.428
128.769	448.917
127.902	448.402
127.019	447.876
126.127	447.347
125.216	446.822
124.299	446.284
123.371	445.754
122.438	445.213
121.502	444.676
120.558	444.135
119.606	443.594
118.651	443.056
117.69	442.517
116.723	441.98
115.75	441.441
114.775	440.905
113.798	440.373
112.809	439.835
111.816	439.299
110.82	438.763
109.825	438.23
108.833	437.701
107.836	437.174
106.835	436.653
105.839	436.137
104.842	435.621
103.848	435.107
102.854	434.596
101.86	434.088
100.866	433.587
99.8754	433.089
98.8927	432.595
97.9151	432.098
96.9408	431.605
95.9668	431.112
94.9944	430.618
94.0256	430.128
93.0557	429.639
92.0852	429.153
91.117	428.667
90.1758	428.184
89.2278	427.702
88.2798	427.223
87.3374	426.748
86.4045	426.274
85.4647	425.811
84.5304	425.348
83.6054	424.89
82.6818	424.432
81.7619	423.977
80.8384	423.527
79.9161	423.085
79.0019	422.652
78.0972	422.22
77.2088	421.796
76.3343	421.382
75.4673	420.976
74.6083	420.587
73.7748	420.201
72.9495	419.826
72.148	419.464
71.3651	419.11
70.5923	418.769
69.8439	418.429
69.1085	418.092
68.3925	417.756
67.6989	417.423
67.0246	417.089
66.376	416.753
65.754	416.414
65.1583	416.078
64.5882	415.739
64.0484	415.402
63.5413	415.064
63.0757	414.721
62.6465	414.36
62.2506	413.992
61.8884	413.608
61.5656	413.221
61.2698	412.817
61.0019	412.402
60.7749	411.97
60.5838	411.522
60.4343	411.058
60.3192	410.584
60.2368	410.101
60.192	409.613
60.1873	409.121
60.2155	408.627
60.266	408.127
60.3417	407.624
60.4419	407.119
60.568	406.612
60.7158	406.098
60.886	405.581
61.0646	405.048
61.2504	404.51
61.4421	403.963
61.6494	403.412
61.8739	402.857
62.1109	402.291
62.3492	401.709
62.5917	401.113
62.8458	400.504
63.1113	399.882
63.3826	399.246
63.6631	398.599
63.9501	397.929
64.247	397.244
64.5615	396.549
64.8926	395.838
65.2322	395.116
65.5805	394.377
65.9461	393.627
66.3162	392.857
66.6909	392.066
67.0782	391.264
67.4765	390.442
67.8855	389.61
68.3166	388.763
68.762	387.906
69.2179	387.028
69.6756	386.137
70.1282	385.247
70.5803	384.346
71.0323	383.44
71.4852	382.529
71.9497	381.614
72.421	380.695
72.8969	379.766
73.3702	378.833
73.8413	377.899
74.3131	376.96
74.7924	376.013
75.2744	375.069
75.762	374.129
76.2492	373.193
76.7358	372.265
77.2187	371.334
77.6963	370.396
78.1741	369.446
78.6541	368.504
79.1359	367.568
79.6138	366.638
80.0929	365.717
80.574	364.788
81.0533	363.85
81.5361	362.91
82.0165	361.969
82.4936	361.025
82.9725	360.076
83.4562	359.123
83.9417	358.155
84.4298	357.186
84.9149	356.214
85.4058	355.238
85.902	354.254
86.3987	353.262
86.8966	352.271
87.3991	351.272
87.9062	350.275
88.4234	349.269
88.9382	348.256
89.4592	347.239
89.9808	346.211
90.5022	345.179
91.0218	344.148
91.5454	343.117
92.072	342.079
92.5988	341.033
93.1268	339.999
93.654	338.957
94.1829	337.911
94.7145	336.864
95.249	335.817
95.7821	334.771
96.3163	333.735
96.8464	332.714
97.3778	331.699
97.9071	330.676
98.436	329.65
98.9666	328.612
99.5026	327.579
100.035	326.556
100.569	325.534
101.103	324.513
101.632	323.497
102.158	322.482
102.682	321.469
103.206	320.454
103.73	319.436
104.261	318.423
104.787	317.41
105.305	316.392
105.823	315.387
106.324	314.383
106.814	313.399
107.313	312.419
107.817	311.433
108.328	310.435
108.841	309.44
109.352	308.46
109.859	307.487
110.365	306.52
110.867	305.56
111.365	304.595
111.857	303.637
112.342	302.687
112.822	301.733
113.304	300.774
113.786	299.821
114.266	298.882
114.748	297.959
115.227	297.052
115.696	296.157
116.15	295.278
116.596	294.412
117.042	293.552
117.482	292.704
117.914	291.875
118.333	291.07
118.75	290.281
119.155	289.501
119.559	288.746
119.956	288.002
120.337	287.274
120.719	286.562
121.101	285.866
121.471	285.182
121.829	284.524
122.183	283.886
122.529	283.284
122.861	282.695
123.187	282.128
123.506	281.58
123.82	281.063
124.115	280.559
124.398	280.069
124.669	279.591
124.924	279.129
125.165	278.678
125.393	278.239
125.6	277.805
125.777	277.378
125.929	276.957
126.066	276.542
126.191	276.123
126.296	275.695
126.366	275.268
126.39	274.845
126.42	274.419
126.436	274.004
126.437	273.597
126.416	273.185
126.376	272.77
126.316	272.347
126.236	271.913
126.127	271.476
125.994	271.036
125.836	270.601
125.656	270.166
125.448	269.734
125.214	269.309
124.952	268.887
124.662	268.472
124.348	268.062
124.007	267.661
123.637	267.269
123.243	266.889
122.827	266.513
122.395	266.144
121.935	265.784
121.45	265.432
120.944	265.084
120.418	264.736
119.872	264.386
119.308	264.03
118.722	263.676
118.116	263.313
117.487	262.948
116.848	262.574
116.192	262.191
115.513	261.805
114.809	261.419
114.091	261.028
113.351	260.629
112.587	260.224
111.802	259.802
111.001	259.363
110.183	258.918
109.354	258.461
108.51	258
107.668	257.544
106.814	257.083
105.947	256.618
105.078	256.149
104.205	255.671
103.325	255.192
102.453	254.71
101.591	254.219
100.73	253.728
99.8821	253.238
99.0195	252.741
98.1599	252.243
97.3026	251.739
96.4472	251.237
95.6093	250.739
94.7672	250.24
93.936	249.746
93.1053	249.255
92.2701	248.765
91.4367	248.277
90.5773	247.787
89.7401	247.301
88.9115	246.817
88.0817	246.344
87.2541	245.868
86.4289	245.39
85.6068	244.921
84.7832	244.451
83.9693	243.976
83.1575	243.502
82.3519	243.034
81.5586	242.56
80.7756	242.092
80.0059	241.635
79.2457	241.185
78.4982	240.745
77.7676	240.314
77.0579	239.896
76.3681	239.488
75.6956	239.089
75.0535	238.703
74.4246	238.335
73.8211	237.987
73.2419	237.657
72.6835	237.342
72.1556	237.043
71.6501	236.767
71.1663	236.517
70.7038	236.28
70.2572	236.056
69.8212	235.844
69.3961	235.636
68.9718	235.436
68.5438	235.255
68.1128	235.092
67.6821	234.945
67.2521	234.81
66.8207	234.683
66.3886	234.571
65.9529	234.473
65.5183	234.4
65.0828	234.348
64.649	234.314
64.2176	234.295
63.7759	234.302
63.3188	234.343
62.8559	234.409
62.3848	234.494
61.9098	234.605
61.4414	234.745
60.9823	234.915
60.5335	235.105
60.0951	235.315
59.6643	235.547
59.2496	235.817
58.8483	236.118
58.4561	236.437
58.0702	236.763
57.6926	237.099
57.3272	237.454
56.9851	237.83
56.6557	238.22
56.3324	238.614
56.0172	239.012
55.7219	239.42
55.445	239.846
55.1732	240.282
54.9015	240.729
54.6342	241.177
54.375	241.635
54.1198	242.096
53.8631	242.553
53.6017	243.008
53.3432	243.464
53.0915	243.932
52.8405	244.395
52.5777	244.846
52.3056	245.286
52.022	245.725
51.7392	246.154
51.4474	246.572
51.1363	246.979
50.8141	247.364
50.473	247.735
50.1225	248.081
49.7607	248.402
49.3954	248.697
49.0038	248.969
48.5949	249.207
48.1726	249.42
47.7381	249.611
47.2915	249.781
46.8326	249.93
46.3562	250.052
45.8792	250.134
45.3948	250.178
44.9159	250.188
44.4274	250.185
43.945	250.153
43.4557	250.085
42.9673	249.974
42.4775	249.827
41.9896	249.652
41.5059	249.462
41.029	249.255
40.554	249.032
40.0884	248.79
39.6172	248.535
39.1386	248.264
38.6518	247.983
38.1478	247.699
37.6386	247.404
37.1105	247.094
36.5666	246.77
36.0044	246.436
35.4175	246.097
34.8039	245.754
34.1712	245.401
33.5201	245.042
32.851	244.668
32.1733	244.285
31.4745	243.889
30.7529	243.489
30.0065	243.084
29.2557	242.669
28.4977	242.242
27.7251	241.803
26.9386	241.353
26.1378	240.891
25.317	240.417
24.4975	239.93
23.6627	239.435
22.8094	238.933
21.9402	238.416
21.0576	237.891
20.1698	237.361
19.2729	236.82
18.3645	236.266
17.446	235.705
16.5206	235.138
15.5886	234.572
14.6597	234.012
13.7345	233.456
12.811	232.904
11.8868	232.354
10.958	231.804
10.0247	231.26
9.10562	230.711
8.18687	230.163
7.26465	229.61
6.35087	229.044
5.43875	228.476
4.53365	227.91
3.63473	227.346
2.74696	226.786
1.87127	226.232
1.00161	225.681
0.134817	225.131
-0.719937	224.585
-1.56181	224.047
-2.38481	223.516
-3.19927	222.996
-4.00442	222.483
-4.79425	221.976
-5.56112	221.486
-6.31527	221.007
-7.04754	220.543
-7.76477	220.09
-8.45993	219.653
-9.13966	219.23
-9.78909	218.821
-10.4218	218.424
-11.0337	218.039
-11.6231	217.67
-12.1886	217.318
-12.7323	216.99
-13.2476	216.675
-13.7312	216.382
-14.1971	216.108
-14.6352	215.856
-15.0465	215.63
-15.4271	215.421
-15.7843	215.243
-16.1155	215.073
-16.4248	214.917
-16.7141	214.785
-16.9797	214.667
-17.2289	214.558
-17.4624	214.456
-17.6846	214.361
-17.9015	214.275
-18.1261	214.193
-18.3506	214.122
-18.5714	214.052
-18.7915	213.991
-19.0121	213.947
-19.2302	213.901
-19.4487	213.862
-19.6629	213.819
-19.8854	213.786
-20.1227	213.766
-20.3869	213.746
-20.6742	213.737
-20.9794	213.732
-21.3023	213.732
-21.6439	213.748
-21.9957	213.785
-22.3628	213.844
-22.7399	213.932
-23.1258	214.044
-23.5169	214.179
-23.9119	214.342
-24.3148	214.534
-24.7251	214.759
-25.1361	215.027
-25.5395	215.336
-25.9245	215.68
-26.3039	216.057
-26.6697	216.46
-27.0331	216.896
-27.3936	217.371
-27.7474	217.885
-28.0951	218.431
-28.4356	219.002
-28.7755	219.598
-29.1232	220.218
-29.4804	220.862
-29.8438	221.527
-30.2143	222.207
-30.6028	222.906
-31.0012	223.625
-31.4104	224.362
-31.8308	225.119
-32.2627	225.89
-32.7049	226.67
-33.1551	227.47
-33.617	228.283
-34.0982	229.103
-34.5923	229.945
-35.1063	230.819
-35.6279	231.722
-36.1518	232.636
-36.6817	233.558
-37.2201	234.499
-37.7735	235.455
-38.3438	236.418
-38.9248	237.393
-39.5127	238.387
-40.1032	239.39
-40.6921	240.395
-41.2838	241.4
-41.8819	242.414
-42.4911	243.436
-43.1096	244.475
-43.7347	245.518
-44.3541	246.559
-44.9757	247.606
-45.6028	248.657
-46.2343	249.704
-46.8762	250.755
-47.5177	251.811
-48.1594	252.868
-48.8011	253.921
-49.4327	254.974
-50.0656	256.03
-50.6964	257.089
-51.3276	258.149
-51.9622	259.216
-52.6016	260.287
-53.2383	261.357
-53.882	262.436
-54.5282	263.521
-55.1714	264.596
-55.8132	265.658
-56.4552	266.724
-57.1003	267.791
-57.7469	268.866
-58.3899	269.939
-59.0344	271.021
-59.6795	272.098
-60.3308	273.185
-60.9836	274.27
-61.6337	275.353
-62.2846	276.436
-62.9384	277.521
-63.5908	278.6
-64.241	279.676
-64.8852	280.754
-65.5314	281.824
-66.1789	282.897
-66.8293	283.973
-67.4733	285.049
-68.1121	286.114
-68.7473	287.181
-69.3779	288.244
-70.0148	289.311
-70.6511	290.377
-71.2915	291.445
-71.9269	292.498
-72.5555	293.541
-73.1819	294.568
-73.8073	295.591
-74.4268	296.603
-75.0401	297.607
-75.64	298.593
-76.2256	299.559
-76.8178	300.506
-77.3979	301.435
-77.9673	302.345
-78.5345	303.252
-79.0917	304.147
-79.6466	305.038
-80.1785	305.907
-80.6981	306.77
-81.2171	307.617
-81.7224	308.45
-82.2197	309.27
-82.6995	310.071
-83.1671	310.858
-83.6216	311.616
-84.0671	312.364
-84.4886	313.078
-84.9049	313.773
-85.3079	314.448
-85.7013	315.113
-86.0803	315.77
-86.436	316.401
-86.781	317.007
-87.1096	317.597
-87.4263	318.163
-87.7517	318.679
-88.072	319.175
-88.3898	319.644
-88.7009	320.101
-89.0158	320.526
-89.3399	320.925
-89.6813	321.299
-90.0412	321.65
-90.4213	321.971
-90.8114	322.258
-91.2225	322.517
-91.6426	322.743
-92.0501	322.94
-92.4739	323.107
-92.9031	323.249
-93.3462	323.369
-93.8089	323.453
-94.2952	323.492
-94.7977	323.487
-95.3096	323.456
-95.8291	323.391
-96.3487	323.268
-96.8567	323.1
-97.3599	322.886
-97.862	322.638
-98.3536	322.356
-98.8422	322.04
-99.3242	321.705
-99.7932	321.353
-100.26	320.984
-100.738	320.592
-101.231	320.189
-101.733	319.783
-102.239	319.37
-102.75	318.952
-103.272	318.53
-103.813	318.1
-104.377	317.654
-104.961	317.192
-105.556	316.714
-106.168	316.226
-106.795	315.727
-107.437	315.223
-108.102	314.713
-108.785	314.203
-109.493	313.681
-110.219	313.157
-110.963	312.636
-111.731	312.116
-112.515	311.591
-113.318	311.057
-114.137	310.512
-114.97	309.962
-115.811	309.405
-116.649	308.836
-117.497	308.267
-118.367	307.69
-119.248	307.107
-120.143	306.522
-121.049	305.928
-121.952	305.336
-122.86	304.745
-123.77	304.155
-124.681	303.562
-125.593	302.97
-126.515	302.374
-127.437	301.772
-128.365	301.17
-129.284	300.565
-130.197	299.963
-131.111	299.365
-132.014	298.766
-132.938	298.153
-133.866	297.543
-134.767	296.941
-135.666	296.336
-136.567	295.732
-137.468	295.131
-138.371	294.529
-139.277	293.935
-140.176	293.345
-141.07	292.764
-141.961	292.187
-142.853	291.615
-143.747	291.05
-144.633	290.489
-145.516	289.939
-146.387	289.399
-147.242	288.872
-148.084	288.364
-148.911	287.867
-149.747	287.383
-150.562	286.908
-151.355	286.445
-152.139	285.991
-152.921	285.539
-153.684	285.09
-154.449	284.64
-155.205	284.181
-155.963	283.717
-156.694	283.24
-157.408	282.745
-158.115	282.245
-158.818	281.739
-159.518	281.219
-160.226	280.69
-160.937	280.152
-161.643	279.604
-162.364	279.057
-163.093	278.506
-163.836	277.953
-164.586	277.397
-165.344	276.83
-166.125	276.249
-166.925	275.665
-167.714	275.079
-168.514	274.494
-169.322	273.907
-170.215	273.304
-171.086	272.703
-171.954	272.1
-172.86	271.482
-173.762	270.853
-174.685	270.223
-175.624	269.597
-176.577	268.979
-177.562	268.36
-178.574	267.729
-179.607	267.094
-180.614	266.465
-181.619	265.839
-182.633	265.219
-183.647	264.616
-184.67	264.007
-185.689	263.393
-186.711	262.778
-187.721	262.17
-188.727	261.568
-189.733	260.966
-190.743	260.355
-191.745	259.731
-192.724	259.097
-193.697	258.449
-194.662	257.804
-195.63	257.16
-196.595	256.519
-197.567	255.874
-198.532	255.23
-199.483	254.588
-200.423	253.946
-201.364	253.307
-202.315	252.668
-203.263	252.03
-204.206	251.39
-205.147	250.748
-206.078	250.1
-207.001	249.451
-207.916	248.801
-208.83	248.151
-209.75	247.501
-210.668	246.847
-211.576	246.206
-212.496	245.558
-213.394	244.915
-214.291	244.27
-215.185	243.629
-216.07	242.99
-216.956	242.356
-217.84	241.732
-218.708	241.112
-219.586	240.493
-220.467	239.873
-221.335	239.248
-222.191	238.626
-223.051	238.001
-223.921	237.373
-224.8	236.751
-225.692	236.131
-226.588	235.52
-227.492	234.911
-228.399	234.311
-229.316	233.714
-230.232	233.12
-231.157	232.522
-232.086	231.924
-233.011	231.323
-233.95	230.72
-234.861	230.117
-235.783	229.514
-236.701	228.906
-237.642	228.297
-238.596	227.687
-239.539	227.076
-240.506	226.476
-241.476	225.882
-242.455	225.287
-243.438	224.697
-244.423	224.105
-245.398	223.515
-246.379	222.924
-247.358	222.334
-248.339	221.749
-249.314	221.17
-250.296	220.59
-251.273	220.013
-252.259	219.438
-253.232	218.871
-254.21	218.303
-255.183	217.74
-256.155	217.184
-257.119	216.634
-258.073	216.093
-259.02	215.57
-259.958	215.062
-260.887	214.569
-261.806	214.091
-262.709	213.628
-263.605	213.173
-264.491	212.721
-265.373	212.275
-266.243	211.842
-267.084	211.422
-267.906	211.011
-268.714	210.599
-269.518	210.195
-270.302	209.808
-271.064	209.441
-271.805	209.091
-272.533	208.765
-273.243	208.462
-273.927	208.182
-274.59	207.928
-275.247	207.692
-275.898	207.475
-276.532	207.274
-277.147	207.089
-277.739	206.916
-278.315	206.749
-278.873	206.587
-279.415	206.427
-279.951	206.27
-280.46	206.11
-280.952	205.951
-281.62	205.83
-282.295	205.72
-282.936	205.613
-283.522	205.5
-283.936	205.34
-284.331	205.168
-284.916	205.026
-285.303	204.83
-285.68	204.629
-286.048	204.423
-286.413	204.212
-286.769	203.996
-287.115	203.776
-287.458	203.552
-287.803	203.321
-288.154	203.085
-288.517	202.844
-288.888	202.605
-289.259	202.364
-289.634	202.123
-290.012	201.885
-290.387	201.649
-290.763	201.416
-291.14	201.188
-291.518	200.972
-291.903	200.761
-292.292	200.555
-292.68	200.35
-293.071	200.15
-293.461	199.958
-293.845	199.783
-294.219	199.617
-294.581	199.456
-294.927	199.299
-295.259	199.151
-295.578	199.016
-295.896	198.892
-296.217	198.77
-296.533	198.641
-296.842	198.504
-297.145	198.361
-297.44	198.213
-297.727	198.059
-298.01	197.903
-298.287	197.737
-298.564	197.556
-298.842	197.355
-299.124	197.136
-299.408	196.897
-299.69	196.64
-299.965	196.364
-300.24	196.069
-300.507	195.748
-300.763	195.403
-301.007	195.036
-301.24	194.645
-301.454	194.229
-301.655	193.783
-301.838	193.311
-301.99	192.811
-302.118	192.286
-302.219	191.741
-302.294	191.175
-302.335	190.587
-302.336	189.98
-302.299	189.357
-302.226	188.721
-302.123	188.07
-301.994	187.407
-301.837	186.731
-301.651	186.045
-301.439	185.349
-301.206	184.645
-300.948	183.928
-300.666	183.199
-300.36	182.456
-300.025	181.705
-299.656	180.948
-299.265	180.183
-298.848	179.409
-298.413	178.625
-297.972	177.815
-297.527	176.98
-297.072	176.13
-296.609	175.26
-296.133	174.375
-295.644	173.473
-295.142	172.555
-294.635	171.632
-294.118	170.696
-293.598	169.754
-293.072	168.808
-292.538	167.853
-291.997	166.895
-291.448	165.924
-290.89	164.949
-290.319	163.96
-289.739	162.961
-289.161	161.958
-288.576	160.968
-287.99	159.993
-287.402	159.022
-286.81	158.05
-286.211	157.069
-285.609	156.091
-285.008	155.127
-284.4	154.158
-283.783	153.193
-283.165	152.24
-282.543	151.292
-281.918	150.347
-281.289	149.412
-280.657	148.479
-280.022	147.551
-279.383	146.625
-278.739	145.703
-278.092	144.792
-277.449	143.891
-276.805	142.991
-276.154	142.098
-275.498	141.206
-274.841	140.323
-274.178	139.445
-273.51	138.575
-272.839	137.712
-272.165	136.859
-271.485	136.006
-270.807	135.154
-270.124	134.3
-269.437	133.444
-268.748	132.59
-268.055	131.737
-267.356	130.891
-266.651	130.044
-265.937	129.199
-265.219	128.351
-264.499	127.501
-263.772	126.649
-263.042	125.796
-262.308	124.949
-261.568	124.106
-260.821	123.262
-260.067	122.423
-259.308	121.578
-258.548	120.738
-257.78	119.899
-257.004	119.061
-256.223	118.222
-255.437	117.379
-254.647	116.538
-253.85	115.697
-253.049	114.86
-252.241	114.026
-251.423	113.191
-250.597	112.355
-249.767	111.529
-248.929	110.704
-248.09	109.887
-247.244	109.071
-246.391	108.254
-245.529	107.443
-244.656	106.63
-243.767	105.813
-242.871	105
-241.98	104.196
-241.082	103.393
-240.186	102.594
-239.279	101.796
-238.367	101.009
-237.46	100.242
-236.54	99.4739
-235.618	98.7078
-234.697	97.9519
-233.778	97.204
-232.856	96.4638
-231.931	95.7199
-230.995	94.973
-230.056	94.2325
-229.114	93.4952
-228.169	92.7631
-227.224	92.0377
-226.277	91.3111
-225.323	90.5882
-224.367	89.8733
-223.401	89.1607
-222.429	88.4541
-221.454	87.7528
-220.478	87.0577
-219.501	86.3699
-218.529	85.6888
-217.556	85.0186
-216.574	84.3501
-215.589	83.6846
-214.603	83.0269
-213.617	82.3708
-212.628	81.7159
-211.64	81.0644
-210.656	80.4167
-209.668	79.7673
-208.678	79.1212
-207.688	78.4781
-206.7	77.8394
-205.709	77.2054
-204.717	76.5797
-203.725	75.9582
-202.732	75.3407
-201.732	74.7257
-200.725	74.1154
-199.717	73.5161
-198.707	72.9192
-197.695	72.3297
-196.689	71.7511
-195.673	71.168
-194.657	70.5862
-193.64	70.0135
-192.619	69.4479
-191.606	68.8937
-190.595	68.347
-189.582	67.8063
-188.563	67.2701
-187.544	66.742
-186.521	66.2157
-185.5	65.697
-184.473	65.1823
-183.453	64.668
-182.433	64.1568
-181.41	63.6517
-180.382	63.1473
-179.35	62.6465
-178.314	62.1533
-177.284	61.6621
-176.246	61.1707
-175.207	60.696
-174.155	60.2221
-173.101	59.7576
-172.041	59.2923
-170.98	58.8345
-169.908	58.3752
-168.835	57.9152
-167.76	57.4601
-166.675	57.003
-165.592	56.5562
-164.499	56.117
-163.396	55.6795
-162.284	55.2447
-161.165	54.8224
-160.042	54.4023
-158.912	53.9864
-157.787	53.5869
-156.662	53.1977
-155.537	52.8099
-154.415	52.4235
-153.295	52.0421
-152.177	51.6648
-151.058	51.2947
-149.934	50.9334
-148.81	50.5775
-147.685	50.2226
-146.562	49.8702
-145.447	49.524
-144.335	49.1847
-143.223	48.8536
-142.108	48.525
-140.993	48.1971
-139.879	47.8715
-138.769	47.5541
-137.662	47.2489
-136.548	46.951
-135.431	46.6548
-134.309	46.3626
-133.185	46.0675
-132.058	45.7802
-130.918	45.4964
-129.783	45.2294
-128.638	44.9697
-127.5	44.7093
-126.359	44.4525
-125.215	44.1984
-124.057	43.9477
-122.893	43.7051
-121.729	43.4701
-120.562	43.2364
-119.396	43.0052
-118.218	42.7772
-117.051	42.5568
-115.862	42.3429
-114.69	42.1358
-113.503	41.9385
-112.314	41.7493
-111.125	41.5612
-109.924	41.374
-108.719	41.1935
-107.509	41.0203
-106.302	40.8571
-105.087	40.7004
-103.869	40.5473
-102.645	40.401
-101.416	40.2565
-100.179	40.1182
-98.9352	39.9831
-97.6887	39.8552
-96.4427	39.734
-95.1882	39.6222
-93.9313	39.5142
-92.6718	39.4097
-91.4091	39.3019
-90.1411	39.1957
-88.8623	39.0885
-87.5784	38.9791
-86.3083	38.8839
-85.3697	38.685
-84.0961	38.5989
-82.8265	38.5235
-81.5507	38.4413
-80.2718	38.3609
-78.9835	38.2825
-77.699	38.2078
-76.4175	38.1259
-75.1335	38.0312
-73.8591	37.9307
-72.5766	37.8198
-71.3019	37.7108
-70.029	37.6074
-68.7637	37.5071
-67.4982	37.4113
-66.2235	37.317
-64.9549	37.2215
-63.6827	37.1245
-62.42	37.0276
-61.1482	36.9223
-59.8846	36.8201
-58.6305	36.715
-57.3754	36.6096
-56.1206	36.5034
-54.8715	36.3989
-53.6213	36.2967
-52.3699	36.1977
-51.1116	36.1047
-49.8482	36.0134
-48.5909	35.9246
-47.3303	35.8321
-46.0722	35.7409
-44.8162	35.6482
-43.5528	35.5559
-42.2897	35.4642
-41.0203	35.3717
-39.7533	35.2822
-38.4852	35.1899
-37.2168	35.0992
-35.9514	35.0103
-34.6949	34.9176
-33.4393	34.8289
-32.1843	34.7382
-30.9238	34.6444
-29.6711	34.5533
-28.4175	34.4644
-27.164	34.3776
-25.9112	34.2898
-24.6634	34.2032
-23.4153	34.1151
-22.17	34.0285
-20.9179	33.9395
-19.661	33.8487
-18.4002	33.7592
-17.1402	33.6675
-15.8869	33.5777
-14.6372	33.4865
-13.3848	33.3938
-12.129	33.2986
-10.8805	33.209
-9.62018	33.1183
-8.35224	33.031
-7.08417	32.9433
-5.82231	32.8553
-4.56047	32.7645
-3.30072	32.6752
-2.03775	32.586
-0.769769	32.4963
0.500023	32.4059
1.77374	32.3158
3.04509	32.2295
4.31923	32.1449
5.59066	32.0696
6.8703	31.9909
8.15204	31.9063
9.43293	31.8174
10.7063	31.728
11.9778	31.6393
13.2602	31.5561
14.5448	31.4715
15.8385	31.3869
17.1203	31.3066
18.4005	31.2234
19.6819	31.1422
20.9592	31.0617
22.2431	30.982
23.5284	30.9021
24.8066	30.8234
26.0927	30.7446
27.3749	30.6683
28.6571	30.5917
29.9354	30.5192
31.2117	30.448
32.4903	30.3769
33.7698	30.3046
35.0367	30.2333
36.2969	30.1641
37.5575	30.0963
38.8214	30.0286
40.0869	29.9564
41.3425	29.8816
42.6004	29.8012
43.852	29.7194
45.0951	29.6395
46.3423	29.5581
47.5884	29.4745
48.8362	29.3918
50.0782	29.3058
51.3136	29.2179
52.5375	29.1318
53.758	29.0428
54.9872	28.949
56.2064	28.8567
57.4283	28.7668
58.6353	28.679
59.8396	28.592
61.0352	28.5086
62.2133	28.4267
63.3798	28.3417
64.5332	28.2634
65.6781	28.1871
66.8011	28.1142
67.9138	28.045
69.01	27.9793
70.0948	27.9142
71.1789	27.8478
72.2536	27.7831
73.3167	27.7149
74.3683	27.6449
75.3987	27.5814
76.4113	27.5224
77.3983	27.4741
78.3598	27.4312
79.3034	27.3939
80.2248	27.3649
81.1224	27.3434
81.9986	27.3257
82.8478	27.3146
83.6824	27.3069
84.5003	27.3136
85.3028	27.3303
86.0934	27.3593
86.8682	27.408
87.6275	27.4762
88.3774	27.5622
89.1205	27.6668
89.8602	27.7908
90.5774	27.9457
91.2832	28.1296
91.9758	28.3358
92.6587	28.5693
93.3298	28.8324
93.9859	29.1272
94.6227	29.4484
95.2405	29.7907
95.8294	30.1664
96.3969	30.5759
96.9393	31.0119
97.4595	31.4745
97.9472	31.959
98.3976	32.4578
98.8275	32.9764
99.2241	33.5132
99.5982	34.0746
99.9381	34.6507
100.245	35.2386
100.521	35.8309
100.771	36.4265
101.002	37.0203
101.223	37.6231
101.441	38.225
101.658	38.8281
101.872	39.4272
102.088	40.0307
102.303	40.6332
102.514	41.2305
102.726	41.8193
102.936	42.4057
103.145	42.9807
103.356	43.55
103.573	44.1074
103.79	44.6536
104.005	45.1832
104.193	45.7635
104.407	46.2706
104.573	46.83
104.771	47.3131
104.954	47.8219
105.152	48.2747
105.351	48.7049
105.541	49.1182
105.725	49.5144
105.904	49.8911
106.08	50.2452
106.244	50.5786
106.4	50.8892
106.544	51.1791
106.678	51.4463
106.8	51.6926
106.919	51.9292
107.037	52.1619
107.153	52.3933
107.264	52.625
107.369	52.8576
107.464	53.0855
107.556	53.3081
107.642	53.5299
107.726	53.7517
107.8	53.9748
107.868	54.1976
107.931	54.4242
107.994	54.6625
108.06	54.9179
108.119	55.1935
108.167	55.4888
108.208	55.804
108.246	56.1336
108.282	56.4739
108.307	56.8249
108.316	57.1857
108.31	57.5591
108.297	57.9499
108.27	58.3518
108.231	58.7527
108.174	59.174
108.093	59.6148
107.985	60.0683
107.855	60.5345
107.712	61.0269
107.547	61.5315
107.359	62.0446
107.138	62.5651
106.885	63.0901
106.601	63.625
106.291	64.1602
105.955	64.7021
105.596	65.2539
105.212	65.8094
104.803	66.3713
104.369	66.9381
103.914	67.5113
103.441	68.0991
102.95	68.68
102.447	69.2738
101.936	69.8889
101.42	70.5193
100.889	71.1596
100.342	71.8032
99.7897	72.4584
99.2242	73.1256
98.6448	73.8034
98.0597	74.506
97.4736	75.2034
96.8725	75.8957
96.2653	76.6073
95.6494	77.3319
95.0221	78.0593
94.3821	78.7904
93.7302	79.5278
93.0718	80.2659
92.4036	81.0063
91.7251	81.7506
91.039	82.4964
90.3512	83.2485
89.6584	84.008
88.947	84.7829
88.242	85.5608
87.5398	86.3337
86.8354	87.094
86.1185	87.8666
85.3935	88.6412
84.6656	89.4189
83.9412	90.2055
83.2164	90.9966
82.4869	91.7836
81.7589	92.5745
81.0378	93.361
80.3141	94.1584
79.5901	94.9688
78.8683	95.7807
78.1413	96.5938
77.4067	97.4077
76.6809	98.2262
75.9553	99.0495
75.2152	99.8909
74.4834	100.722
73.7495	101.56
73.0125	102.391
72.2704	103.235
71.529	104.075
70.7712	104.929
70.024	105.772
69.2737	106.617
68.5077	107.463
67.7407	108.322
66.9759	109.174
66.2021	110.036
65.4402	110.893
64.6689	111.757
63.9014	112.621
63.132	113.485
62.3755	114.333
61.6241	115.177
60.8644	116.027
60.1027	116.89
59.3446	117.743
58.5816	118.591
57.8304	119.448
57.0717	120.303
56.3131	121.142
55.5549	121.979
54.8027	122.81
54.0581	123.632
53.321	124.45
52.587	125.267
51.8587	126.089
51.1292	126.909
50.4078	127.73
49.6884	128.557
48.9727	129.379
48.2613	130.196
47.5508	131.009
46.8334	131.831
