-0	-0
-0.00297622	0.568971
-0.00902535	1.13364
-0.0115123	1.69928
-0.0116593	2.2631
-0.0132243	2.82681
-0.0129233	3.39797
-0.0223229	3.98335
-0.0294969	4.56907
-0.0311285	5.16713
-0.05093	5.7638
-0.0647367	6.37975
-0.0728658	7.01409
-0.0927588	7.6682
-0.103567	8.34217
-0.122435	9.0295
-0.156121	9.72486
-0.177059	10.4203
-0.200631	11.1348
-0.222662	11.8752
-0.244646	12.6412
-0.270692	13.4243
-0.297629	14.2175
-0.318852	15.025
-0.343837	15.8465
-0.37379	16.6795
-0.39668	17.5352
-0.413392	18.4022
-0.439061	19.29
-0.464872	20.1951
-0.49027	21.1196
-0.515633	22.0611
-0.544823	23.0133
-0.574781	23.9786
-0.60343	24.9579
-0.632871	25.9449
-0.65912	26.945
-0.685663	27.9497
-0.713428	28.966
-0.74233	29.9858
-0.771223	31.0141
-0.801985	32.0471
-0.828231	33.0888
-0.856593	34.1417
-0.886184	35.204
-0.918891	36.2719
-0.958343	37.3447
-0.999158	38.4216
-1.04156	39.5076
-1.08526	40.5922
-1.12985	41.6784
-1.17758	42.7647
-1.22767	43.8456
-1.273	44.9267
-1.32231	46.0066
-1.37152	47.0877
-1.41952	48.1749
-1.46858	49.2605
-1.51302	50.349
-1.55539	51.4415
-1.59521	52.5308
-1.63994	53.6319
-1.6817	54.7229
-1.72402	55.8094
-1.7635	56.8967
-1.80636	57.9835
-1.84837	59.0741
-1.8883	60.1669
-1.92652	61.2626
-1.96272	62.3568
-2.00447	63.447
-2.05096	64.5418
-2.09423	65.6277
-2.14314	66.7195
-2.193	67.8203
-2.23761	68.9184
-2.2774	70.0187
-2.31629	71.1176
-2.3595	72.223
-2.39989	73.3193
-2.43797	74.4169
-2.47917	75.5097
-2.525	76.5964
-2.57352	77.6803
-2.62147	78.7689
-2.67717	79.8748
-2.73099	80.9843
-2.78801	82.0552
-2.84287	83.1217
-2.89513	84.1846
-2.94866	85.2359
-2.99909	86.2758
-3.05148	87.2965
-3.104	88.3004
-3.15768	89.2833
-3.21148	90.2498
-3.26824	91.1915
-3.32789	92.1067
-3.38615	93.0019
-3.44719	93.8682
-3.51015	94.7138
-3.57591	95.5298
-3.64335	96.3225
-3.71243	97.0851
-3.77762	97.815
-3.84328	98.5114
-3.91036	99.1804
-3.97553	99.822
-4.03757	100.438
-4.09767	101.039
-4.15103	101.618
-4.19646	102.171
-4.23512	102.698
-4.26256	103.203
-4.28334	103.683
-4.29127	104.145
-4.29757	104.583
-4.28727	105.013
-4.26507	105.433
-4.23001	105.839
-4.17921	106.24
-4.11214	106.635
-4.03585	107.015
-3.94107	107.389
-3.83511	107.752
-3.71288	108.11
-3.5847	108.455
-3.44454	108.785
-3.28481	109.104
-3.10836	109.408
-2.91813	109.699
-2.71323	109.98
-2.49434	110.251
-2.26428	110.514
-2.01696	110.767
-1.75238	111.017
-1.4631	111.244
-1.15404	111.461
-0.8297	111.665
-0.489638	111.854
-0.134053	112.027
0.231905	112.176
0.605009	112.313
0.985896	112.432
1.38019	112.529
1.78811	112.607
2.21243	112.667
2.65266	112.715
3.10443	112.76
3.57531	112.809
4.06104	112.855
4.5669	112.889
5.0952	112.903
5.6339	112.901
6.18933	112.892
6.76572	112.889
7.36301	112.886
7.98196	112.872
8.62644	112.852
9.29187	112.843
9.97275	112.844
10.6665	112.847
11.3798	112.845
12.1126	112.843
12.8581	112.84
13.6219	112.841
14.395	112.839
15.1799	112.835
15.9762	112.838
16.7764	112.835
17.5815	112.823
18.3996	112.81
19.2198	112.803
20.0436	112.793
20.8705	112.776
21.7087	112.763
22.5534	112.754
23.3986	112.747
24.2511	112.736
25.1034	112.73
25.9514	112.725
26.789	112.712
27.6195	112.699
28.453	112.688
29.2914	112.678
30.1296	112.665
30.9583	112.655
31.7814	112.65
32.6004	112.648
33.4209	112.641
34.2324	112.63
35.0391	112.618
35.8456	112.607
36.6472	112.594
37.4427	112.577
38.2361	112.562
39.0182	112.543
39.7972	112.522
40.5735	112.498
41.3453	112.476
42.108	112.455
42.8571	112.435
43.5913	112.415
44.3073	112.393
45.0132	112.373
45.7148	112.349
46.4145	112.33
47.1108	112.308
47.8042	112.283
48.4924	112.259
49.1745	112.243
49.8558	112.226
50.5389	112.202
51.2165	112.178
51.8931	112.158
52.5665	112.137
53.2342	112.099
53.9044	112.055
54.5797	112.013
55.2606	111.971
55.9479	111.92
56.6437	111.867
57.3436	111.812
58.0544	111.751
58.7709	111.687
59.4922	111.626
60.2168	111.563
60.9453	111.496
61.6797	111.422
62.4216	111.343
63.1668	111.273
63.9176	111.21
64.6714	111.142
65.4188	111.071
66.1671	111.003
66.9133	110.939
67.655	110.868
68.4004	110.794
69.1434	110.717
69.8936	110.64
70.6448	110.565
71.398	110.484
72.1624	110.409
72.929	110.327
73.709	110.245
74.491	110.163
75.2798	110.081
76.079	109.992
76.8757	109.902
77.6775	109.808
78.4886	109.712
79.3014	109.613
80.1151	109.512
80.941	109.408
81.7718	109.302
82.617	109.202
83.4623	109.106
84.3121	109.01
85.168	108.912
86.0272	108.815
86.881	108.724
87.7341	108.63
88.5894	108.538
89.4515	108.451
90.3097	108.362
91.1641	108.272
92.036	108.18
92.902	108.091
93.7703	108.004
94.6375	107.911
95.501	107.815
96.3602	107.722
97.2209	107.634
98.0807	107.552
98.9382	107.475
99.7934	107.398
100.644	107.321
101.481	107.245
102.315	107.162
103.15	107.076
103.978	106.989
104.802	106.903
105.617	106.816
106.429	106.73
107.241	106.645
108.053	106.559
108.852	106.466
109.645	106.377
110.429	106.29
111.216	106.198
112.001	106.099
112.779	105.999
113.551	105.906
114.317	105.812
115.086	105.704
115.858	105.595
116.633	105.491
117.405	105.385
118.165	105.276
118.92	105.17
119.668	105.062
120.407	104.942
121.143	104.828
121.882	104.715
122.622	104.594
123.357	104.467
124.095	104.341
124.827	104.214
125.554	104.081
126.279	103.938
126.996	103.786
127.708	103.624
128.417	103.446
129.123	103.257
129.822	103.066
130.523	102.866
131.214	102.662
131.901	102.461
132.59	102.255
133.276	102.043
133.957	101.829
134.632	101.624
135.298	101.422
135.959	101.228
136.618	101.033
137.274	100.837
137.927	100.643
138.575	100.457
139.213	100.275
139.849	100.097
140.485	99.9227
141.117	99.7528
141.742	99.5891
142.362	99.4321
142.98	99.2774
143.592	99.1224
144.2	98.9712
144.804	98.8318
145.402	98.6991
145.993	98.5652
146.577	98.4337
147.162	98.3129
147.747	98.2031
148.329	98.0991
148.907	97.9993
149.483	97.9099
150.056	97.8334
150.622	97.7667
151.186	97.7159
151.749	97.6836
152.305	97.667
152.858	97.6621
153.414	97.6678
153.969	97.6828
154.524	97.7027
155.08	97.7199
155.634	97.7273
156.188	97.7206
156.74	97.6984
157.286	97.6653
157.826	97.6281
158.363	97.5893
158.895	97.5433
159.421	97.4811
159.939	97.4061
160.456	97.326
160.973	97.2455
161.481	97.159
161.984	97.064
162.479	96.9573
162.967	96.8469
163.458	96.7436
163.944	96.639
164.42	96.5326
164.899	96.4275
165.373	96.3198
165.844	96.2135
166.316	96.1121
166.782	96.0028
167.263	95.8931
167.751	95.7777
168.244	95.6551
168.745	95.5219
169.257	95.3849
169.773	95.2476
170.298	95.1066
170.828	94.9556
171.365	94.7958
171.906	94.6324
172.453	94.4742
173.002	94.3097
173.556	94.1417
174.111	93.9671
174.667	93.7939
175.222	93.6307
175.771	93.4647
176.321	93.298
176.872	93.1313
177.422	92.9709
177.97	92.8119
178.514	92.6571
179.051	92.5032
179.575	92.3569
180.092	92.2136
180.598	92.0719
181.089	91.9409
181.573	91.8144
182.041	91.6938
182.491	91.5828
182.924	91.4843
183.342	91.3954
183.751	91.3148
184.156	91.2445
184.556	91.1819
184.954	91.1288
185.347	91.0906
185.74	91.069
186.125	91.0639
186.509	91.0701
186.889	91.0942
187.268	91.1306
187.642	91.1762
188.012	91.2316
188.377	91.3018
188.74	91.3858
189.099	91.4853
189.456	91.6007
189.817	91.7325
190.18	91.8856
190.534	92.0659
190.884	92.2669
191.236	92.4826
191.584	92.7155
191.928	92.9676
192.274	93.2447
192.615	93.5568
192.954	93.9021
193.284	94.2698
193.611	94.6602
193.931	95.0752
194.242	95.5125
194.549	95.9806
194.845	96.478
195.126	97.0009
195.402	97.5517
195.672	98.1269
195.943	98.7302
196.207	99.3535
196.472	99.995
196.732	100.657
196.992	101.339
197.237	102.037
197.471	102.756
197.698	103.496
197.918	104.255
198.132	105.029
198.349	105.819
198.571	106.62
198.807	107.436
199.046	108.257
199.288	109.088
199.534	109.933
199.776	110.788
200.026	111.653
200.279	112.529
200.537	113.406
200.792	114.283
201.049	115.172
201.299	116.044
201.559	116.934
201.812	117.821
202.07	118.699
202.326	119.576
202.584	120.474
202.837	121.355
203.092	122.243
203.343	123.128
203.588	124.012
203.838	124.9
204.082	125.777
204.325	126.651
204.567	127.535
204.813	128.421
205.056	129.301
205.296	130.183
205.535	131.06
205.769	131.933
205.997	132.802
206.222	133.664
206.44	134.51
206.655	135.35
206.863	136.179
207.068	136.992
207.262	137.783
207.449	138.559
207.63	139.322
207.815	140.074
207.98	140.8
208.136	141.504
208.276	142.183
208.415	142.843
208.545	143.476
208.669	144.086
208.784	144.671
208.895	145.232
209.003	145.77
209.11	146.288
209.214	146.789
209.31	147.274
209.403	147.748
209.494	148.213
209.583	148.674
209.668	149.132
209.745	149.587
209.808	150.037
209.858	150.481
209.891	150.922
209.906	151.355
209.907	151.782
209.892	152.206
209.857	152.626
209.802	153.039
209.727	153.446
209.633	153.839
209.524	154.221
209.403	154.592
209.263	154.956
209.108	155.306
208.932	155.648
208.735	155.978
208.517	156.29
208.283	156.588
208.033	156.871
207.772	157.141
207.496	157.397
207.206	157.637
206.899	157.852
206.58	158.047
206.252	158.222
205.914	158.372
205.565	158.496
205.211	158.599
204.851	158.689
204.481	158.767
204.106	158.826
203.728	158.869
203.344	158.903
202.958	158.936
202.566	158.97
202.163	158.991
201.746	158.995
201.318	158.99
200.879	158.983
200.425	158.984
199.952	158.984
199.464	158.975
198.948	158.96
198.411	158.925
197.856	158.872
197.28	158.809
196.685	158.744
196.074	158.677
195.445	158.606
194.796	158.533
194.127	158.455
193.442	158.374
192.74	158.293
192.016	158.214
191.274	158.143
190.513	158.082
189.737	158.029
188.945	157.98
188.133	157.94
187.299	157.907
186.453	157.882
185.586	157.868
184.707	157.861
183.82	157.863
182.931	157.874
182.04	157.892
181.151	157.917
180.255	157.953
179.351	157.988
178.449	158.022
177.543	158.059
176.639	158.092
175.735	158.125
174.828	158.158
173.917	158.194
173.005	158.234
172.096	158.272
171.187	158.303
170.279	158.335
169.376	158.368
168.472	158.398
167.563	158.427
166.656	158.457
165.748	158.488
164.843	158.517
163.941	158.546
163.039	158.574
162.14	158.601
161.243	158.631
160.343	158.662
159.446	158.697
158.55	158.731
157.654	158.766
156.762	158.8
155.871	158.834
154.978	158.871
154.086	158.909
153.198	158.946
152.313	158.986
151.419	159.028
150.525	159.07
149.634	159.109
148.744	159.146
147.853	159.182
146.96	159.22
146.061	159.255
145.155	159.289
144.248	159.326
143.337	159.368
142.418	159.414
141.498	159.45
140.576	159.496
139.661	159.54
138.739	159.58
137.798	159.621
136.854	159.663
135.904	159.702
134.957	159.739
134.004	159.766
133.043	159.789
132.08	159.808
131.113	159.823
130.141	159.831
129.167	159.838
128.193	159.843
127.214	159.847
126.225	159.853
125.235	159.864
124.238	159.871
123.232	159.881
122.231	159.887
121.228	159.892
120.239	159.89
119.251	159.893
118.263	159.895
117.28	159.894
116.296	159.892
115.31	159.887
114.323	159.879
113.333	159.879
112.346	159.873
111.359	159.866
110.376	159.86
109.39	159.855
108.404	159.851
107.42	159.845
106.436	159.833
105.453	159.822
104.473	159.811
103.487	159.803
102.503	159.795
101.515	159.787
100.535	159.777
99.5559	159.767
98.5785	159.756
97.5992	159.747
96.621	159.731
95.6476	159.717
94.6711	159.703
93.6911	159.69
92.7116	159.68
91.7295	159.674
90.7479	159.674
89.7683	159.675
88.7828	159.678
87.7991	159.684
86.8109	159.691
85.8289	159.699
84.8469	159.712
83.8707	159.724
82.8916	159.74
81.9044	159.76
80.9166	159.779
79.9267	159.8
78.9371	159.818
77.9446	159.835
76.9518	159.851
75.9607	159.869
74.9699	159.878
73.9671	159.891
72.9694	159.905
71.9782	159.918
70.9834	159.931
69.9783	159.943
68.9783	159.952
67.9761	159.961
66.9722	159.967
65.9721	159.97
64.9673	159.97
63.958	159.969
62.9555	159.966
61.9581	159.959
60.9538	159.945
59.9508	159.927
58.9505	159.907
57.9428	159.886
56.9301	159.863
55.9093	159.838
54.8989	159.812
53.8826	159.787
52.862	159.769
51.8503	159.745
50.8389	159.723
49.8172	159.701
48.8051	159.674
47.7953	159.648
46.7824	159.621
45.7802	159.593
44.7817	159.559
43.7906	159.526
42.8016	159.485
41.8137	159.445
40.8236	159.399
39.8404	159.349
38.8561	159.3
37.8864	159.244
36.9151	159.188
35.9442	159.133
34.9781	159.076
34.0091	159.019
33.0506	158.96
32.0931	158.901
31.1403	158.846
30.1938	158.79
29.2556	158.729
28.3254	158.669
27.3985	158.611
26.4815	158.547
25.5707	158.48
24.6627	158.418
23.7667	158.355
22.8787	158.288
22.0049	158.216
21.1374	158.147
20.2834	158.076
19.4388	158.006
18.6078	157.933
17.7978	157.863
17.0031	157.797
16.2283	157.733
15.4623	157.671
14.7062	157.616
13.9569	157.564
13.2077	157.513
12.4752	157.464
11.7398	157.42
11.0148	157.377
10.2907	157.336
9.57529	157.295
8.87079	157.256
8.17119	157.223
7.48059	157.192
6.80226	157.162
6.13434	157.131
5.48276	157.098
4.84034	157.068
4.21416	157.04
3.60604	157.014
3.00957	156.994
2.43298	156.98
1.8691	156.971
1.31956	156.961
0.78381	156.958
0.262688	156.955
-0.242035	156.967
-0.737835	156.98
-1.22241	156.998
-1.69591	157.021
-2.15603	157.044
-2.60705	157.088
-3.03539	157.137
-3.45334	157.188
-3.86436	157.24
-4.26289	157.299
-4.65322	157.367
-5.01956	157.442
-5.36924	157.522
-5.71153	157.61
-6.05108	157.702
-6.38744	157.801
-6.71861	157.91
-7.04391	158.03
-7.35698	158.155
-7.66001	158.292
-7.95639	158.44
-8.24221	158.596
-8.52143	158.761
-8.80028	158.936
-9.07508	159.126
-9.34913	159.329
-9.62069	159.558
-9.87931	159.813
-10.1467	160.088
-10.4097	160.375
-10.674	160.68
-10.9213	161
-11.1623	161.342
-11.3951	161.702
-11.6209	162.08
-11.8402	162.481
-12.051	162.905
-12.2516	163.352
-12.4406	163.82
-12.6126	164.322
-12.7738	164.848
-12.9243	165.394
-13.0578	165.965
-13.1737	166.566
-13.2793	167.178
-13.3763	167.805
-13.4665	168.447
-13.5568	169.102
-13.6416	169.78
-13.7255	170.472
-13.8093	171.177
-13.8918	171.896
-13.977	172.629
-14.0687	173.377
-14.1707	174.138
-14.2753	174.919
-14.3793	175.704
-14.4876	176.494
-14.6026	177.297
-14.7207	178.104
-14.8405	178.913
-14.9648	179.732
-15.087	180.544
-15.2121	181.356
-15.3391	182.165
-15.4656	182.985
-15.5927	183.81
-15.7186	184.647
-15.8453	185.484
-15.9775	186.311
-16.1095	187.139
-16.242	187.96
-16.3753	188.78
-16.5142	189.594
-16.6537	190.41
-16.79	191.22
-16.9306	192.022
-17.0717	192.82
-17.2102	193.61
-17.3492	194.402
-17.4916	195.184
-17.6338	195.958
-17.7701	196.724
-17.901	197.478
-18.0272	198.212
-18.1521	198.929
-18.2777	199.629
-18.4014	200.307
-18.528	200.976
-18.644	201.629
-18.7641	202.259
-18.877	202.875
-18.9916	203.472
-19.1026	204.051
-19.2215	204.612
-19.3241	205.136
-19.4259	205.649
-19.5232	206.144
-19.6116	206.622
-19.6927	207.08
-19.7601	207.536
-19.8255	207.989
-19.8813	208.439
-19.9221	208.888
-19.9531	209.331
-19.9755	209.768
-19.9859	210.201
-19.9801	210.635
-19.9555	211.064
-19.9139	211.487
-19.8553	211.904
-19.773	212.308
-19.6811	212.701
-19.5708	213.089
-19.4516	213.467
-19.3272	213.831
-19.192	214.185
-19.0416	214.531
-18.8634	214.867
-18.6589	215.2
-18.4335	215.524
-18.1985	215.846
-17.9602	216.174
-17.7089	216.504
-17.4266	216.818
-17.1124	217.103
-16.7734	217.368
-16.4171	217.625
-16.0522	217.884
-15.6696	218.141
-15.2599	218.379
-14.8244	218.599
-14.3687	218.789
-13.8942	218.963
-13.402	219.125
-12.8893	219.287
-12.3533	219.442
-11.7923	219.589
-11.224	219.729
-10.6336	219.857
-10.0316	219.972
-9.41352	220.072
-8.77718	220.159
-8.12086	220.246
-7.44875	220.332
-6.76463	220.412
-6.0686	220.48
-5.35292	220.541
-4.62552	220.6
-3.87976	220.667
-3.12149	220.739
-2.34942	220.807
-1.56786	220.877
-0.77217	220.942
0.0326513	221.01
0.83738	221.079
1.63734	221.153
2.43888	221.229
3.23809	221.306
4.04145	221.392
4.84552	221.479
5.66136	221.571
6.46802	221.662
7.27991	221.756
8.09582	221.853
8.91498	221.954
9.73148	222.053
10.5447	222.153
11.3478	222.247
12.1676	222.349
12.9867	222.451
13.8148	222.555
14.6459	222.667
15.4755	222.769
16.3016	222.87
17.1232	222.973
17.9436	223.075
18.7658	223.178
19.5844	223.277
20.4013	223.374
21.2172	223.471
22.0346	223.566
22.8518	223.664
23.6584	223.752
24.4611	223.837
25.2586	223.923
26.0518	224.01
26.8456	224.093
27.6391	224.18
28.4282	224.268
29.2168	224.355
30.0089	224.437
30.7829	224.518
31.5621	224.601
32.3315	224.679
33.1012	224.755
33.8656	224.83
34.6297	224.908
35.3923	224.99
36.1558	225.075
36.9133	225.159
37.6658	225.235
38.4159	225.314
39.1568	225.395
39.897	225.471
40.6417	225.541
41.3783	225.615
42.1012	225.696
42.8189	225.765
43.5397	225.831
44.2653	225.906
44.9863	225.987
45.7046	226.068
46.4161	226.145
47.1234	226.223
47.8293	226.312
48.5287	226.402
49.2262	226.484
49.9226	226.561
50.6141	226.636
51.2994	226.711
51.9818	226.78
52.6602	226.849
53.3369	226.922
54.0014	226.996
54.6594	227.068
55.3132	227.142
55.9657	227.216
56.6172	227.289
57.267	227.36
57.9097	227.434
58.5486	227.509
59.1836	227.579
59.819	227.643
60.4518	227.707
61.082	227.773
61.7082	227.839
62.3327	227.898
62.9619	227.951
63.5963	228.004
64.246	228.059
64.9042	228.113
65.566	228.157
66.2397	228.196
66.9149	228.228
67.6039	228.262
68.3054	228.296
69.0117	228.322
69.7311	228.339
70.4607	228.351
71.1974	228.367
71.9471	228.372
72.7097	228.375
73.4901	228.375
74.2865	228.372
75.0982	228.367
75.9215	228.359
76.7598	228.35
77.6081	228.342
78.474	228.335
79.3536	228.326
80.2452	228.319
81.1534	228.313
82.0665	228.307
82.9987	228.307
83.9429	228.31
84.8912	228.323
85.8612	228.343
86.8372	228.371
87.8176	228.398
88.8085	228.431
89.8086	228.471
90.8066	228.513
91.8044	228.557
92.8092	228.603
93.8171	228.646
94.8347	228.692
95.8521	228.736
96.864	228.787
97.8736	228.836
98.8838	228.888
99.8869	228.937
100.892	228.99
101.898	229.043
102.905	229.097
103.909	229.158
104.904	229.217
105.901	229.277
106.9	229.342
107.893	229.409
108.885	229.476
109.865	229.546
110.841	229.621
111.819	229.701
112.796	229.782
113.767	229.864
114.733	229.94
115.697	230.015
116.65	230.089
117.609	230.161
118.568	230.232
119.52	230.308
120.474	230.384
121.422	230.458
122.365	230.534
123.307	230.605
124.251	230.672
125.191	230.733
126.132	230.793
127.068	230.845
128.002	230.893
128.938	230.931
129.873	230.965
130.808	230.995
131.742	231.014
132.682	231.028
133.626	231.029
134.573	231.027
135.517	231.014
136.458	230.99
137.403	230.956
138.347	230.912
139.294	230.86
140.246	230.796
141.203	230.718
142.154	230.63
143.106	230.534
144.061	230.431
145.024	230.319
145.979	230.208
146.931	230.099
147.882	229.988
148.835	229.883
149.784	229.782
150.731	229.684
151.686	229.598
152.633	229.517
153.574	229.442
154.506	229.371
155.437	229.305
156.369	229.249
157.304	229.204
158.241	229.161
159.177	229.125
160.108	229.097
161.035	229.073
161.948	229.045
162.85	229.02
163.741	228.995
164.613	228.97
165.466	228.948
166.303	228.926
167.13	228.904
167.954	228.885
168.775	228.869
169.596	228.847
170.417	228.827
171.238	228.804
172.061	228.777
172.888	228.752
173.708	228.72
174.521	228.686
175.638	228.496
176.844	228.314
177.643	228.293
178.439	228.28
179.235	228.275
180.026	228.272
180.809	228.274
181.583	228.277
182.357	228.281
183.132	228.287
183.906	228.296
184.686	228.308
185.459	228.319
186.231	228.336
186.991	228.352
187.739	228.366
188.473	228.389
189.196	228.408
189.907	228.428
190.589	228.439
191.246	228.456
191.886	228.47
192.497	228.484
193.078	228.496
193.637	228.505
194.174	228.517
194.687	228.532
195.178	228.546
195.649	228.559
196.113	228.566
196.569	228.574
197.02	228.581
197.47	228.582
197.908	228.579
198.333	228.57
198.745	228.562
199.135	228.552
199.501	228.541
199.84	228.533
200.166	228.524
200.487	228.512
200.805	228.495
201.124	228.477
201.441	228.459
201.755	228.443
202.064	228.423
202.368	228.403
202.67	228.381
202.969	228.354
203.272	228.322
203.577	228.285
203.89	228.242
204.205	228.192
204.523	228.136
204.845	228.08
205.173	228.018
205.508	227.945
205.846	227.859
206.188	227.766
206.546	227.665
206.912	227.552
207.29	227.423
207.674	227.283
208.063	227.122
208.454	226.943
208.845	226.743
209.236	226.532
209.629	226.305
210.02	226.055
210.411	225.78
210.802	225.485
211.192	225.164
211.576	224.829
211.955	224.473
212.324	224.09
212.684	223.684
213.037	223.259
213.388	222.813
213.726	222.345
214.053	221.855
214.373	221.354
214.681	220.829
214.972	220.28
215.24	219.711
215.492	219.128
215.732	218.545
215.952	217.938
216.14	217.31
216.303	216.675
216.446	216.024
216.572	215.362
216.674	214.692
216.754	214.008
216.819	213.314
216.864	212.606
216.893	211.888
216.906	211.167
216.904	210.44
216.89	209.706
216.863	208.964
216.822	208.216
216.763	207.456
216.693	206.694
216.612	205.929
216.515	205.16
216.398	204.385
216.274	203.602
216.144	202.805
215.999	202.003
215.84	201.193
215.674	200.378
215.508	199.561
215.346	198.745
215.177	197.927
215.004	197.107
214.831	196.283
214.662	195.46
214.488	194.631
214.317	193.802
214.151	192.971
213.996	192.144
213.848	191.319
213.709	190.499
213.576	189.68
213.447	188.864
213.323	188.053
213.208	187.251
213.101	186.462
213	185.686
212.905	184.927
212.816	184.19
212.724	183.465
212.631	182.754
212.541	182.059
212.45	181.38
212.362	180.719
212.279	180.08
212.192	179.459
212.099	178.851
212.008	178.265
211.916	177.691
211.82	177.124
211.719	176.559
211.61	176.001
211.49	175.452
211.358	174.92
211.211	174.405
211.053	173.907
210.884	173.421
210.696	172.947
210.489	172.487
210.266	172.047
210.023	171.625
209.764	171.215
209.482	170.823
209.183	170.449
208.867	170.091
208.536	169.755
208.188	169.445
207.821	169.159
207.444	168.895
207.054	168.645
206.65	168.411
206.227	168.199
205.79	168.014
205.342	167.847
204.881	167.699
204.403	167.563
203.911	167.443
203.402	167.341
202.879	167.246
202.345	167.156
201.794	167.081
201.236	167.011
200.661	166.947
200.071	166.886
199.463	166.833
198.84	166.785
198.199	166.741
197.545	166.703
196.876	166.671
196.194	166.648
195.501	166.625
194.793	166.599
194.071	166.571
193.334	166.542
192.585	166.509
191.821	166.474
191.046	166.442
190.253	166.413
189.455	166.386
188.642	166.36
187.808	166.336
186.966	166.315
186.111	166.292
185.244	166.27
184.371	166.249
183.489	166.229
182.593	166.215
181.685	166.204
180.764	166.194
179.833	166.185
178.9	166.173
177.961	166.16
177.017	166.144
176.068	166.129
175.114	166.115
174.161	166.098
173.205	166.084
172.251	166.062
171.296	166.043
170.347	166.024
169.399	166.001
168.45	165.979
167.501	165.961
166.557	165.944
165.619	165.926
164.69	165.907
163.753	165.891
162.815	165.876
161.887	165.858
160.954	165.843
160.026	165.826
159.101	165.811
158.18	165.793
157.255	165.777
156.329	165.76
155.404	165.744
154.472	165.731
153.546	165.715
152.604	165.703
151.668	165.69
150.735	165.677
149.807	165.666
148.876	165.657
147.946	165.648
147.007	165.637
146.065	165.629
145.119	165.624
144.16	165.625
143.204	165.618
142.246	165.612
141.294	165.603
140.317	165.594
139.352	165.578
138.371	165.563
137.385	165.545
136.396	165.521
135.4	165.488
134.393	165.448
133.384	165.407
132.372	165.358
131.358	165.306
130.34	165.251
129.317	165.193
128.281	165.135
127.239	165.078
126.186	165.024
125.125	164.968
124.063	164.911
122.997	164.851
121.934	164.79
120.866	164.73
119.798	164.667
118.729	164.604
117.658	164.539
116.586	164.471
115.517	164.405
114.448	164.343
113.386	164.278
112.318	164.214
111.252	164.148
110.186	164.084
109.114	164.019
108.042	163.95
106.976	163.88
105.906	163.811
104.839	163.743
103.769	163.675
102.703	163.606
101.638	163.535
100.577	163.467
99.5077	163.398
98.4519	163.328
97.3898	163.263
96.3218	163.201
95.2605	163.14
94.1859	163.085
93.1113	163.039
92.0301	162.996
90.9509	162.957
89.8669	162.921
88.7755	162.891
87.6819	162.865
86.6054	162.833
85.5196	162.809
84.4285	162.789
83.333	162.77
82.2442	162.747
81.147	162.722
80.0466	162.698
78.941	162.674
77.8337	162.646
76.7115	162.618
75.5927	162.583
74.4744	162.541
73.3509	162.494
72.218	162.441
71.0825	162.383
69.9387	162.318
68.791	162.247
67.6502	162.176
66.5019	162.099
65.3512	162.025
64.1996	161.952
63.045	161.871
61.8835	161.786
60.7181	161.694
59.5479	161.6
58.3763	161.503
57.2149	161.405
56.0438	161.308
54.8737	161.21
53.7134	161.106
52.5495	161.003
51.3864	160.897
50.2263	160.788
49.069	160.679
47.921	160.569
46.7755	160.46
45.6386	160.345
44.5024	160.229
43.3702	160.109
42.236	159.99
41.1059	159.868
39.9791	159.745
38.8632	159.619
37.7576	159.49
36.6583	159.359
35.5695	159.224
34.4905	159.093
33.4254	158.961
32.3743	158.829
31.3357	158.697
30.3093	158.571
29.297	158.439
28.2925	158.307
27.3119	158.178
26.3502	158.05
25.4055	157.919
24.4838	157.788
23.5771	157.659
22.6817	157.532
21.8004	157.406
20.9374	157.282
20.0948	157.163
19.2683	157.052
18.4562	156.946
17.6565	156.847
16.8576	156.758
16.0658	156.68
15.2833	156.616
14.5129	156.563
13.7639	156.516
13.0158	156.482
12.2781	156.458
11.5481	156.443
10.8332	156.436
10.125	156.435
9.42741	156.439
8.7367	156.449
8.05653	156.459
7.39186	156.469
6.73741	156.478
6.10237	156.481
5.4884	156.477
4.89484	156.468
4.31765	156.459
3.75916	156.45
3.22309	156.438
2.71079	156.422
2.22046	156.403
1.75019	156.396
1.31834	156.386
0.900243	156.368
0.504132	156.353
0.13389	156.338
-0.208445	156.322
-0.523464	156.303
-0.812744	156.283
-1.08222	156.265
-1.3301	156.255
-1.56726	156.245
-1.79239	156.232
-2.00374	156.215
-2.21387	156.202
-2.42114	156.193
-2.62277	156.182
-2.8232	156.169
-3.02238	156.154
-3.22192	156.138
-3.42198	156.124
-3.62057	156.108
-3.81847	156.091
-4.01728	156.077
-4.21316	156.06
-4.41126	156.039
-4.60954	156.011
-4.81961	155.984
-5.04658	155.954
-5.29512	155.924
-5.56207	155.888
-5.84942	155.85
-6.15273	155.812
-6.47289	155.769
-6.81204	155.718
-7.1761	155.663
-7.56352	155.603
-7.97509	155.54
-8.41518	155.48
-8.87824	155.417
-9.3633	155.35
-9.86764	155.276
-10.3899	155.205
-10.9296	155.144
-11.486	155.083
-12.0598	155.016
-12.6537	154.932
-13.2665	154.84
-13.906	154.756
-14.5633	154.674
-15.2301	154.576
-15.9133	154.466
-16.6046	154.349
-17.3177	154.23
-18.0498	154.105
-18.8153	153.986
-19.5979	153.861
-20.3942	153.733
-21.201	153.595
-22.0141	153.452
-22.85	153.309
-23.7032	153.161
-24.5715	153.008
-25.4504	152.855
-26.3402	152.701
-27.2437	152.544
-28.1535	152.386
-29.076	152.225
-30.0104	152.064
-30.9566	151.903
-31.9204	151.745
-32.8921	151.587
-33.8709	151.429
-34.8578	151.272
-35.8467	151.115
-36.8433	150.959
-37.8475	150.801
-38.8569	150.641
-39.873	150.478
-40.8901	150.306
-41.939	150.149
-42.97	149.979
-44.0056	149.804
-45.0442	149.626
-46.0848	149.452
-47.127	149.281
-48.1691	149.106
-49.2149	148.93
-50.2665	148.756
-51.3159	148.578
-52.3657	148.398
-53.4142	148.217
-54.4625	148.037
-55.5147	147.852
-56.5762	147.67
-57.6356	147.489
-58.6873	147.31
-59.7316	147.13
-60.7665	146.95
-61.8158	146.775
-62.8703	146.6
-63.9196	146.423
-64.9791	146.252
-66.03	146.076
-67.0824	145.9
-68.1286	145.723
-69.1866	145.543
-70.2424	145.362
-71.2942	145.177
-72.357	144.991
-73.4023	144.803
-74.4464	144.611
-75.5019	144.421
-76.5621	144.229
-77.6295	144.038
-78.7021	143.85
-79.7695	143.658
-80.833	143.464
-81.8936	143.267
-82.9628	143.069
-84.0327	142.875
-85.0979	142.673
-86.1773	142.469
-87.265	142.261
-88.3506	142.047
-89.4208	141.831
-90.4893	141.614
-91.5762	141.396
-92.6562	141.169
-93.7363	140.942
-94.817	140.71
-95.8915	140.475
-96.9728	140.24
-98.051	140.002
-99.134	139.761
-100.225	139.513
-101.31	139.261
-102.396	139.007
-103.475	138.75
-104.555	138.492
-105.625	138.23
-106.691	137.966
-107.763	137.698
-108.837	137.428
-109.908	137.156
-110.979	136.885
-112.047	136.611
-113.123	136.332
-114.204	136.052
-115.295	135.765
-116.379	135.477
-117.471	135.185
-118.555	134.895
-119.635	134.602
-120.722	134.311
-121.817	134.016
-122.911	133.727
-124.002	133.434
-125.079	133.136
-126.172	132.842
-127.258	132.546
-128.345	132.244
-129.453	131.945
-130.554	131.647
-131.667	131.346
-132.772	131.047
-133.867	130.745
-134.965	130.441
-136.072	130.134
-137.176	129.825
-138.273	129.521
-139.377	129.211
-140.496	128.903
-141.604	128.598
-142.73	128.292
-143.838	127.987
-144.948	127.684
-146.054	127.374
-147.164	127.062
-148.271	126.751
-149.387	126.448
-150.499	126.147
-151.613	125.842
-152.723	125.532
-153.834	125.222
-154.938	124.913
-156.042	124.601
-157.156	124.287
-158.282	123.977
-159.372	123.674
-160.445	123.363
-161.52	123.055
-162.599	122.749
-163.696	122.444
-164.786	122.143
-165.864	121.839
-166.932	121.535
-168.007	121.238
-169.072	120.94
-170.119	120.645
-171.183	120.352
-172.237	120.061
-173.284	119.76
-174.298	119.461
-175.303	119.164
-176.312	118.868
-177.314	118.573
-178.32	118.28
-179.317	117.988
-180.305	117.688
-181.286	117.398
-182.274	117.109
-183.24	116.825
-184.203	116.54
-185.15	116.257
-186.091	115.978
-187.043	115.702
-187.978	115.425
-188.9	115.152
-189.821	114.88
-190.745	114.61
-191.668	114.342
-192.579	114.074
-193.474	113.805
-194.361	113.534
-195.246	113.261
-196.131	112.988
-197.007	112.707
-197.889	112.434
-198.763	112.159
-199.619	111.874
-200.467	111.588
-201.311	111.301
-202.16	111.007
-203.003	110.705
-203.841	110.399
-204.672	110.093
-205.494	109.783
-206.31	109.466
-207.125	109.146
-207.945	108.819
-208.757	108.5
-209.56	108.184
-210.359	107.873
-211.152	107.567
-211.934	107.261
-212.703	106.961
-213.461	106.671
-214.213	106.392
-214.954	106.124
-215.694	105.871
-216.426	105.636
-217.152	105.415
-217.868	105.208
-218.576	105.01
-219.271	104.823
-219.959	104.651
-220.642	104.494
-221.317	104.348
-221.982	104.215
-222.648	104.088
-223.303	103.976
-223.946	103.874
-224.578	103.789
-225.193	103.719
-225.798	103.656
-226.391	103.603
-226.976	103.56
-227.551	103.527
-228.116	103.498
-228.664	103.471
-229.201	103.451
-229.728	103.436
-230.246	103.422
-230.754	103.406
-231.25	103.385
-231.733	103.359
-232.203	103.329
-232.66	103.296
-233.104	103.259
-233.529	103.215
-233.941	103.161
-234.34	103.097
-234.728	103.029
-235.104	102.949
-235.465	102.864
-235.813	102.762
-236.149	102.648
-236.474	102.517
-236.78	102.377
-237.08	102.229
-237.375	102.073
-237.657	101.908
-237.927	101.733
-238.186	101.549
-238.433	101.354
-238.67	101.154
-238.896	100.949
-239.117	100.74
-239.335	100.524
-239.548	100.312
-239.754	100.095
-239.946	99.8738
-240.136	99.6449
-240.328	99.4077
-240.517	99.1663
-240.701	98.9239
-240.887	98.681
-241.072	98.4399
-241.251	98.1935
-241.422	97.9421
-241.592	97.6883
-241.759	97.4309
-241.92	97.1618
-242.08	96.8807
-242.235	96.5888
-242.385	96.2896
-242.53	95.9823
-242.666	95.6689
-242.792	95.3467
-242.909	95.0102
-243.019	94.6639
-243.124	94.3068
-243.221	93.9368
-243.304	93.5541
-243.369	93.1547
-243.419	92.7349
-243.468	92.2975
-243.516	91.8417
-243.547	91.3694
-243.561	90.8777
-243.567	90.3658
-243.572	89.8327
-243.579	89.2744
-243.589	88.6905
-243.59	88.0903
-243.571	87.4674
-243.538	86.8128
-243.487	86.1297
-243.433	85.4204
-243.36	84.6869
-243.277	83.9298
-243.181	83.151
-243.072	82.3489
-242.957	81.5239
-242.829	80.6851
-242.694	79.8187
-242.554	78.923
-242.406	78.0166
-242.253	77.0864
-242.096	76.1332
-241.938	75.1537
-241.773	74.1461
-241.603	73.1186
-241.423	72.0716
-241.238	70.9985
-241.043	69.9067
-240.839	68.7975
-240.631	67.6565
-240.419	66.4849
-240.206	65.3247
-239.992	64.1526
-239.777	62.9895
-239.56	61.8348
-239.339	60.6853
-239.111	59.5281
-238.878	58.3771
-238.643	57.2313
-238.411	56.1023
-238.174	54.9636
-237.93	53.7966
-237.688	52.6431
-237.451	51.4733
-237.2	50.3294
-236.949	49.1812
-236.699	48.0429
-236.448	46.9022
-236.194	45.7752
-235.942	44.6478
-235.69	43.5168
-235.438	42.3855
-235.184	41.2622
-234.928	40.1424
-234.67	39.0356
-234.412	37.9279
-234.149	36.8184
-233.885	35.71
-233.622	34.6164
-233.359	33.5135
-233.092	32.4065
-232.826	31.3129
-232.557	30.2157
-232.288	29.1152
-232.022	28.0235
-231.758	26.9356
-231.494	25.8466
-231.232	24.7626
-230.974	23.6684
-230.727	22.5812
-230.484	21.4986
-230.251	20.4177
-230.023	19.3378
-229.792	18.2614
-229.554	17.1827
-229.309	16.0928
-229.073	15.0206
-228.837	13.9652
-228.607	12.888
-228.396	11.8193
-228.173	10.7594
-227.947	9.68752
-227.72	8.61579
-227.492	7.54033
-227.266	6.47429
-227.042	5.41715
-226.82	4.34183
-226.599	3.28608
-226.379	2.23456
-226.153	1.18431
-225.925	0.14102
-225.695	-0.901837
-225.462	-1.94428
-225.228	-2.98288
-224.994	-4.02638
-224.758	-5.06602
-224.52	-6.09908
-224.281	-7.1275
-224.041	-8.15266
-223.8	-9.17711
-223.558	-10.2024
-223.313	-11.2279
-223.071	-12.2511
-222.832	-13.2713
-222.592	-14.2833
-222.352	-15.2932
-222.115	-16.2946
-221.881	-17.2963
-221.649	-18.2974
-221.423	-19.3031
-221.201	-20.3081
-220.984	-21.3056
-220.768	-22.2944
-220.553	-23.2808
-220.344	-24.2698
-220.132	-25.2692
-219.921	-26.2552
-219.714	-27.2365
-219.512	-28.2186
-219.313	-29.1981
-219.113	-30.1736
-218.915	-31.1452
-218.716	-32.1162
-218.519	-33.0831
-218.314	-34.0455
-218.104	-35.0001
-217.885	-35.9478
-217.658	-36.8889
-217.42	-37.827
-217.173	-38.761
-216.917	-39.6927
-216.651	-40.6175
-216.378	-41.5343
-216.094	-42.4444
-215.798	-43.3491
-215.487	-44.2551
-215.163	-45.1472
-214.82	-46.0349
-214.465	-46.9
-214.08	-47.7737
-213.682	-48.6317
-213.263	-49.4873
-212.828	-50.3289
-212.373	-51.1628
-211.897	-51.9918
-211.401	-52.8091
-210.882	-53.6208
-210.34	-54.4235
-209.773	-55.2213
-209.189	-56.0053
-208.582	-56.7847
-207.956	-57.5535
-207.317	-58.2988
-206.649	-59.0362
-205.96	-59.7648
-205.252	-60.4796
-204.53	-61.1799
-203.787	-61.8677
-203.012	-62.5567
-202.223	-63.2329
-201.42	-63.9022
-200.598	-64.5647
-199.759	-65.2269
-198.911	-65.8854
-198.056	-66.5448
-197.198	-67.2065
-196.332	-67.8692
-195.457	-68.534
-194.58	-69.2035
-193.696	-69.8721
-192.807	-70.5439
-191.918	-71.2123
-191.026	-71.8868
-190.14	-72.5617
-189.254	-73.2434
-188.37	-73.9303
-187.497	-74.6229
-186.629	-75.3188
-185.768	-76.015
-184.912	-76.7199
-184.059	-77.433
-183.222	-78.1499
-182.391	-78.8759
-181.566	-79.6099
-180.753	-80.3427
-179.948	-81.0772
-179.142	-81.8118
-178.339	-82.5443
-177.543	-83.2682
-176.752	-83.9955
-175.968	-84.7225
-175.187	-85.4458
-174.413	-86.1628
-173.642	-86.8774
-172.873	-87.5876
-172.106	-88.2986
-171.346	-89.0043
-170.588	-89.7092
-169.835	-90.4115
-169.085	-91.1089
-168.347	-91.7926
-167.622	-92.4636
-166.912	-93.121
-166.212	-93.7604
-165.531	-94.3785
-164.87	-94.968
-164.224	-95.5368
-163.593	-96.0822
-162.975	-96.606
-162.374	-97.1072
-161.795	-97.5887
-161.228	-98.0522
-160.682	-98.4924
-160.152	-98.9143
-159.636	-99.3214
-159.138	-99.7103
-158.653	-100.082
-158.182	-100.439
-157.723	-100.776
-157.271	-101.096
-156.825	-101.396
-156.383	-101.685
-155.946	-101.966
-155.518	-102.231
-155.094	-102.483
-154.183	-102.474
-153.281	-102.494
-152.391	-102.548
-151.535	-102.582
-151.166	-102.754
-150.811	-102.903
-150.479	-103.032
-150.163	-103.142
-149.869	-103.236
-149.589	-103.322
-149.312	-103.399
-149.037	-103.47
-148.759	-103.529
-148.481	-103.576
-148.205	-103.609
-147.934	-103.634
-147.669	-103.651
-147.405	-103.662
-147.14	-103.665
-146.869	-103.658
-146.588	-103.646
-146.294	-103.627
-145.99	-103.601
-145.675	-103.564
-145.354	-103.516
-145.025	-103.46
-144.69	-103.387
-144.343	-103.3
-143.977	-103.205
-143.597	-103.089
-143.203	-102.955
-142.795	-102.805
-142.371	-102.639
-141.934	-102.457
-141.482	-102.256
-141.01	-102.037
-140.525	-101.798
-140.024	-101.537
-139.509	-101.251
-138.977	-100.941
-138.425	-100.608
-137.869	-100.248
-137.292	-99.8607
-136.712	-99.4459
-136.138	-99.0102
-135.562	-98.5448
-134.984	-98.0544
-134.41	-97.5327
-133.858	-96.9717
-133.282	-96.3796
-132.707	-95.765
-132.125	-95.1289
-131.538	-94.4683
-130.941	-93.788
-130.338	-93.0886
-129.719	-92.3692
-129.096	-91.6389
-128.468	-90.8992
-127.825	-90.1535
-127.172	-89.3985
-126.503	-88.6306
-125.825	-87.8458
-125.139	-87.0486
-124.441	-86.2479
-123.731	-85.4372
-123.007	-84.6179
-122.271	-83.7885
-121.524	-82.9542
-120.762	-82.1047
-119.989	-81.254
-119.204	-80.3951
-118.405	-79.5323
-117.6	-78.6719
-116.778	-77.8076
-115.936	-76.9347
-115.082	-76.064
-114.23	-75.1998
-113.376	-74.3378
-112.519	-73.487
-111.651	-72.6384
-110.773	-71.7975
-109.887	-70.9635
-109.002	-70.1387
-108.107	-69.3153
-107.21	-68.4944
-106.31	-67.6793
-105.405	-66.8621
-104.506	-66.0755
-103.607	-65.2825
-102.713	-64.4905
-101.814	-63.6938
-100.911	-62.8886
-100.007	-62.059
-99.116	-61.2589
-98.228	-60.4632
-97.331	-59.6753
-96.4371	-58.8857
-95.5378	-58.0914
-94.6273	-57.2852
-93.7223	-56.4842
-92.813	-55.6788
-91.9084	-54.8783
-91.0123	-54.0832
-90.1136	-53.2865
-89.2169	-52.4889
-88.3203	-51.6945
-87.425	-50.8989
-86.5284	-50.1037
-85.6373	-49.3175
-84.7471	-48.5319
-83.8636	-47.7397
-82.9889	-46.9617
-82.1154	-46.1843
-81.2472	-45.4053
-80.3884	-44.6331
-79.532	-43.8605
-78.6728	-43.0895
-77.8076	-42.3164
-76.9451	-41.5614
-76.0868	-40.8253
-75.2192	-40.097
-74.3357	-39.372
-73.4418	-38.6546
-72.544	-37.9452
-71.6265	-37.2587
-70.7162	-36.5838
-69.8115	-35.9164
-68.8881	-35.256
-67.9624	-34.5766
-67.0492	-33.9088
-66.1331	-33.2544
-65.1979	-32.5864
-64.2897	-31.9428
-63.3638	-31.2924
-62.4407	-30.648
-61.5179	-30.0016
-60.5944	-29.3477
-59.674	-28.6941
-58.7479	-28.0481
-57.824	-27.4218
-56.8943	-26.8045
-55.9477	-26.1872
-54.9844	-25.5722
-54.0184	-24.9646
-53.0631	-24.371
-52.0963	-23.7857
-51.1272	-23.2094
-50.1571	-22.6444
-49.1791	-22.086
-48.1952	-21.5335
-47.2048	-20.9838
-46.2134	-20.4398
-45.2114	-19.8976
-44.2095	-19.3685
-43.2085	-18.8402
-42.2103	-18.3185
-41.2131	-17.8011
-40.2152	-17.2831
-39.2165	-16.7657
-38.2224	-16.2588
-37.2254	-15.7509
-36.228	-15.2512
-35.2363	-14.7642
-34.2461	-14.2748
-33.2604	-13.7878
-32.2775	-13.3042
-31.2966	-12.8254
-30.3137	-12.3442
-29.328	-11.8651
-28.3422	-11.3907
-27.3556	-10.9172
-26.3723	-10.447
-25.3891	-9.98319
-24.4051	-9.52223
-23.4283	-9.06298
-22.4466	-8.60353
-21.4755	-8.1452
-20.4993	-7.69142
-19.5312	-7.2423
-18.5648	-6.7971
-17.5905	-6.35562
-16.6274	-5.92021
-15.6638	-5.48811
-14.7054	-5.05685
-13.7426	-4.62991
-12.7817	-4.20911
-11.8289	-3.78861
-10.8783	-3.37841
-9.92539	-2.97054
-8.97875	-2.56546
-8.0326	-2.16179
-7.08813	-1.76156
-6.14625	-1.36536
-5.2036	-0.968175
-4.2681	-0.575801
-3.33492	-0.19117
-2.41645	0.186775
-1.50812	0.56121
-0.604411	0.930184
0.291084	1.30167
1.17489	1.66589
2.05209	2.02121
2.91771	2.37465
3.77247	2.71765
4.61838	3.05549
5.45009	3.38566
6.2717	3.71405
7.0836	4.03245
7.87202	4.34505
8.64279	4.64901
9.40055	4.94147
10.1236	5.22878
10.8424	5.50654
11.5462	5.77777
12.2394	6.04011
12.9118	6.30038
13.5754	6.55536
14.2243	6.80471
14.8407	7.04836
15.4483	7.28383
16.0382	7.51326
16.619	7.73715
17.1834	7.94817
17.7326	8.15141
18.2658	8.34778
18.7834	8.53508
19.2773	8.717
19.7481	8.8955
20.1987	9.0667
20.6274	9.2262
21.0295	9.37506
21.4086	9.51505
21.7664	9.65024
22.1038	9.77379
22.4216	9.89219
22.7197	10.0064
23.0023	10.1186
23.2729	10.2307
23.5316	10.3417
23.7813	10.4519
24.0221	10.5656
24.2541	10.6772
24.4741	10.796
24.6933	10.9172
24.9077	11.0471
25.1143	11.1793
25.3102	11.2999
25.4798	11.4071
25.6113	11.4865
25.7055	11.5393
25.7654	11.5706
25.7964	11.584
25.8028	11.5873
25.7922	11.5836
25.7857	11.5808
25.7874	11.5812
25.7891	11.5826
25.7895	11.5844
25.7931	11.5856
25.7967	11.5868
25.7959	11.5886
25.7977	11.588
25.8003	11.5894
25.8017	11.5911
25.8025	11.5918
25.8041	11.5929
25.8058	11.5942
25.8069	11.5953
25.8081	11.5963
25.81	11.5973
25.8115	11.5985
25.8122	11.5995
25.8211	11.5997
25.8292	11.5996
25.8312	11.6
25.24	12.3627
24.6886	13.144
24.2258	13.9648
23.9757	14.8919
23.7837	15.835
23.8817	16.7018
24.3629	17.3817
24.8434	17.9683
24.8434	17.9725
24.8431	17.9755
24.8454	17.9775
24.8481	17.9787
24.8495	17.98
24.851	17.9814
24.8525	17.9828
24.8539	17.9841
24.8554	17.9856
24.8568	17.987
24.8583	17.9886
24.8598	17.9901
24.8612	17.9915
24.8626	17.993
24.8639	17.9945
24.8654	17.996
24.8669	17.9974
24.8683	17.9989
24.8697	18.0003
24.8711	18.0018
24.8727	18.0033
24.8742	18.0047
24.8756	18.0062
24.8772	18.0076
24.8785	18.0091
24.88	18.0105
24.8815	18.012
24.8829	18.0134
24.8844	18.0149
24.885	18.0158
24.8863	18.0168
24.8882	18.0182
24.8924	18.0196
24.8986	18.0212
24.9065	18.0233
24.9166	18.0246
24.9313	18.0264
24.9489	18.0277
24.9708	18.0282
24.9944	18.0324
25.0259	18.0394
25.0721	18.0534
25.1378	18.0829
25.2269	18.1236
25.3395	18.175
25.4714	18.244
25.6217	18.327
25.7944	18.423
25.9896	18.5306
26.2049	18.6618
26.4366	18.8112
26.6844	18.9795
26.9395	19.1743
27.2016	19.3931
27.4666	19.6266
27.7369	19.8836
28.0123	20.1663
28.2925	20.4735
28.571	20.805
28.8427	21.1687
29.0952	21.5607
29.3465	21.99
29.5882	22.4586
29.8218	22.9568
30.0377	23.489
30.2338	24.0553
30.4272	24.6529
30.5945	25.2745
30.7428	25.9231
30.875	26.6023
30.9963	27.3008
31.0945	28.0123
31.1582	28.7457
31.2002	29.5096
31.2218	30.295
31.2205	31.1068
31.1974	31.9412
31.1557	32.799
31.0949	33.6803
31.0192	34.5851
30.9327	35.5137
30.8362	36.4666
30.7334	37.4458
30.6254	38.4495
30.5102	39.4746
30.3939	40.523
30.2773	41.5913
30.1626	42.6811
30.0427	43.7873
29.9187	44.9185
29.7924	46.0648
29.6547	47.2144
29.5145	48.3743
29.3712	49.5301
29.2243	50.6858
29.0796	51.8353
28.9265	52.9795
28.7729	54.119
28.6184	55.2623
28.4662	56.4106
28.3061	57.5485
28.1511	58.6924
27.9978	59.8361
27.8426	60.9743
27.6922	62.1034
27.5395	63.2298
27.3922	64.3563
27.2406	65.4852
27.0898	66.6074
26.9395	67.7343
26.7876	68.8674
26.6383	69.9932
26.4932	71.1056
26.3503	72.2206
26.2002	73.3404
26.0489	74.4357
25.8996	75.5329
25.7429	76.6455
25.5883	77.7526
25.4429	78.8536
25.298	79.9503
25.1524	81.05
25.0063	82.1424
24.8631	83.2319
24.7174	84.3166
24.5688	85.3985
24.4211	86.4757
24.2696	87.5569
24.1193	88.6456
23.9626	89.7463
23.8058	90.8341
23.6492	91.8949
23.4956	92.9515
23.3401	94.006
23.1856	95.0612
23.0317	96.1112
22.8762	97.1602
22.7192	98.2108
22.562	99.262
22.4058	100.307
22.2548	101.346
22.107	102.389
21.9605	103.425
21.8151	104.456
21.6657	105.482
21.5184	106.513
21.3727	107.534
21.2319	108.548
21.0949	109.558
20.9497	110.591
20.8138	111.63
20.6864	112.678
20.5605	113.705
20.4361	114.726
20.3189	115.735
20.2054	116.73
20.0898	117.719
19.9693	118.717
19.8481	119.723
19.7289	120.741
19.6033	121.761
19.4781	122.789
19.3587	123.829
19.2306	124.873
19.1023	125.927
18.9722	127.001
18.8405	128.082
18.711	129.164
18.5771	130.25
18.4449	131.35
18.3105	132.452
18.1671	133.585
18.0208	134.727
17.8766	135.871
17.7297	137.013
17.5826	138.166
17.4291	139.327
17.2744	140.488
17.1263	141.665
16.9773	142.838
16.8231	144.002
16.6586	145.155
16.4933	146.302
16.3255	147.439
16.1581	148.585
15.9907	149.722
15.8228	150.872
15.6575	152.012
15.4926	153.15
15.3253	154.289
15.1566	155.422
14.9845	156.541
14.8096	157.657
14.6358	158.769
14.4651	159.875
14.2937	160.956
14.1273	162.045
13.9635	163.11
13.8021	164.175
13.6423	165.231
13.4881	166.284
13.331	167.338
13.1816	168.376
13.0233	169.432
12.8924	170.474
12.7557	171.503
12.606	172.541
12.4791	173.603
12.3447	174.637
12.2092	175.675
12.0727	176.7
11.9334	177.715
11.7945	178.741
11.6509	179.771
11.5121	180.805
11.3709	181.838
11.4274	183.155
11.5074	184.559
11.2225	186.513
10.9249	188.48
10.7662	189.547
10.6036	190.612
10.4348	191.673
10.2591	192.728
10.085	193.795
9.90681	194.876
9.72881	195.97
9.54684	197.058
9.37528	198.183
9.19678	199.298
9.01483	200.42
8.83406	201.546
8.64379	202.673
8.45794	203.815
8.27482	204.968
8.09657	206.098
7.9244	207.225
7.74552	208.341
7.56817	209.474
7.38619	210.585
7.20529	211.703
7.02776	212.834
6.84879	213.961
6.67322	215.091
6.49732	216.208
6.31764	217.31
6.13812	218.413
5.95715	219.516
5.78264	220.595
5.6124	221.659
5.45032	222.709
5.29166	223.729
5.14362	224.733
4.98949	225.705
4.83371	226.693
4.68749	227.671
4.54859	228.632
4.41719	229.585
4.27854	230.532
4.14028	231.488
4.01103	232.448
3.88175	233.414
3.75782	234.388
3.63142	235.361
3.65429	236.468
3.67773	237.63
3.737	238.834
3.85613	240.114
3.73445	241.081
3.60714	242.05
3.47211	243.004
3.35334	243.988
3.33235	245.167
3.38143	246.493
3.31877	247.635
3.13216	248.591
2.93121	249.558
2.72352	250.535
2.51921	251.526
2.30128	252.512
2.07071	253.505
1.84886	254.504
1.6322	255.529
1.4165	256.549
1.2006	257.586
0.984251	258.643
0.764837	259.704
0.541052	260.781
0.313422	261.866
0.0809927	262.971
-0.153903	264.094
-0.385811	265.23
-0.618594	266.377
-0.849376	267.527
-1.08678	268.694
-1.32105	269.851
-1.56714	271.018
-1.815	272.203
-2.0617	273.392
-2.30504	274.573
-2.54705	275.74
-2.78979	276.913
-3.0332	278.08
-3.26728	279.244
-3.50298	280.398
-3.73766	281.552
-3.96395	282.714
-4.19873	283.875
-4.43598	285.015
-4.67748	286.164
-4.91696	287.3
-5.15328	288.427
-5.3873	289.546
-5.61762	290.667
-5.84479	291.787
-6.06889	292.891
-6.29457	293.984
-6.51967	295.06
-6.74488	296.12
-6.96341	297.171
-7.17696	298.207
-7.38789	299.227
-7.60882	300.236
-7.82624	301.228
-8.03823	302.198
-8.24964	303.152
-8.45047	304.108
-8.65634	305.066
-8.86205	306.026
-9.06134	306.983
-9.26716	307.938
-9.47407	308.887
-9.6763	309.83
-9.87482	310.766
-10.0699	311.708
-10.2691	312.66
-10.4586	313.596
-10.6473	314.54
-10.8296	315.493
-11.0113	316.447
-11.1896	317.409
-11.368	318.375
-11.5478	319.347
-11.7331	320.336
-11.9171	321.336
-12.0931	322.346
-12.2659	323.369
-12.4388	324.408
-12.6096	325.45
-12.7742	326.497
-12.9356	327.552
-13.1066	328.608
-13.2783	329.679
-13.4473	330.769
-13.6031	331.864
-13.7614	332.963
-13.92	334.056
-14.0718	335.157
-14.2264	336.286
-14.4334	337.488
-14.5668	338.624
-14.695	339.768
-14.819	340.918
-14.9403	342.081
-15.0566	343.252
-15.1711	344.417
-15.2891	345.593
-15.4085	346.784
-15.5291	347.973
-15.6479	349.18
-15.7619	350.393
-15.877	351.61
-15.9942	352.837
-16.114	354.067
-16.2369	355.297
-16.3601	356.526
-16.4789	357.763
-16.5999	358.991
-16.7181	360.21
-16.8475	361.419
-16.9757	362.629
-17.0995	363.855
-17.2201	365.081
-17.3473	366.296
-17.4851	367.502
-17.6232	368.705
-17.7644	369.901
-17.9041	371.094
-18.046	372.284
-18.1902	373.47
-18.332	374.646
-18.4702	375.824
-18.6169	377.006
-18.7673	378.183
-18.9175	379.342
-19.0761	380.478
-19.2336	381.608
-19.3853	382.746
-19.5408	383.886
-19.6955	385.006
-19.8487	386.131
-20.0025	387.253
-20.1574	388.357
