0	-0
-0.00163783	0.568932
-0.00774096	1.1349
-0.0141729	1.69846
-0.0174937	2.26182
-0.0218289	2.83216
-0.0286562	3.40817
-0.0384339	3.9947
-0.0480812	4.58808
-0.0598343	5.18772
-0.0751847	5.79473
-0.0909634	6.41234
-0.107702	7.04623
-0.127368	7.70153
-0.145184	8.37494
-0.164963	9.05847
-0.187611	9.74766
-0.212553	10.4468
-0.234039	11.1653
-0.252474	11.9095
-0.274021	12.6805
-0.298291	13.4678
-0.32203	14.2677
-0.344408	15.0823
-0.36799	15.913
-0.396166	16.7605
-0.416664	17.6227
-0.435672	18.5018
-0.461093	19.3984
-0.488199	20.3158
-0.51344	21.2506
-0.541226	22.1985
-0.573004	23.158
-0.60594	24.1307
-0.637471	25.1146
-0.667453	26.1084
-0.696578	27.1099
-0.727418	28.1208
-0.758356	29.1418
-0.789708	30.1694
-0.821141	31.2023
-0.854932	32.243
-0.887858	33.2931
-0.92001	34.352
-0.954057	35.4192
-0.988442	36.4938
-1.02378	37.5733
-1.06029	38.6588
-1.09858	39.7501
-1.13557	40.8455
-1.17363	41.9424
-1.21383	43.0386
-1.25548	44.1321
-1.29777	45.222
-1.33999	46.3122
-1.38218	47.4074
-1.42339	48.5073
-1.46534	49.6076
-1.50359	50.7068
-1.54445	51.8057
-1.58312	52.9029
-1.62276	54.0024
-1.66012	55.1023
-1.69666	56.2015
-1.73214	57.3015
-1.76737	58.4082
-1.80254	59.5191
-1.83793	60.6321
-1.87287	61.741
-1.90516	62.8482
-1.93947	63.9564
-1.97889	65.0655
-2.0164	66.1753
-2.05736	67.2915
-2.10097	68.4118
-2.13941	69.5307
-2.17572	70.6478
-2.20998	71.7647
-2.24462	72.8808
-2.27844	73.9959
-2.31375	75.107
-2.35032	76.2116
-2.38857	77.3114
-2.42818	78.4115
-2.47022	79.5107
-2.51228	80.6138
-2.55504	81.7143
-2.59854	82.8081
-2.6406	83.8933
-2.68256	84.9742
-2.72408	86.0447
-2.76508	87.1025
-2.805	88.1433
-2.84734	89.1663
-2.88917	90.1683
-2.93157	91.1468
-2.97669	92.1035
-3.02605	93.0357
-3.07607	93.946
-3.1296	94.8318
-3.18422	95.6935
-3.24003	96.528
-3.29731	97.3347
-3.35587	98.1126
-3.4148	98.86
-3.47198	99.5744
-3.53057	100.257
-3.58745	100.91
-3.64232	101.536
-3.69393	102.136
-3.74368	102.713
-3.78553	103.266
-3.81689	103.798
-3.83816	104.309
-3.85091	104.797
-3.85456	105.262
-3.84931	105.71
-3.83254	106.146
-3.80469	106.572
-3.76164	106.99
-3.7044	107.4
-3.63244	107.801
-3.54562	108.194
-3.44229	108.578
-3.32127	108.952
-3.18632	109.316
-3.0406	109.67
-2.88362	110.011
-2.70682	110.343
-2.51404	110.66
-2.30827	110.963
-2.08863	111.254
-1.8553	111.534
-1.60813	111.808
-1.34521	112.075
-1.06547	112.326
-0.761335	112.561
-0.435361	112.778
-0.092934	112.99
0.266111	113.186
0.643847	113.363
1.0396	113.521
1.44692	113.666
1.87007	113.796
2.30898	113.904
2.76427	113.993
3.23924	114.059
3.72733	114.108
4.23078	114.155
4.75437	114.207
5.29944	114.258
5.86465	114.298
6.45066	114.312
7.05768	114.308
7.67976	114.298
8.31718	114.293
8.97775	114.29
9.65987	114.275
10.3679	114.252
11.0953	114.239
11.838	114.233
12.5961	114.234
13.3755	114.231
14.1691	114.225
14.9805	114.221
15.8076	114.219
16.6441	114.213
17.4902	114.206
18.3427	114.203
19.2016	114.198
20.0709	114.185
20.9509	114.172
21.8404	114.168
22.7322	114.161
23.6336	114.147
24.543	114.133
25.4606	114.125
26.3781	114.116
27.2971	114.102
28.2158	114.093
29.1212	114.084
30.0139	114.068
30.8957	114.051
31.784	114.037
32.6773	114.023
33.5688	114.006
34.4474	113.993
35.3213	113.985
36.1894	113.978
37.0544	113.969
37.9131	113.954
38.7678	113.94
39.6177	113.925
40.4603	113.908
41.2984	113.887
42.1276	113.865
42.9495	113.842
43.7663	113.815
44.5818	113.786
45.3904	113.759
46.1923	113.733
46.9804	113.708
47.7493	113.683
48.4983	113.656
49.236	113.629
49.9688	113.603
50.6982	113.58
51.4229	113.553
52.1435	113.524
52.8581	113.496
53.5691	113.476
54.2737	113.455
54.9781	113.427
55.6777	113.398
56.3739	113.374
57.0659	113.348
57.751	113.305
58.4368	113.255
59.1302	113.207
59.8294	113.159
60.5341	113.102
61.2426	113.043
61.9594	112.984
62.6847	112.917
63.4184	112.845
64.158	112.776
64.9031	112.709
65.6519	112.635
66.406	112.553
67.1649	112.467
67.9304	112.39
68.7002	112.319
69.4706	112.243
70.2337	112.164
70.9931	112.088
71.7494	112.015
72.5053	111.938
73.2605	111.857
74.0177	111.773
74.7784	111.69
75.5426	111.609
76.3106	111.523
77.0841	111.438
77.8617	111.351
78.6479	111.26
79.4409	111.17
80.239	111.081
81.0405	110.983
81.8476	110.881
82.6606	110.781
83.4772	110.676
84.298	110.567
85.1263	110.46
85.9617	110.348
86.8046	110.234
87.658	110.125
88.5164	110.019
89.3793	109.914
90.2473	109.807
91.119	109.701
91.9903	109.601
92.8576	109.498
93.7279	109.397
94.6014	109.3
95.4823	109.204
96.3659	109.107
97.2492	109.008
98.1325	108.913
99.0138	108.818
99.8962	108.719
100.776	108.619
101.651	108.522
102.524	108.428
103.395	108.34
104.268	108.257
105.135	108.174
105.993	108.089
106.842	108.004
107.688	107.914
108.529	107.822
109.366	107.729
110.196	107.636
111.017	107.544
111.835	107.454
112.65	107.365
113.461	107.275
114.264	107.182
115.06	107.086
115.855	106.99
116.646	106.89
117.434	106.785
118.218	106.677
118.995	106.579
119.768	106.477
120.542	106.363
121.318	106.247
122.097	106.137
122.87	106.025
123.631	105.908
124.391	105.796
125.146	105.681
125.894	105.557
126.638	105.436
127.383	105.319
128.128	105.194
128.87	105.061
129.608	104.927
130.342	104.795
131.071	104.655
131.796	104.507
132.517	104.348
133.233	104.178
133.945	103.997
134.651	103.806
135.355	103.608
136.055	103.402
136.751	103.191
137.443	102.987
138.134	102.775
138.82	102.557
139.5	102.339
140.177	102.131
140.843	101.926
141.506	101.726
142.169	101.525
142.827	101.326
143.481	101.129
144.128	100.939
144.768	100.752
145.403	100.568
146.038	100.39
146.669	100.217
147.296	100.05
147.919	99.8876
148.533	99.7275
149.144	99.5674
149.752	99.4103
150.355	99.2646
150.951	99.1254
151.54	98.9837
152.124	98.845
152.708	98.717
153.292	98.5997
153.873	98.4873
154.45	98.3796
155.024	98.2838
155.598	98.201
156.17	98.1298
156.74	98.0725
157.308	98.0341
157.873	98.0128
158.436	98.004
158.998	98.0046
159.56	98.014
160.124	98.0297
160.686	98.0419
161.246	98.0442
161.803	98.0307
162.357	98.0028
162.905	97.9632
163.449	97.9199
163.989	97.875
164.526	97.8238
165.057	97.7568
165.583	97.6775
166.102	97.5916
166.621	97.5029
167.134	97.4105
167.641	97.31
168.141	97.1992
168.634	97.0845
169.125	96.9745
169.616	96.8623
170.102	96.7531
170.585	96.643
171.064	96.5307
171.539	96.4199
172.013	96.3131
172.485	96.2002
172.974	96.0841
173.465	95.9649
173.964	95.8385
174.469	95.702
174.982	95.56
175.503	95.4186
176.031	95.2729
176.565	95.1179
177.104	94.9538
177.647	94.7863
178.198	94.6244
178.754	94.4574
179.314	94.2854
179.874	94.1068
180.435	93.9284
180.997	93.7585
181.554	93.5862
182.11	93.4137
182.665	93.2418
183.219	93.0756
183.771	92.9106
184.319	92.7481
184.859	92.5879
185.392	92.434
185.915	92.2852
186.426	92.1432
186.926	92.0078
187.411	91.8777
187.884	91.7527
188.339	91.6359
188.778	91.5318
189.203	91.4383
189.618	91.3553
190.031	91.2816
190.438	91.216
190.843	91.1589
191.25	91.118
191.657	91.0962
192.059	91.0914
192.456	91.1014
192.848	91.1259
193.239	91.1632
193.627	91.2085
194.009	91.2626
194.386	91.3318
194.758	91.4145
195.127	91.5119
195.498	91.625
195.872	91.7541
196.25	91.9055
196.623	92.0858
196.993	92.2884
197.368	92.5082
197.747	92.7465
198.126	93.0074
198.508	93.2946
198.885	93.6197
199.256	93.9829
199.623	94.3728
199.989	94.7859
200.35	95.226
200.704	95.6954
201.051	96.1943
201.386	96.7258
201.715	97.2857
202.036	97.8723
202.356	98.4858
202.669	99.1254
202.979	99.7875
203.288	100.469
203.596	101.172
203.9	101.892
204.194	102.634
204.476	103.396
204.749	104.177
205.015	104.974
205.275	105.786
205.535	106.608
205.801	107.44
206.079	108.282
206.36	109.133
206.645	109.99
206.932	110.861
207.22	111.743
207.513	112.635
207.81	113.531
208.11	114.427
208.408	115.32
208.706	116.214
209.006	117.106
209.306	117.999
209.604	118.889
209.901	119.777
210.2	120.664
210.496	121.554
210.792	122.441
211.086	123.331
211.378	124.22
211.668	125.11
211.955	125.998
212.241	126.884
212.523	127.767
212.806	128.653
213.089	129.537
213.371	130.419
213.647	131.297
213.922	132.171
214.194	133.041
214.461	133.904
214.723	134.76
214.982	135.607
215.235	136.446
215.482	137.272
215.723	138.078
215.953	138.867
216.176	139.643
216.393	140.405
216.605	141.153
216.81	141.882
217.004	142.591
217.187	143.277
217.361	143.938
217.525	144.575
217.68	145.187
217.827	145.773
217.969	146.337
218.105	146.876
218.236	147.394
218.364	147.893
218.484	148.379
218.6	148.852
218.714	149.317
218.827	149.778
218.935	150.238
219.035	150.694
219.124	151.146
219.197	151.593
219.254	152.036
219.296	152.476
219.322	152.915
219.332	153.352
219.319	153.788
219.285	154.222
219.228	154.654
219.148	155.081
219.046	155.504
218.928	155.921
218.79	156.328
218.633	156.723
218.458	157.107
218.259	157.478
218.038	157.832
217.798	158.169
217.54	158.49
217.267	158.793
216.982	159.082
216.683	159.356
216.366	159.607
216.035	159.836
215.691	160.047
215.331	160.235
214.958	160.396
214.581	160.531
214.192	160.656
213.793	160.767
213.387	160.86
212.98	160.934
212.572	160.997
212.156	161.063
211.729	161.131
211.289	161.186
210.835	161.221
210.367	161.248
209.881	161.276
209.382	161.31
208.87	161.344
208.338	161.369
207.783	161.388
207.205	161.389
206.604	161.372
205.986	161.345
205.351	161.317
204.698	161.288
204.024	161.26
203.332	161.228
202.622	161.193
201.893	161.154
201.148	161.116
200.384	161.084
199.602	161.061
198.801	161.05
197.984	161.047
197.152	161.051
196.302	161.062
195.435	161.082
194.55	161.113
193.65	161.154
192.736	161.205
191.818	161.265
190.892	161.335
189.966	161.412
189.039	161.496
188.114	161.586
187.186	161.682
186.258	161.778
185.329	161.874
184.401	161.968
183.471	162.064
182.539	162.161
181.604	162.26
180.67	162.36
179.738	162.46
178.807	162.558
177.878	162.655
176.952	162.754
176.028	162.849
175.101	162.942
174.173	163.039
173.245	163.137
172.322	163.231
171.397	163.324
170.474	163.417
169.554	163.512
168.634	163.608
167.717	163.705
166.802	163.805
165.889	163.906
164.978	164.007
164.07	164.108
163.163	164.208
162.259	164.311
161.357	164.414
160.457	164.517
159.561	164.619
158.668	164.72
157.776	164.824
156.881	164.929
155.985	165.031
155.084	165.134
154.18	165.241
153.274	165.35
152.364	165.459
151.451	165.57
150.534	165.686
149.613	165.806
148.691	165.916
147.767	166.033
146.843	166.15
145.913	166.263
144.978	166.376
144.036	166.491
143.088	166.607
142.137	166.719
141.178	166.824
140.216	166.922
139.247	167.017
138.274	167.107
137.298	167.19
136.321	167.273
135.341	167.354
134.356	167.436
133.364	167.522
132.368	167.611
131.366	167.7
130.361	167.787
129.361	167.872
128.363	167.952
127.369	168.029
126.378	168.106
125.389	168.184
124.4	168.261
123.413	168.337
122.425	168.412
121.436	168.486
120.449	168.564
119.461	168.639
118.473	168.715
117.487	168.792
116.501	168.868
115.514	168.944
114.527	169.02
113.542	169.095
112.558	169.17
111.574	169.244
110.587	169.32
109.598	169.397
108.611	169.474
107.627	169.547
106.645	169.622
105.662	169.696
104.677	169.769
103.695	169.837
102.716	169.908
101.739	169.975
100.76	170.045
99.7778	170.121
98.7943	170.203
97.8127	170.288
96.8296	170.376
95.848	170.466
94.8654	170.557
93.8831	170.647
92.9023	170.741
91.9219	170.836
90.9442	170.932
89.9649	171.031
88.9825	171.129
87.9982	171.23
87.0148	171.334
86.0329	171.435
85.0501	171.534
84.0652	171.631
83.0738	171.732
82.0829	171.826
81.0949	171.921
80.1131	172.017
79.1332	172.116
78.1468	172.215
77.1526	172.317
76.1558	172.416
75.1604	172.516
74.1652	172.613
73.1679	172.707
72.1685	172.801
71.1667	172.893
70.1651	172.982
69.1621	173.067
68.1571	173.146
67.151	173.225
66.1443	173.299
65.1351	173.373
64.1233	173.445
63.1094	173.516
62.0963	173.584
61.0848	173.654
60.0733	173.723
59.061	173.792
58.0495	173.863
57.0369	173.932
56.026	173.998
55.0171	174.064
54.0121	174.129
53.0084	174.191
52.0066	174.251
51.0098	174.311
50.0177	174.367
49.0317	174.423
48.0458	174.473
47.0603	174.522
46.0754	174.571
45.0972	174.615
44.1229	174.656
43.1542	174.696
42.1892	174.737
41.2258	174.776
40.2646	174.815
39.3082	174.855
38.3576	174.896
37.4113	174.935
36.4719	174.973
35.5373	175.01
34.6164	175.043
33.7051	175.074
32.8019	175.103
31.9023	175.13
31.014	175.155
30.1305	175.178
29.2559	175.2
28.3894	175.222
27.5341	175.24
26.6914	175.257
25.8619	175.272
25.0497	175.286
24.2519	175.302
23.4686	175.32
22.696	175.341
21.9328	175.365
21.1788	175.392
20.4326	175.42
19.6927	175.45
18.9594	175.481
18.2288	175.515
17.5056	175.551
16.791	175.587
16.0847	175.623
15.3908	175.66
14.7044	175.696
14.0282	175.732
13.3634	175.768
12.7078	175.807
12.0658	175.847
11.4417	175.885
10.8316	175.925
10.2375	175.967
9.66112	176.013
9.10197	176.059
8.55757	176.104
8.02827	176.149
7.51481	176.2
7.01447	176.254
6.52607	176.314
6.04975	176.376
5.58669	176.442
5.13556	176.511
4.69911	176.588
4.27938	176.671
3.87327	176.759
3.47942	176.848
3.0969	176.943
2.72977	177.043
2.38096	177.152
2.05014	177.268
1.72844	177.39
1.41153	177.518
1.09745	177.651
0.78907	177.796
0.486786	177.951
0.190681	178.113
-0.0931412	178.284
-0.364696	178.465
-0.626931	178.654
-0.88064	178.85
-1.12972	179.058
-1.3786	179.278
-1.6293	179.513
-1.87467	179.773
-2.11364	180.056
-2.34611	180.362
-2.57724	180.683
-2.80383	181.02
-3.01951	181.376
-3.22589	181.753
-3.42547	182.151
-3.61639	182.568
-3.80228	183.011
-3.98015	183.481
-4.1473	183.98
-4.2951	184.507
-4.42114	185.059
-4.5347	185.637
-4.63008	186.233
-4.70659	186.847
-4.76367	187.485
-4.80773	188.139
-4.8376	188.812
-4.85826	189.497
-4.87456	190.197
-4.88635	190.912
-4.8936	191.641
-4.89777	192.386
-4.90113	193.141
-4.9039	193.91
-4.9111	194.695
-4.9252	195.493
-4.94333	196.304
-4.95939	197.125
-4.97689	197.951
-5.00349	198.783
-5.03088	199.619
-5.05738	200.462
-5.08565	201.308
-5.11687	202.151
-5.14847	202.993
-5.18298	203.833
-5.2171	204.678
-5.25152	205.529
-5.28428	206.385
-5.31575	207.24
-5.35043	208.091
-5.38582	208.942
-5.42057	209.791
-5.4581	210.639
-5.50009	211.485
-5.54337	212.328
-5.58514	213.167
-5.63035	214.005
-5.67871	214.838
-5.72563	215.666
-5.77238	216.488
-5.82204	217.302
-5.87161	218.111
-5.91895	218.91
-5.96198	219.694
-6.00389	220.462
-6.04836	221.207
-6.09201	221.934
-6.13669	222.643
-6.17749	223.333
-6.22036	224.002
-6.26432	224.652
-6.30897	225.276
-6.35283	225.879
-6.39664	226.463
-6.44236	227.024
-6.48616	227.564
-6.52889	228.084
-6.56891	228.58
-6.60283	229.058
-6.63205	229.521
-6.65447	229.977
-6.66987	230.431
-6.67773	230.881
-6.67132	231.328
-6.65135	231.772
-6.62285	232.208
-6.58452	232.637
-6.52969	233.062
-6.4543	233.481
-6.36205	233.893
-6.24807	234.295
-6.1136	234.687
-5.96744	235.069
-5.80759	235.442
-5.63633	235.806
-5.45714	236.159
-5.26659	236.503
-5.06324	236.837
-4.83441	237.159
-4.57906	237.474
-4.30328	237.78
-4.01756	238.08
-3.72832	238.388
-3.4262	238.695
-3.09545	238.981
-2.73426	239.233
-2.35029	239.461
-1.94713	239.678
-1.5294	239.901
-1.08981	240.121
-0.619635	240.321
-0.124753	240.496
0.388058	240.641
0.917468	240.763
1.46642	240.871
2.03675	240.977
2.62589	241.073
3.2407	241.154
3.87129	241.229
4.5161	241.287
5.17742	241.337
5.85448	241.366
6.5524	241.38
7.27219	241.392
8.01132	241.401
8.76314	241.403
9.52079	241.389
10.2961	241.364
11.0827	241.337
11.8886	241.317
12.7118	241.302
13.5448	241.282
14.3902	241.261
15.2449	241.235
16.1104	241.208
16.9783	241.183
17.844	241.164
18.7047	241.147
19.5647	241.132
20.4274	241.122
21.2895	241.116
22.1543	241.111
23.018	241.109
23.8895	241.112
24.7654	241.117
25.642	241.126
26.5171	241.137
27.3898	241.147
28.2637	241.157
29.1394	241.167
30.0168	241.176
30.8981	241.184
31.7794	241.19
32.6576	241.195
33.5334	241.2
34.4077	241.208
35.2787	241.215
36.1495	241.223
37.0175	241.228
37.8821	241.228
38.7445	241.229
39.6061	241.229
40.4631	241.226
41.3131	241.22
42.1538	241.211
42.9902	241.202
43.8226	241.194
44.6551	241.186
45.4839	241.179
46.3096	241.174
47.1328	241.168
47.9538	241.157
48.7722	241.148
49.5822	241.137
50.3871	241.124
51.1882	241.109
51.9853	241.094
52.7813	241.081
53.5731	241.071
54.363	241.063
55.1488	241.057
55.9284	241.043
56.7043	241.033
57.4747	241.028
58.2459	241.018
59.0165	241
59.7758	240.987
60.5244	240.984
61.2632	240.969
62.004	240.949
62.7535	240.938
63.4989	240.935
64.2381	240.93
64.9712	240.923
65.6985	240.918
66.4244	240.924
67.1438	240.931
67.8581	240.93
68.5708	240.926
69.2815	240.922
69.9865	240.917
70.6874	240.906
71.3828	240.894
72.074	240.885
72.7579	240.881
73.4324	240.875
74.1007	240.87
74.7665	240.866
75.4303	240.86
76.0922	240.852
76.7529	240.849
77.4107	240.849
78.0655	240.845
78.7155	240.833
79.3627	240.82
80.0066	240.813
80.6481	240.804
81.2883	240.79
81.9289	240.766
82.574	240.743
83.2293	240.719
83.8937	240.691
84.5679	240.658
85.2505	240.617
85.9397	240.571
86.6363	240.523
87.3451	240.476
88.0653	240.422
88.7936	240.356
89.5312	240.284
90.2757	240.215
91.0323	240.135
91.8023	240.051
92.5882	239.961
93.3893	239.869
94.2038	239.772
95.0299	239.67
95.8686	239.568
96.7183	239.464
97.5803	239.36
98.4552	239.251
99.3439	239.142
100.25	239.032
101.166	238.922
102.097	238.818
103.039	238.715
103.994	238.621
104.958	238.533
105.932	238.449
106.918	238.367
107.914	238.289
108.915	238.218
109.914	238.15
110.913	238.083
111.919	238.017
112.932	237.948
113.949	237.88
114.965	237.81
115.982	237.744
116.998	237.683
118.01	237.621
119.018	237.56
120.025	237.5
121.034	237.441
122.043	237.383
123.048	237.33
124.047	237.279
125.046	237.227
126.047	237.181
127.045	237.137
128.037	237.095
129.022	237.055
130.006	237.022
130.988	236.992
131.969	236.967
132.944	236.942
133.913	236.912
134.878	236.88
135.838	236.851
136.796	236.816
137.753	236.779
138.71	236.747
139.663	236.716
140.611	236.682
141.556	236.649
142.498	236.611
143.439	236.568
144.38	236.52
145.318	236.47
146.255	236.416
147.19	236.359
148.126	236.291
149.064	236.22
150.004	236.145
150.943	236.059
151.884	235.964
152.827	235.86
153.768	235.751
154.708	235.633
155.648	235.503
156.585	235.362
157.519	235.212
158.455	235.054
159.392	234.881
160.33	234.696
161.262	234.501
162.196	234.297
163.131	234.085
164.064	233.867
164.997	233.649
165.928	233.434
166.857	233.216
167.787	233.007
168.721	232.801
169.658	232.6
170.594	232.408
171.526	232.223
172.453	232.045
173.375	231.872
174.297	231.705
175.222	231.548
176.15	231.401
177.075	231.257
177.994	231.118
178.911	230.987
179.823	230.861
180.726	230.735
181.618	230.611
182.497	230.488
183.362	230.368
184.208	230.253
185.035	230.14
185.853	230.027
186.667	229.916
187.482	229.809
188.296	229.701
189.11	229.589
189.922	229.476
190.735	229.361
191.544	229.243
192.333	229.125
193.127	229.031
194.084	228.884
194.972	228.756
195.845	228.624
196.728	228.503
197.611	228.392
198.486	228.283
199.361	228.179
200.209	228.077
201.05	227.978
201.883	227.88
202.71	227.788
203.54	227.698
204.357	227.609
205.173	227.526
205.98	227.445
206.774	227.365
207.553	227.294
208.313	227.22
209.053	227.148
209.767	227.072
210.453	227.001
211.112	226.936
211.741	226.874
212.342	226.811
212.915	226.75
213.463	226.695
213.987	226.647
214.489	226.602
214.974	226.554
215.449	226.504
215.916	226.453
216.378	226.4
216.833	226.344
217.277	226.285
217.708	226.224
218.122	226.163
218.513	226.103
218.88	226.046
219.221	225.994
219.548	225.944
219.867	225.891
220.185	225.835
220.5	225.776
220.814	225.718
221.121	225.659
221.425	225.6
221.726	225.541
222.023	225.481
222.316	225.416
222.61	225.347
222.905	225.273
223.206	225.194
223.506	225.11
223.811	225.018
224.118	224.92
224.429	224.819
224.741	224.709
225.054	224.584
225.372	224.451
225.699	224.31
226.034	224.157
226.376	223.993
226.725	223.812
227.075	223.611
227.422	223.393
227.773	223.156
228.123	222.902
228.475	222.629
228.829	222.334
229.18	222.015
229.531	221.676
229.881	221.315
230.226	220.932
230.565	220.53
230.894	220.102
231.212	219.652
231.519	219.181
231.817	218.69
232.105	218.178
232.379	217.645
232.644	217.094
232.895	216.522
233.126	215.923
233.335	215.299
233.526	214.652
233.706	213.99
233.862	213.311
233.98	212.61
234.068	211.894
234.138	211.166
234.186	210.425
234.203	209.672
234.195	208.908
234.165	208.132
234.117	207.345
234.052	206.551
233.969	205.756
233.871	204.959
233.758	204.157
233.629	203.351
233.484	202.54
233.322	201.728
233.146	200.915
232.955	200.096
232.749	199.281
232.524	198.469
232.29	197.65
232.047	196.819
231.789	195.981
231.515	195.139
231.234	194.299
230.954	193.46
230.674	192.613
230.388	191.766
230.098	190.917
229.808	190.068
229.52	189.215
229.231	188.362
228.945	187.511
228.667	186.66
228.396	185.811
228.135	184.965
227.881	184.121
227.636	183.28
227.395	182.444
227.162	181.614
226.939	180.794
226.725	179.989
226.519	179.199
226.322	178.427
226.132	177.677
225.947	176.945
225.766	176.236
225.587	175.544
225.412	174.872
225.239	174.215
225.074	173.584
224.912	172.971
224.746	172.369
224.582	171.783
224.417	171.213
224.249	170.652
224.076	170.1
223.896	169.559
223.707	169.032
223.511	168.522
223.303	168.029
223.088	167.555
222.862	167.094
222.62	166.649
222.359	166.219
222.078	165.806
221.774	165.413
221.457	165.033
221.118	164.674
220.762	164.334
220.391	164.008
220.006	163.704
219.605	163.424
219.188	163.171
218.756	162.939
218.31	162.722
217.848	162.52
217.366	162.341
216.87	162.19
216.36	162.062
215.834	161.949
215.29	161.851
214.727	161.775
214.148	161.716
213.552	161.67
212.947	161.632
212.33	161.605
211.699	161.59
211.049	161.582
210.383	161.581
209.699	161.591
208.998	161.61
208.283	161.638
207.554	161.672
206.812	161.716
206.054	161.769
205.282	161.825
204.496	161.88
203.696	161.934
202.883	161.988
202.054	162.041
201.213	162.095
200.364	162.149
199.504	162.207
198.629	162.268
197.745	162.33
196.847	162.396
195.938	162.462
195.016	162.531
194.081	162.603
193.136	162.679
192.178	162.758
191.21	162.842
190.233	162.931
189.247	163.025
188.253	163.122
187.255	163.217
186.255	163.311
185.25	163.404
184.242	163.496
183.234	163.587
182.226	163.678
181.22	163.769
180.215	163.857
179.211	163.945
178.213	164.036
177.218	164.122
176.221	164.209
175.227	164.302
174.235	164.395
173.25	164.487
172.278	164.577
171.304	164.668
170.333	164.76
169.362	164.851
168.394	164.942
167.43	165.034
166.471	165.126
165.513	165.218
164.556	165.309
163.599	165.4
162.645	165.491
161.69	165.581
160.735	165.672
159.782	165.761
158.83	165.853
157.877	165.947
156.923	166.043
155.967	166.142
155.01	166.245
154.052	166.348
153.09	166.454
152.126	166.566
151.156	166.682
150.185	166.786
149.21	166.894
148.239	167.001
147.258	167.105
146.27	167.205
145.274	167.308
144.273	167.407
143.265	167.501
142.25	167.587
141.227	167.668
140.197	167.744
139.161	167.816
138.121	167.883
137.08	167.95
136.032	168.014
134.978	168.081
133.914	168.15
132.844	168.222
131.767	168.293
130.688	168.362
129.61	168.426
128.53	168.488
127.449	168.549
126.367	168.61
125.285	168.672
124.202	168.734
123.119	168.796
122.037	168.861
120.955	168.927
119.874	168.993
118.794	169.061
117.714	169.127
116.634	169.193
115.554	169.26
114.476	169.326
113.398	169.391
112.319	169.456
111.238	169.522
110.156	169.586
109.078	169.648
108.003	169.71
106.926	169.773
105.848	169.833
104.772	169.895
103.7	169.961
102.628	170.028
101.551	170.101
100.469	170.183
99.3859	170.272
98.3024	170.365
97.2182	170.461
96.1316	170.561
95.0439	170.661
93.9565	170.766
92.869	170.872
91.782	170.981
90.6906	171.092
89.5953	171.205
88.4972	171.321
87.3974	171.435
86.2974	171.546
85.1894	171.659
84.0763	171.769
82.9586	171.874
81.8447	171.977
80.7325	172.074
79.6128	172.169
78.4806	172.26
77.3415	172.348
76.1985	172.43
75.0531	172.508
73.9007	172.583
72.7437	172.66
71.5829	172.736
70.4196	172.811
69.2508	172.882
68.0776	172.95
66.9013	173.014
65.72	173.077
64.537	173.137
63.3591	173.191
62.1829	173.242
61.006	173.292
59.8332	173.339
58.6614	173.385
57.4903	173.43
56.322	173.474
55.1585	173.516
53.9969	173.555
52.8398	173.596
51.688	173.632
50.5426	173.67
49.4005	173.706
48.2591	173.74
47.1197	173.776
45.9867	173.808
44.8625	173.836
43.7477	173.861
42.6403	173.882
41.5406	173.901
40.4551	173.919
39.382	173.936
38.3224	173.951
37.2753	173.967
36.2455	173.981
35.2336	173.992
34.2382	174
33.2545	174.006
32.2909	174.011
31.3407	174.015
30.408	174.018
29.4908	174.019
28.5901	174.017
27.7076	174.015
26.8383	174.014
25.9861	174.015
25.1494	174.021
24.3233	174.033
23.5094	174.049
22.7074	174.075
21.9164	174.111
21.1355	174.157
20.3659	174.213
19.6067	174.277
18.8584	174.352
18.1219	174.433
17.398	174.521
16.6865	174.616
15.9855	174.716
15.2947	174.818
14.6142	174.921
13.9438	175.025
13.2868	175.126
12.6442	175.221
12.0175	175.31
11.4058	175.393
10.8123	175.47
10.2372	175.543
9.68182	175.609
9.14791	175.67
8.63575	175.724
8.14692	175.774
7.68261	175.819
7.24394	175.858
6.83069	175.891
6.4433	175.922
6.08233	175.95
5.7473	175.975
5.43523	175.995
5.14427	176.012
4.87499	176.028
4.62549	176.042
4.39073	176.058
4.1664	176.071
3.94902	176.083
3.73805	176.094
3.53296	176.107
3.33166	176.119
3.13162	176.127
2.93114	176.134
2.72977	176.144
2.52901	176.155
2.32895	176.165
2.12946	176.174
1.93087	176.182
1.73289	176.187
1.53455	176.19
1.33288	176.189
1.12076	176.187
0.891063	176.188
0.640881	176.191
0.36875	176.194
0.0789195	176.197
-0.227246	176.2
-0.551333	176.203
-0.895801	176.201
-1.26411	176.197
-1.6562	176.193
-2.07291	176.191
-2.51535	176.194
-2.9822	176.201
-3.47222	176.207
-3.98266	176.21
-4.51161	176.219
-5.05714	176.24
-5.61747	176.265
-6.19633	176.286
-6.79671	176.291
-7.41679	176.294
-8.05944	176.308
-8.72494	176.329
-9.40459	176.336
-10.0982	176.334
-10.8032	176.327
-11.5232	176.32
-12.2677	176.313
-13.0399	176.314
-13.8325	176.313
-14.6386	176.309
-15.4547	176.298
-16.2848	176.285
-17.1345	176.276
-18.0031	176.267
-18.8873	176.254
-19.7821	176.244
-20.6879	176.235
-21.607	176.224
-22.5372	176.213
-23.4761	176.201
-24.4268	176.192
-25.3906	176.185
-26.3664	176.181
-27.3523	176.178
-28.3442	176.178
-29.3423	176.178
-30.347	176.181
-31.3575	176.185
-32.3723	176.188
-33.3943	176.19
-34.4221	176.191
-35.4558	176.186
-36.4921	176.18
-37.5316	176.177
-38.58	176.171
-39.633	176.164
-40.6856	176.161
-41.7396	176.159
-42.7971	176.156
-43.8577	176.152
-44.9184	176.15
-45.9776	176.144
-47.0355	176.135
-48.092	176.126
-49.1504	176.116
-50.2145	176.105
-51.2832	176.1
-52.3513	176.094
-53.4118	176.085
-54.4678	176.075
-55.523	176.069
-56.5816	176.063
-57.6463	176.059
-58.7126	176.056
-59.7791	176.058
-60.8443	176.056
-61.909	176.054
-62.9719	176.051
-64.0377	176.046
-65.1053	176.042
-66.1773	176.036
-67.2471	176.026
-68.3117	176.016
-69.3745	176.001
-70.4392	175.985
-71.5131	175.969
-72.5903	175.954
-73.6707	175.942
-74.7472	175.928
-75.8232	175.911
-76.9021	175.888
-77.9848	175.862
-79.067	175.839
-80.1486	175.813
-81.2339	175.786
-82.3204	175.762
-83.4045	175.73
-84.4898	175.694
-85.5771	175.654
-86.67	175.612
-87.7661	175.568
-88.8623	175.522
-89.9548	175.472
-91.0437	175.423
-92.1326	175.371
-93.2242	175.315
-94.3208	175.256
-95.4203	175.193
-96.5199	175.126
-97.6168	175.057
-98.7145	174.987
-99.8131	174.914
-100.91	174.841
-102.007	174.764
-103.105	174.684
-104.206	174.602
-105.306	174.516
-106.406	174.433
-107.505	174.347
-108.608	174.254
-109.71	174.162
-110.811	174.067
-111.914	173.969
-113.02	173.871
-114.127	173.773
-115.235	173.672
-116.345	173.572
-117.459	173.471
-118.575	173.375
-119.688	173.275
-120.799	173.169
-121.911	173.069
-123.027	172.963
-124.148	172.855
-125.272	172.752
-126.398	172.649
-127.523	172.542
-128.648	172.436
-129.773	172.328
-130.897	172.219
-132.024	172.108
-133.153	171.995
-134.283	171.886
-135.416	171.775
-136.55	171.667
-137.685	171.562
-138.821	171.454
-139.957	171.347
-141.089	171.239
-142.223	171.127
-143.362	171.016
-144.499	170.905
-145.634	170.801
-146.766	170.696
-147.901	170.591
-149.034	170.481
-150.163	170.368
-151.292	170.256
-152.422	170.144
-153.555	170.033
-154.689	169.925
-155.808	169.818
-156.916	169.705
-158.025	169.592
-159.141	169.485
-160.26	169.378
-161.374	169.274
-162.477	169.167
-163.568	169.061
-164.649	168.961
-165.724	168.86
-166.805	168.76
-167.895	168.66
-168.98	168.563
-170.044	168.453
-171.089	168.343
-172.118	168.23
-173.141	168.124
-174.166	168.017
-175.195	167.911
-176.22	167.805
-177.235	167.698
-178.236	167.593
-179.23	167.489
-180.219	167.387
-181.201	167.285
-182.172	167.184
-183.141	167.085
-184.108	166.988
-185.064	166.889
-186.013	166.792
-186.957	166.697
-187.898	166.601
-188.836	166.508
-189.766	166.415
-190.687	166.32
-191.599	166.22
-192.508	166.118
-193.416	166.016
-194.322	165.905
-195.224	165.8
-196.124	165.695
-197.014	165.576
-197.895	165.459
-198.774	165.337
-199.655	165.206
-200.531	165.066
-201.399	164.921
-202.257	164.776
-203.107	164.623
-203.951	164.464
-204.792	164.3
-205.635	164.133
-206.472	163.97
-207.304	163.809
-208.133	163.652
-208.956	163.501
-209.771	163.348
-210.57	163.197
-211.357	163.055
-212.135	162.924
-212.902	162.803
-213.662	162.696
-214.412	162.606
-215.154	162.529
-215.886	162.462
-216.608	162.401
-217.32	162.35
-218.023	162.311
-218.715	162.286
-219.397	162.271
-220.069	162.267
-220.73	162.275
-221.379	162.293
-222.015	162.322
-222.635	162.358
-223.243	162.403
-223.838	162.453
-224.423	162.515
-224.997	162.582
-225.56	162.657
-226.112	162.736
-226.652	162.814
-227.178	162.899
-227.693	162.986
-228.197	163.072
-228.693	163.152
-229.178	163.226
-229.651	163.295
-230.114	163.359
-230.564	163.415
-231.001	163.464
-231.424	163.501
-231.835	163.526
-232.235	163.538
-232.624	163.54
-233.001	163.531
-233.366	163.51
-233.718	163.471
-234.059	163.416
-234.391	163.344
-234.712	163.262
-235.022	163.17
-235.328	163.072
-235.628	162.961
-235.922	162.841
-236.207	162.71
-236.483	162.564
-236.747	162.411
-237.003	162.25
-237.253	162.083
-237.5	161.912
-237.743	161.745
-237.974	161.571
-238.193	161.388
-238.411	161.196
-238.631	160.998
-238.846	160.796
-239.055	160.592
-239.267	160.393
-239.483	160.192
-239.694	159.987
-239.898	159.776
-240.102	159.562
-240.305	159.344
-240.505	159.114
-240.704	158.873
-240.902	158.62
-241.098	158.36
-241.288	158.09
-241.474	157.812
-241.649	157.52
-241.821	157.215
-241.988	156.899
-242.152	156.572
-242.312	156.231
-242.462	155.873
-242.599	155.494
-242.725	155.092
-242.856	154.671
-242.991	154.231
-243.113	153.771
-243.224	153.287
-243.332	152.78
-243.445	152.252
-243.565	151.703
-243.691	151.132
-243.815	150.538
-243.924	149.919
-244.027	149.27
-244.121	148.59
-244.215	147.882
-244.298	147.143
-244.375	146.38
-244.442	145.594
-244.503	144.783
-244.563	143.944
-244.616	143.082
-244.668	142.196
-244.721	141.288
-244.773	140.361
-244.823	139.411
-244.876	138.435
-244.933	137.432
-244.988	136.408
-245.043	135.362
-245.094	134.295
-245.143	133.206
-245.188	132.093
-245.231	130.954
-245.274	129.791
-245.322	128.612
-245.366	127.424
-245.412	126.235
-245.458	125.051
-245.497	123.873
-245.53	122.697
-245.562	121.516
-245.589	120.337
-245.611	119.161
-245.636	117.985
-245.658	116.809
-245.679	115.63
-245.699	114.451
-245.712	113.272
-245.72	112.092
-245.726	110.916
-245.73	109.744
-245.732	108.573
-245.736	107.408
-245.739	106.243
-245.744	105.081
-245.747	103.92
-245.75	102.759
-245.749	101.602
-245.746	100.451
-245.74	99.3
-245.732	98.1521
-245.721	97.0057
-245.709	95.8659
-245.696	94.7305
-245.68	93.598
-245.664	92.4654
-245.645	91.3335
-245.627	90.202
-245.61	89.0742
-245.595	87.9525
-245.579	86.8336
-245.564	85.7168
-245.552	84.5971
-245.549	83.4836
-245.552	82.3745
-245.562	81.2686
-245.576	80.1616
-245.592	79.0541
-245.603	77.947
-245.611	76.8391
-245.624	75.7362
-245.633	74.6396
-245.65	73.548
-245.676	72.4509
-245.7	71.3489
-245.723	70.2432
-245.744	69.1401
-245.762	68.0388
-245.78	66.9407
-245.799	65.8488
-245.822	64.7565
-245.845	63.6691
-245.866	62.5814
-245.884	61.5013
-245.899	60.4222
-245.912	59.3453
-245.922	58.2707
-245.931	57.1985
-245.938	56.1309
-245.943	55.0647
-245.945	54.0016
-245.944	52.941
-245.942	51.8835
-245.938	50.8277
-245.933	49.7749
-245.929	48.724
-245.924	47.6745
-245.92	46.6267
-245.917	45.58
-245.913	44.5372
-245.909	43.4994
-245.909	42.4627
-245.911	41.43
-245.92	40.3989
-245.931	39.372
-245.946	38.3496
-245.963	37.3296
-245.981	36.3119
-246	35.2975
-246.024	34.2833
-246.048	33.2747
-246.074	32.2715
-246.1	31.2712
-246.129	30.2733
-246.157	29.277
-246.185	28.2825
-246.213	27.2913
-246.238	26.305
-246.258	25.3223
-246.27	24.3428
-246.275	23.3668
-246.268	22.3948
-246.251	21.4251
-246.225	20.4577
-246.189	19.4938
-246.143	18.5331
-246.09	17.5797
-246.024	16.6309
-245.947	15.6813
-245.854	14.7317
-245.747	13.7887
-245.622	12.8523
-245.477	11.9225
-245.31	10.9954
-245.124	10.0715
-244.919	9.149
-244.695	8.23613
-244.451	7.32699
-244.186	6.42595
-243.898	5.52889
-243.588	4.63646
-243.254	3.74591
-242.898	2.85882
-242.519	1.97431
-242.119	1.0948
-241.698	0.221012
-241.252	-0.646701
-240.781	-1.50936
-240.284	-2.36931
-239.765	-3.22199
-239.228	-4.0654
-238.665	-4.90664
-238.081	-5.7462
-237.476	-6.5841
-236.853	-7.41937
-236.209	-8.25496
-235.552	-9.09225
-234.886	-9.92994
-234.21	-10.7716
-233.53	-11.6175
-232.842	-12.4676
-232.146	-13.322
-231.444	-14.1834
-230.734	-15.046
-230.023	-15.9124
-229.31	-16.7805
-228.598	-17.6488
-227.89	-18.5202
-227.18	-19.3958
-226.476	-20.2752
-225.78	-21.1588
-225.09	-22.0452
-224.408	-22.9356
-223.734	-23.8293
-223.069	-24.7286
-222.415	-25.6327
-221.772	-26.5415
-221.139	-27.4552
-220.513	-28.3745
-219.892	-29.2934
-219.273	-30.2081
-218.656	-31.1217
-218.04	-32.0341
-217.429	-32.9465
-216.824	-33.8569
-216.222	-34.7643
-215.625	-35.6666
-215.031	-36.5636
-214.44	-37.4546
-213.85	-38.3413
-213.266	-39.2232
-212.687	-40.1002
-212.113	-40.9711
-211.542	-41.8364
-210.978	-42.69
-210.423	-43.5263
-209.883	-44.3406
-209.352	-45.1318
-208.832	-45.8973
-208.324	-46.6338
-207.827	-47.3424
-207.339	-48.0252
-206.86	-48.6805
-206.39	-49.3125
-205.936	-49.9184
-205.492	-50.497
-205.062	-51.0516
-204.644	-51.5847
-204.237	-52.0974
-203.841	-52.5902
-203.454	-53.0643
-203.076	-53.5184
-202.704	-53.9545
-202.335	-54.3745
-201.967	-54.7795
-201.6	-55.1691
-201.238	-55.5445
-200.879	-55.9057
-200.555	-56.25
-200.007	-56.6031
-199.463	-56.9188
-198.982	-57.2271
-198.605	-57.5166
-198.248	-57.7811
-197.902	-58.0147
-197.579	-58.2163
-197.268	-58.3923
-196.977	-58.5506
-196.699	-58.6968
-196.422	-58.8342
-196.146	-58.9641
-195.867	-59.085
-195.585	-59.1918
-195.304	-59.2857
-195.025	-59.37
-194.746	-59.4475
-194.468	-59.5171
-194.188	-59.5774
-193.899	-59.6306
-193.6	-59.6799
-193.289	-59.7242
-192.966	-59.7645
-192.63	-59.7951
-192.281	-59.8188
-191.92	-59.8324
-191.544	-59.8354
-191.152	-59.83
-190.744	-59.8154
-190.321	-59.7832
-189.885	-59.7334
-189.427	-59.6717
-188.947	-59.5981
-188.446	-59.5115
-187.926	-59.411
-187.383	-59.2949
-186.822	-59.1597
-186.243	-59.0058
-185.645	-58.8338
-185.021	-58.64
-184.372	-58.4285
-183.704	-58.1906
-183.018	-57.9295
-182.324	-57.6414
-181.623	-57.3275
-180.912	-56.9867
-180.193	-56.6216
-179.47	-56.2191
-178.738	-55.7804
-177.995	-55.3145
-177.244	-54.8231
-176.485	-54.3092
-175.717	-53.772
-174.936	-53.2154
-174.142	-52.6419
-173.333	-52.0514
-172.512	-51.4553
-171.679	-50.8557
-170.836	-50.2527
-169.979	-49.6426
-169.109	-49.0238
-168.224	-48.3931
-167.327	-47.7575
-166.417	-47.1135
-165.497	-46.4639
-164.564	-45.8111
-163.615	-45.1516
-162.66	-44.4911
-161.691	-43.8253
-160.706	-43.1545
-159.709	-42.4795
-158.704	-41.8105
-157.686	-41.1456
-156.656	-40.4851
-155.611	-39.8265
-154.553	-39.1702
-153.497	-38.5174
-152.436	-37.8699
-151.37	-37.2282
-150.297	-36.5942
-149.217	-35.9694
-148.131	-35.3541
-147.048	-34.7504
-145.965	-34.1539
-144.878	-33.5635
-143.788	-32.9821
-142.708	-32.4065
-141.634	-31.8515
-140.565	-31.2933
-139.491	-30.7337
-138.416	-30.1713
-137.347	-29.6074
-136.282	-29.046
-135.217	-28.4934
-134.151	-27.9369
-133.082	-27.3853
-132.016	-26.8336
-130.945	-26.2751
-129.87	-25.713
-128.794	-25.1543
-127.718	-24.5972
-126.645	-24.0421
-125.575	-23.4864
-124.503	-22.9336
-123.433	-22.3799
-122.361	-21.8257
-121.289	-21.2734
-120.224	-20.7249
-119.164	-20.179
-118.109	-19.6319
-117.057	-19.0824
-116.005	-18.5314
-114.958	-17.9801
-113.918	-17.4293
-112.885	-16.8783
-111.853	-16.3277
-110.818	-15.7791
-109.783	-15.2366
-108.755	-14.7085
-107.73	-14.1952
-106.699	-13.6933
-105.656	-13.1997
-104.604	-12.7169
-103.549	-12.2493
-102.495	-11.7963
-101.442	-11.356
-100.385	-10.921
-99.3176	-10.4956
-98.2524	-10.0633
-97.1954	-9.63551
-96.1388	-9.21965
-95.0775	-8.79984
-94.0123	-8.38506
-92.9434	-7.97725
-91.8755	-7.57161
-90.8089	-7.16631
-89.7435	-6.75477
-88.6787	-6.34238
-87.6179	-5.94411
-86.5589	-5.55466
-85.4938	-5.1752
-84.4159	-4.80591
-83.3307	-4.44204
-82.2425	-4.08373
-81.1553	-3.73312
-80.0659	-3.39262
-78.9729	-3.06264
-77.8793	-2.74248
-76.7808	-2.43088
-75.6773	-2.127
-74.5708	-1.83044
-73.4638	-1.54282
-72.3534	-1.26007
-71.2441	-0.987204
-70.1357	-0.718058
-69.0314	-0.451619
-67.9251	-0.186669
-66.819	0.0768964
-65.7131	0.338129
-64.6122	0.592759
-63.5158	0.842754
-62.4205	1.08821
-61.3255	1.32984
-60.2318	1.57032
-59.1409	1.80902
-58.0547	2.04594
-56.9694	2.27994
-55.8846	2.51186
-54.7988	2.73939
-53.7146	2.96282
-52.6333	3.18449
-51.5564	3.40107
-50.4805	3.61381
-49.4054	3.82596
-48.3313	4.03906
-47.2593	4.24987
-46.1887	4.46214
-45.1253	4.66553
-44.0671	4.86859
-43.0118	5.0691
-41.9556	5.26403
-40.9031	5.45615
-39.8544	5.64596
-38.8059	5.83606
-37.7582	6.0202
-36.7148	6.19931
-35.6766	6.37517
-34.644	6.54473
-33.6115	6.71231
-32.5806	6.87838
-31.5516	7.04219
-30.5269	7.20051
-29.5036	7.35712
-28.4865	7.51036
-27.4748	7.66209
-26.4707	7.80903
-25.4745	7.95292
-24.4883	8.09655
-23.5111	8.23682
-22.5454	8.37338
-21.5953	8.50737
-20.658	8.63911
-19.7338	8.76846
-18.8182	8.89448
-17.9139	9.01746
-17.0188	9.13642
-16.1374	9.25406
-15.2726	9.36674
-14.4264	9.47706
-13.601	9.58518
-12.7956	9.69148
-12.0126	9.79467
-11.2478	9.89208
-10.5019	9.9853
-9.77065	10.077
-9.05774	10.1698
-8.36169	10.2597
-7.6826	10.3462
-7.02161	10.431
-6.38014	10.5157
-5.75423	10.5978
-5.14352	10.6753
-4.54642	10.7461
-3.96699	10.8135
-3.40251	10.8764
-2.85747	10.9367
-2.33552	10.9951
-1.83417	11.0532
-1.35625	11.1088
-0.90345	11.1574
-0.478935	11.2036
-0.0770408	11.2465
0.30234	11.2909
0.660042	11.328
0.993344	11.3653
1.30736	11.4034
1.60578	11.443
1.89151	11.4841
2.16665	11.5292
2.43081	11.5757
2.68638	11.6217
2.9341	11.6713
3.17768	11.7257
3.41596	11.7886
3.65015	11.8595
3.87919	11.934
4.09525	12.0023
4.28162	12.06
4.42696	12.102
4.5291	12.1335
4.59456	12.1563
4.63009	12.1709
4.63735	12.1725
4.62202	12.1663
4.61045	12.1607
4.61026	12.1602
4.61114	12.1609
4.61002	12.1613
4.61156	12.1615
4.61336	12.1616
4.61202	12.1614
4.61128	12.1613
4.61239	12.1615
4.61261	12.1615
4.61192	12.1615
4.61193	12.1614
4.6124	12.1614
4.61209	12.1615
4.6118	12.1614
4.61205	12.1614
4.6121	12.1614
4.61183	12.1614
4.61185	12.1614
4.61183	12.1615
4.61149	12.1616
4.61137	12.162
4.6113	12.1624
4.61113	12.1631
4.61064	12.1641
4.53519	12.355
4.49426	12.4707
4.47804	12.5309
4.45654	12.5938
4.4529	12.585
4.45352	12.5835
4.45378	12.5814
4.45375	12.5812
4.45401	12.5811
4.45403	12.5812
4.45402	12.5812
4.45402	12.5811
4.45398	12.5811
4.45392	12.5811
4.45398	12.5811
4.45397	12.5811
4.45381	12.5811
4.45379	12.581
4.45376	12.5811
4.45366	12.581
4.45369	12.581
4.45365	12.581
4.45358	12.581
4.45363	12.581
4.45358	12.581
4.45354	12.581
4.45354	12.581
4.45352	12.5809
4.45341	12.581
4.45338	12.5809
4.45328	12.581
4.45334	12.581
4.45321	12.5809
4.45334	12.581
4.45335	12.581
4.45392	12.5811
4.45737	12.5812
4.46348	12.5826
4.47239	12.5842
4.48276	12.5866
4.49501	12.5901
4.5092	12.5941
4.52483	12.5993
4.54459	12.6067
4.5727	12.6178
4.61515	12.6354
4.67646	12.6597
4.75803	12.6929
4.8621	12.7355
4.98569	12.7897
5.13004	12.8544
5.29605	12.9314
5.48362	13.0233
5.68938	13.1342
5.91399	13.2614
6.15118	13.4062
6.39848	13.5791
6.65576	13.7752
6.92167	13.9942
7.195	14.2397
7.47497	14.5108
7.75623	14.8044
8.03399	15.1236
8.31179	15.4721
8.58799	15.8545
8.86609	16.2736
9.13999	16.7291
9.40664	17.2147
9.65564	17.7322
9.89399	18.2846
10.1319	18.8696
10.3552	19.4847
10.5611	20.129
10.7535	20.8003
10.9399	21.5017
11.104	22.2306
11.2393	22.9875
11.3499	23.7748
11.4431	24.5879
11.5132	25.4249
11.5598	26.2881
11.5868	27.179
11.5963	28.0937
11.5921	29.0333
11.5776	29.9963
11.5553	30.9849
11.527	31.999
11.4959	33.0379
11.4643	34.0974
11.4326	35.1795
11.3996	36.2843
11.3694	37.4141
11.3372	38.5675
11.3032	39.7384
11.2664	40.9252
11.23	42.1215
11.1889	43.3192
11.1478	44.5153
11.1054	45.7104
11.0604	46.9063
11.0125	48.0979
10.9614	49.2847
10.9084	50.4675
10.8559	51.6523
10.798	52.8368
10.7444	54.0183
10.688	55.1923
10.6295	56.3631
10.5736	57.5282
10.5172	58.6914
10.4636	59.8507
10.4108	61.0064
10.3583	62.1636
10.3059	63.3249
10.2532	64.4844
10.2002	65.638
10.1493	66.783
10.1019	67.9236
10.0476	69.0599
9.99218	70.1956
9.93657	71.3298
9.87682	72.4682
9.81852	73.6025
9.76507	74.7308
9.71487	75.8557
9.66507	76.9782
9.61541	78.0983
9.56439	79.2154
9.5129	80.3282
9.45932	81.4361
9.40558	82.542
9.34871	83.6477
9.29111	84.7538
9.23317	85.8591
9.17367	86.9603
9.1154	88.0536
9.05946	89.1445
9.00124	90.2329
8.94407	91.3187
8.88696	92.4032
8.8286	93.4859
8.76896	94.5675
8.70951	95.6439
8.65228	96.7192
8.59686	97.7907
8.54346	98.8635
8.4903	99.9337
8.43802	101.003
8.38539	102.071
8.33388	103.136
8.28527	104.194
8.2394	105.246
8.1972	106.297
8.15544	107.347
8.11409	108.4
8.07806	109.454
8.04764	110.506
8.02399	111.547
8.00375	112.577
7.98555	113.6
7.96556	114.624
7.94187	115.655
7.9154	116.694
7.89095	117.74
7.86363	118.796
7.83612	119.858
7.81489	120.928
7.78749	122.007
7.75878	123.099
7.72963	124.197
7.69915	125.299
7.67011	126.407
7.63517	127.518
7.60351	128.635
7.56952	129.763
7.53257	130.909
7.4938	132.067
7.45591	133.232
7.41416	134.401
7.36876	135.572
7.32377	136.75
7.27619	137.937
7.22774	139.126
7.17722	140.31
7.12494	141.492
7.07063	142.67
7.01565	143.846
6.95789	145.022
6.89813	146.198
6.83768	147.369
6.77834	148.536
6.71893	149.698
6.66163	150.86
6.60347	152.025
6.54447	153.184
6.48024	154.334
6.41359	155.478
6.3457	156.615
6.27958	157.748
6.21304	158.875
6.1514	159.995
6.09258	161.102
6.03458	162.2
5.97888	163.293
5.92357	164.38
5.87069	165.463
5.82065	166.533
5.76914	167.599
5.72375	168.661
5.67852	169.718
5.63152	170.767
5.5965	171.811
5.56202	172.856
5.52672	173.899
5.48954	174.939
5.44933	175.972
5.40548	177.004
5.35965	178.036
5.31703	179.079
5.27797	180.13
5.2459	181.192
5.21662	182.276
5.17775	183.363
5.1284	184.453
5.08426	185.536
5.0413	186.62
4.992	187.704
4.93405	188.789
4.87764	189.88
4.81753	190.979
4.75837	192.09
4.6966	193.208
4.64509	194.333
4.59192	195.463
4.53504	196.6
4.47919	197.744
4.41721	198.896
4.35804	200.05
4.30378	201.207
4.25295	202.36
4.20443	203.504
4.15353	204.646
4.10352	205.793
4.04978	206.939
3.99349	208.076
3.94352	209.207
3.89179	210.335
3.8453	211.462
3.79945	212.584
3.74875	213.701
3.70002	214.813
3.64861	215.919
3.60233	217.012
3.55784	218.091
3.51749	219.152
3.47497	220.189
3.4394	221.202
3.39787	222.204
3.35846	223.194
3.32211	224.172
3.28892	225.136
3.25837	226.093
3.22304	227.048
3.18755	228.003
3.15903	228.956
3.1281	229.906
3.10124	230.855
3.07632	231.805
3.04977	232.75
3.02363	233.695
2.99822	234.638
2.96634	235.575
2.94995	236.516
2.93135	237.461
2.90794	238.404
2.89285	239.351
2.87073	240.311
2.83003	241.273
2.78876	242.246
2.73185	243.219
2.66692	244.208
2.59577	245.199
2.52407	246.194
2.44621	247.195
2.35476	248.206
2.2719	249.228
2.20025	250.267
2.13112	251.317
2.06501	252.38
2.00433	253.454
1.93786	254.536
1.86838	255.634
1.79816	256.749
1.72667	257.879
1.65721	259.021
1.59276	260.174
1.52937	261.338
1.46606	262.509
1.40044	263.689
1.33608	264.879
1.26484	266.079
1.19412	267.288
1.12787	268.495
1.05929	269.697
0.990839	270.895
0.923778	272.09
0.853181	273.275
0.790423	274.455
0.72618	275.634
0.663299	276.809
0.607025	277.987
0.548969	279.162
0.484511	280.334
0.420185	281.494
0.354594	282.648
0.287914	283.799
0.224325	284.943
0.167176	286.08
0.111723	287.207
0.0550651	288.322
-0.00433601	289.419
-0.0646666	290.499
-0.127997	291.564
-0.192396	292.618
-0.255297	293.656
-0.318113	294.678
-0.382381	295.685
-0.445358	296.67
-0.509637	297.633
-0.574076	298.591
-0.637431	299.546
-0.698737	300.502
-0.762412	301.456
-0.825229	302.408
-0.888795	303.356
-0.951668	304.299
-1.01404	305.238
-1.07449	306.176
-1.13097	307.116
-1.18743	308.061
-1.24064	309.009
-1.2859	309.961
-1.32439	310.913
-1.36169	311.87
-1.39712	312.831
-1.42853	313.799
-1.45923	314.777
-1.48811	315.766
-1.51516	316.762
-1.53757	317.762
-1.55393	318.775
-1.56177	319.805
-1.56781	320.849
-1.56814	321.894
-1.56771	322.94
-1.56423	323.999
-1.55737	325.076
-1.54705	326.166
-1.5309	327.257
-1.51016	328.35
-1.48398	329.45
-1.45431	330.558
-1.4172	331.67
-1.37707	332.796
-1.32976	333.933
-1.27626	335.077
-1.2173	336.223
-1.15482	337.375
-1.08404	338.533
-1.01255	339.694
-0.943326	340.86
-0.87219	342.036
-0.800524	343.223
-0.729598	344.419
-0.654018	345.62
-0.576892	346.825
-0.500784	348.036
-0.424476	349.252
-0.350187	350.471
-0.27448	351.692
-0.199217	352.91
-0.126423	354.123
-0.0547589	355.328
0.0103223	356.53
0.0729469	357.73
0.135712	358.928
0.199988	360.124
0.260642	361.314
0.317074	362.502
0.373201	363.685
0.42728	364.864
0.479326	366.042
0.531087	367.212
0.579922	368.372
0.629755	369.528
0.679048	370.688
0.721777	371.851
0.759477	373.007
0.795978	374.152
0.823765	375.285
0.849052	376.41
0.879136	377.533
0.90762	378.66
0.935949	379.785
0.964614	380.904
0.993789	382.013
1.01962	383.11
