0	-0
-0.00134281	0.674086
-0.0112649	1.36536
-0.025743	2.07406
-0.0432712	2.79846
-0.0606281	3.53957
-0.0861747	4.29402
-0.116989	5.06248
-0.149637	5.84646
-0.183828	6.64225
-0.22034	7.4467
-0.264031	8.25647
-0.307389	9.07402
-0.347096	9.90078
-0.392267	10.7378
-0.437738	11.5827
-0.490096	12.4341
-0.543217	13.2942
-0.601787	14.1618
-0.659538	15.0398
-0.715484	15.9271
-0.773741	16.8187
-0.833417	17.7143
-0.893982	18.6141
-0.95466	19.5208
-1.01772	20.4337
-1.08465	21.3559
-1.14999	22.2831
-1.21139	23.2156
-1.2716	24.1501
-1.33211	25.0875
-1.39219	26.0271
-1.45017	26.9746
-1.50496	27.9308
-1.56062	28.8958
-1.6161	29.8657
-1.66526	30.8321
-1.72177	31.8009
-1.78623	32.7723
-1.85239	33.7501
-1.9196	34.7354
-1.99147	35.7233
-2.06186	36.7116
-2.13202	37.6988
-2.20265	38.6884
-2.28095	39.676
-2.35385	40.6602
-2.42499	41.6427
-2.50106	42.6221
-2.57275	43.6014
-2.64299	44.582
-2.71815	45.5573
-2.79721	46.5232
-2.87516	47.4851
-2.95125	48.4474
-3.025	49.4127
-3.09718	50.3735
-3.16987	51.3286
-3.24053	52.2783
-3.31091	53.2248
-3.384	54.1712
-3.45532	55.1175
-3.52776	56.0625
-3.6077	56.9996
-3.68641	57.9229
-3.76583	58.8333
-3.84554	59.7348
-3.9307	60.6323
-4.0142	61.5185
-4.09429	62.3885
-4.17459	63.2436
-4.25532	64.0888
-4.33441	64.9191
-4.41267	65.7382
-4.49057	66.5433
-4.57272	67.3376
-4.65363	68.119
-4.73436	68.8817
-4.81645	69.6237
-4.89394	70.3421
-4.96651	71.0439
-5.04262	71.7298
-5.11881	72.3992
-5.18974	73.0463
-5.25471	73.671
-5.30987	74.2773
-5.36632	74.8669
-5.42824	75.4448
-5.49152	76.0095
-5.53931	76.5622
-5.5754	77.1036
-5.60568	77.6328
-5.63978	78.1457
-5.66945	78.6464
-5.68488	79.1372
-5.67594	79.6157
-5.64864	80.0819
-5.60865	80.5395
-5.55367	80.9896
-5.48063	81.4305
-5.38899	81.8633
-5.2769	82.2829
-5.1467	82.6873
-4.99421	83.0747
-4.81873	83.4449
-4.62155	83.7981
-4.40196	84.1307
-4.16024	84.4385
-3.89889	84.7279
-3.6197	85.0018
-3.32412	85.2598
-3.01194	85.495
-2.68569	85.7063
-2.34509	85.895
-2.0001	86.0745
-1.64922	86.2424
-1.29015	86.3878
-0.918746	86.5056
-0.534613	86.6001
-0.149632	86.6958
0.23277	86.7973
0.616352	86.9033
1.01282	86.9933
1.42087	87.0628
1.83974	87.117
2.26505	87.1633
2.69979	87.2148
3.14963	87.2706
3.61608	87.3203
4.09345	87.3621
4.58313	87.3955
5.08629	87.4228
5.60159	87.4477
6.13192	87.4727
6.67985	87.4973
7.24408	87.5205
7.82631	87.5421
8.42745	87.56
9.04688	87.5779
9.68355	87.5967
10.3368	87.6131
11.0067	87.6264
11.6933	87.6419
12.3955	87.6634
13.1135	87.6882
13.8491	87.7178
14.6003	87.7514
15.3659	87.7912
16.1459	87.8389
16.9367	87.89
17.7327	87.9455
18.5313	88.0023
19.3326	88.0654
20.1393	88.1243
20.9497	88.1828
21.7638	88.2427
22.5766	88.2982
23.3888	88.3566
24.199	88.4159
25.0083	88.4755
25.8155	88.5346
26.6233	88.5923
27.432	88.6458
28.2409	88.6944
29.0479	88.7379
29.8493	88.7721
30.6475	88.798
31.4437	88.8152
32.2382	88.8228
33.0295	88.824
33.8173	88.8133
34.5996	88.7953
35.3776	88.7685
36.1501	88.7352
36.9155	88.6922
37.6741	88.6411
38.4242	88.5836
39.1666	88.5205
39.902	88.4508
40.6289	88.3757
41.3471	88.2971
42.0553	88.2167
42.7533	88.138
43.4376	88.061
44.1058	87.9855
44.7567	87.9112
45.3905	87.8428
46.0078	87.7815
46.6059	87.7296
47.1836	87.6884
47.7429	87.659
48.284	87.6422
48.8142	87.6387
49.3404	87.6521
49.866	87.6829
50.3922	87.7324
50.9208	87.805
51.4439	87.9032
51.958	88.0286
52.4604	88.1817
52.9484	88.3607
53.4204	88.5642
53.8702	88.791
54.2935	89.0452
54.6952	89.3196
55.0721	89.6237
55.4221	89.9512
55.7474	90.2965
56.0474	90.6614
56.3213	91.0542
56.5673	91.467
56.7855	91.8934
56.9815	92.3333
57.1482	92.7807
57.2938	93.2353
57.419	93.7014
57.5345	94.1716
57.648	94.6481
57.7673	95.1294
57.8786	95.6175
57.9769	96.1157
58.0706	96.6229
58.1642	97.1396
58.261	97.6613
58.3699	98.1923
58.4883	98.7325
58.6101	99.2808
58.737	99.8454
58.8592	100.418
58.9897	101.011
59.131	101.612
59.2878	102.23
59.4425	102.854
59.6027	103.486
59.7675	104.124
59.9299	104.771
60.0888	105.431
60.2485	106.108
60.4152	106.803
60.5874	107.513
60.755	108.233
60.9175	108.96
61.077	109.696
61.2443	110.44
61.4144	111.199
61.5848	111.972
61.7571	112.757
61.9263	113.552
62.1002	114.355
62.2779	115.164
62.45	115.98
62.6149	116.801
62.7806	117.626
62.9469	118.459
63.1152	119.299
63.291	120.144
63.4747	120.988
63.6627	121.828
63.8614	122.672
64.0619	123.512
64.2543	124.355
64.4438	125.199
64.6299	126.046
64.8174	126.887
65.0072	127.716
65.204	128.53
65.4023	129.347
65.5962	130.183
65.7918	131.03
65.9846	131.868
66.1624	132.684
66.3335	133.489
66.5132	134.297
66.6978	135.111
66.875	135.928
67.0464	136.74
67.2143	137.551
67.37	138.359
67.5209	139.167
67.6776	139.973
67.8388	140.779
67.9978	141.58
68.1554	142.374
68.3136	143.166
68.4656	143.959
68.6085	144.76
68.7455	145.564
68.8838	146.368
69.0032	147.168
69.1216	147.961
69.2418	148.75
69.3607	149.547
69.4715	150.356
69.5653	151.172
69.6495	151.986
69.7342	152.796
69.8168	153.611
69.8911	154.433
69.9532	155.262
70.0072	156.09
70.0624	156.915
70.1125	157.738
70.1604	158.558
70.1973	159.373
70.2265	160.188
70.2593	161.005
70.2931	161.832
70.3202	162.662
70.3479	163.489
70.3779	164.301
70.4153	165.106
70.4401	165.917
70.4447	166.738
70.4496	167.567
70.4583	168.398
70.4622	169.231
70.4587	170.061
70.4463	170.886
70.4357	171.707
70.4275	172.536
70.3938	173.38
70.3411	174.23
70.2914	175.077
70.2455	175.914
70.1958	176.743
70.1326	177.575
70.0816	178.415
70.0422	179.266
69.9907	180.124
69.9334	180.978
69.88	181.827
69.8275	182.667
69.7867	183.505
69.7454	184.351
69.6846	185.203
69.6174	186.058
69.5553	186.903
69.4976	187.738
69.4359	188.569
69.3653	189.403
69.2991	190.238
69.2323	191.071
69.1658	191.899
69.0985	192.721
69.0389	193.532
68.973	194.333
68.9074	195.133
68.8435	195.935
68.7825	196.727
68.7263	197.499
68.6669	198.249
68.6046	198.983
68.5471	199.695
68.4971	200.388
68.4514	201.067
68.4067	201.74
68.361	202.415
68.3138	203.094
68.2689	203.765
68.2369	204.423
68.2144	205.074
68.1939	205.72
68.1732	206.367
68.1604	207.017
68.1582	207.669
68.1648	208.319
68.1723	208.959
68.1735	209.599
68.1699	210.241
68.1697	210.887
68.1714	211.536
68.1712	212.186
68.1573	212.831
68.1455	213.473
68.1433	214.118
68.1471	214.771
68.1384	215.437
68.1146	216.113
68.1044	216.795
68.0996	217.476
68.0854	218.149
68.0561	218.823
68.0346	219.498
68.0242	220.182
68.0126	220.88
67.9997	221.58
67.9792	222.278
67.9566	222.97
67.9376	223.66
67.9237	224.352
67.9006	225.046
67.8731	225.742
67.8476	226.433
67.8219	227.117
67.7984	227.788
67.7743	228.453
67.7475	229.117
67.7154	229.776
67.6921	230.431
67.6711	231.075
67.6477	231.7
67.6191	232.308
67.5938	232.898
67.5737	233.469
67.546	234.017
67.508	234.546
67.4585	235.058
67.3994	235.558
67.3318	236.052
67.2436	236.539
67.1439	237.015
67.034	237.478
66.9027	237.92
66.7453	238.347
66.57	238.762
66.3736	239.164
66.1535	239.542
65.9116	239.898
65.6517	240.236
65.3784	240.561
65.0906	240.872
64.7833	241.171
64.4538	241.454
64.1112	241.713
63.7586	241.943
63.3996	242.151
63.0328	242.336
62.6582	242.506
62.2808	242.657
61.8879	242.789
61.4714	242.901
61.0375	242.99
60.5864	243.059
60.1196	243.117
59.6408	243.156
59.1542	243.179
58.6561	243.189
58.1467	243.188
57.6262	243.178
57.0952	243.158
56.5544	243.128
56.0011	243.092
55.4354	243.053
54.8558	243.014
54.2575	242.975
53.6419	242.935
53.0069	242.894
52.3525	242.852
51.6771	242.81
50.9827	242.767
50.2674	242.726
49.5292	242.683
48.7689	242.637
47.9855	242.59
47.1806	242.547
46.357	242.505
45.5135	242.465
44.6542	242.422
43.7803	242.38
42.8952	242.339
42.0066	242.299
41.1212	242.256
40.2401	242.211
39.3608	242.167
38.4793	242.124
37.5932	242.077
36.7075	242.027
35.8253	241.974
34.9488	241.92
34.075	241.86
33.2062	241.794
32.3378	241.728
31.4733	241.663
30.6098	241.59
29.7523	241.516
28.8975	241.445
28.0449	241.377
27.1932	241.311
26.3448	241.25
25.4986	241.193
24.6571	241.138
23.8178	241.091
22.9835	241.047
22.1565	240.996
21.3316	240.944
20.5093	240.902
19.6872	240.857
18.8677	240.805
18.0548	240.75
17.2483	240.696
16.4474	240.639
15.6504	240.579
14.8561	240.516
14.0646	240.448
13.2761	240.376
12.4902	240.299
11.7073	240.22
10.9309	240.136
10.1626	240.05
9.40243	239.963
8.6515	239.875
7.9088	239.789
7.17888	239.706
6.46485	239.625
5.76392	239.545
5.07898	239.467
4.40696	239.395
3.7489	239.328
3.10375	239.262
2.47416	239.2
1.85901	239.143
1.25757	239.092
0.668609	239.044
0.0926454	238.996
-0.469729	238.951
-1.01302	238.91
-1.53909	238.876
-2.04662	238.845
-2.53925	238.817
-3.01678	238.795
-3.4776	238.772
-3.92315	238.752
-4.3519	238.736
-4.76381	238.726
-5.16012	238.718
-5.53822	238.715
-5.89863	238.716
-6.24169	238.717
-6.56481	238.719
-6.86597	238.722
-7.14369	238.726
-7.39632	238.731
-7.62103	238.739
-7.81592	238.747
-7.98573	238.754
-8.13227	238.759
-8.25157	238.763
-8.3451	238.765
-8.41986	238.768
-8.48304	238.771
-8.53591	238.773
-8.57741	238.773
-8.60743	238.774
-8.62414	238.774
-8.63005	238.775
-8.62631	238.775
-8.62138	238.774
-8.62052	238.774
-8.62094	238.774
-8.62048	238.774
-8.62019	238.774
-8.6221	238.774
-8.62784	238.774
-8.63756	238.774
-8.65177	238.775
-8.66949	238.775
-8.69127	238.776
-8.71662	238.776
-8.74836	238.778
-8.79125	238.779
-8.84949	238.782
-8.92715	238.785
-9.02528	238.791
-9.14273	238.798
-9.27896	238.809
-9.43389	238.823
-9.60803	238.84
-9.79818	238.86
-10.0036	238.885
-10.2233	238.92
-10.457	238.965
-10.7019	239.015
-10.9504	239.071
-11.2036	239.144
-11.4651	239.23
-11.7325	239.329
-12.0041	239.446
-12.2832	239.575
-12.5685	239.718
-12.8548	239.875
-13.1407	240.054
-13.4198	240.262
-13.6916	240.495
-13.9571	240.75
-14.2172	241.026
-14.4708	241.327
-14.7208	241.658
-14.9595	242.019
-15.1815	242.415
-15.3814	242.838
-15.5615	243.287
-15.7274	243.761
-15.8752	244.256
-16.007	244.772
-16.1238	245.311
-16.222	245.875
-16.307	246.462
-16.3796	247.068
-16.4359	247.689
-16.4847	248.327
-16.5284	248.982
-16.5686	249.652
-16.6052	250.336
-16.6387	251.035
-16.6681	251.75
-16.6964	252.48
-16.7247	253.226
-16.7541	253.988
-16.7845	254.766
-16.8131	255.56
-16.8423	256.368
-16.8734	257.187
-16.9068	258.018
-16.9461	258.861
-16.9904	259.716
-17.0351	260.589
-17.0781	261.478
-17.1191	262.38
-17.1572	263.288
-17.1927	264.202
-17.2299	265.126
-17.2715	266.06
-17.3174	267.007
-17.3669	267.969
-17.4202	268.943
-17.4722	269.932
-17.5237	270.929
-17.5737	271.932
-17.6231	272.938
-17.6718	273.949
-17.7221	274.969
-17.7718	275.998
-17.826	277.033
-17.8797	278.075
-17.9381	279.121
-17.9967	280.164
-18.0554	281.207
-18.12	282.253
-18.1878	283.306
-18.2582	284.361
-18.3309	285.417
-18.4055	286.472
-18.4815	287.522
-18.5598	288.568
-18.635	289.61
-18.7072	290.647
-18.7809	291.678
-18.8519	292.708
-18.9242	293.733
-18.9974	294.758
-19.072	295.78
-19.1461	296.797
-19.2192	297.813
-19.2922	298.832
-19.3648	299.851
-19.4378	300.861
-19.5104	301.866
-19.5807	302.872
-19.6524	303.879
-19.7253	304.888
-19.797	305.896
-19.8667	306.908
-19.9363	307.923
-20.0041	308.939
-20.0733	309.956
-20.1433	310.977
-20.2119	312.003
-20.2799	313.034
-20.3464	314.069
-20.4135	315.109
-20.4812	316.157
-20.5456	317.206
-20.613	318.255
-20.6795	319.312
-20.7432	320.378
-20.8112	321.45
-20.8803	322.52
-20.9462	323.588
-21.0138	324.653
-21.0774	325.714
-21.1384	326.767
-21.2016	327.819
-21.2633	328.87
-21.3262	329.921
-21.3882	330.97
-21.4491	332.016
-21.5096	333.056
-21.5717	334.089
-21.6322	335.115
-21.6951	336.139
-21.7587	337.156
-21.8216	338.166
-21.8863	339.167
-21.9508	340.159
-22.0151	341.143
-22.08	342.114
-22.1454	343.078
-22.2155	344.033
-22.2874	344.977
-22.3575	345.907
-22.4275	346.828
-22.4996	347.739
-22.5702	348.633
-22.639	349.515
-22.7035	350.383
-22.7675	351.238
-22.8302	352.078
-22.8862	352.901
-22.938	353.704
-22.9894	354.487
-23.0357	355.251
-23.0811	355.991
-23.1286	356.71
-23.171	357.407
-23.21	358.077
-23.2487	358.724
-23.2863	359.353
-23.3213	359.966
-23.3546	360.558
-23.3871	361.129
-23.4207	361.674
-23.457	362.194
-23.4976	362.691
-23.5407	363.171
-23.5903	363.633
-23.6478	364.081
-23.7195	364.524
-23.8039	364.956
-23.8989	365.384
-24.0032	365.806
-24.1212	366.21
-24.2588	366.6
-24.4181	366.979
-24.5946	367.344
-24.785	367.696
-24.9849	368.039
-25.2061	368.367
-25.4468	368.681
-25.7142	368.992
-26.0028	369.304
-26.3162	369.616
-26.6529	369.917
-27.0222	370.205
-27.4261	370.468
-27.8552	370.71
-28.3104	370.929
-28.7935	371.11
-29.299	371.258
-29.8216	371.381
-30.3618	371.486
-30.9232	371.548
-31.502	371.562
-32.09	371.543
-32.6821	371.502
-33.2802	371.449
-33.8898	371.385
-34.508	371.314
-35.1298	371.236
-35.7503	371.149
-36.3696	371.063
-37.0001	370.984
-37.6494	370.911
-38.3177	370.837
-38.9992	370.763
-39.6864	370.684
-40.3823	370.6
-41.0895	370.516
-41.8085	370.432
-42.5423	370.351
-43.293	370.273
-44.0627	370.198
-44.8494	370.123
-45.6478	370.051
-46.462	369.981
-47.2926	369.915
-48.1432	369.851
-49.0106	369.787
-49.891	369.724
-50.7803	369.666
-51.6736	369.609
-52.5715	369.549
-53.4744	369.49
-54.3855	369.435
-55.3035	369.381
-56.2269	369.326
-57.1517	369.271
-58.0748	369.214
-58.994	369.153
-59.9109	369.089
-60.8251	369.026
-61.736	368.965
-62.6422	368.899
-63.5449	368.833
-64.4471	368.768
-65.3506	368.695
-66.2559	368.619
-67.1548	368.539
-68.048	368.452
-68.9382	368.364
-69.8256	368.279
-70.7129	368.197
-71.6033	368.11
-72.4941	368.02
-73.382	367.936
-74.2628	367.85
-75.1441	367.767
-76.028	367.684
-76.9135	367.608
-77.7961	367.536
-78.6774	367.469
-79.5571	367.409
-80.4345	367.353
-81.3089	367.303
-82.1811	367.255
-83.0515	367.212
-83.9211	367.174
-84.7897	367.141
-85.6571	367.112
-86.5227	367.086
-87.386	367.065
-88.2437	367.05
-89.089	367.038
-89.9172	367.028
-90.7272	367.02
-91.5197	367.013
-92.294	367.007
-93.0446	367
-93.7752	366.992
-94.4825	366.984
-95.1679	366.972
-95.827	366.958
-96.4589	366.938
-97.0677	366.915
-97.6663	366.886
-98.2625	366.852
-98.8584	366.813
-99.453	366.772
-100.042	366.725
-100.626	366.674
-101.205	366.617
-101.782	366.559
-102.357	366.5
-102.932	366.436
-103.514	366.366
-104.102	366.292
-104.695	366.219
-105.295	366.145
-105.899	366.064
-106.508	365.975
-107.125	365.886
-107.751	365.8
-108.387	365.716
-109.033	365.627
-109.694	365.537
-110.369	365.441
-111.063	365.347
-111.77	365.251
-112.481	365.157
-113.197	365.062
-113.918	364.968
-114.666	364.876
-115.449	364.791
-116.256	364.705
-117.065	364.624
-117.869	364.544
-118.682	364.462
-119.516	364.379
-120.381	364.295
-121.271	364.21
-122.167	364.134
-123.059	364.068
-123.959	364.015
-124.879	363.976
-125.824	363.939
-126.791	363.908
-127.765	363.879
-128.737	363.853
-129.711	363.829
-130.691	363.807
-131.678	363.788
-132.669	363.769
-133.66	363.746
-134.655	363.718
-135.652	363.687
-136.643	363.655
-137.625	363.621
-138.605	363.588
-139.589	363.554
-140.578	363.516
-141.564	363.47
-142.541	363.417
-143.509	363.359
-144.473	363.297
-145.434	363.237
-146.394	363.181
-147.355	363.122
-148.317	363.065
-149.277	363.003
-150.233	362.937
-151.182	362.864
-152.122	362.785
-153.062	362.706
-154.006	362.63
-154.952	362.552
-155.894	362.473
-156.83	362.396
-157.762	362.315
-158.69	362.231
-159.614	362.146
-160.535	362.062
-161.45	361.979
-162.362	361.903
-163.271	361.829
-164.18	361.755
-165.09	361.683
-165.997	361.615
-166.892	361.549
-167.775	361.48
-168.645	361.414
-169.503	361.35
-170.35	361.285
-171.185	361.222
-172.002	361.165
-172.792	361.114
-173.561	361.064
-174.312	361.01
-175.054	360.963
-175.779	360.921
-176.477	360.871
-177.146	360.817
-177.788	360.761
-178.413	360.705
-179.024	360.643
-179.625	360.583
-180.218	360.523
-180.798	360.461
-181.364	360.396
-181.915	360.324
-182.452	360.244
-182.979	360.149
-183.498	360.04
-184.008	359.91
-184.508	359.76
-184.998	359.59
-185.474	359.398
-185.934	359.183
-186.376	358.943
-186.801	358.678
-187.206	358.387
-187.591	358.068
-187.955	357.722
-188.299	357.348
-188.621	356.949
-188.922	356.522
-189.196	356.065
-189.44	355.58
-189.657	355.07
-189.848	354.539
-190.016	353.992
-190.15	353.426
-190.25	352.844
-190.32	352.248
-190.364	351.641
-190.389	351.022
-190.405	350.389
-190.415	349.747
-190.419	349.101
-190.417	348.449
-190.41	347.79
-190.392	347.121
-190.358	346.436
-190.309	345.737
-190.256	345.024
-190.203	344.303
-190.139	343.569
-190.069	342.824
-189.998	342.069
-189.925	341.298
-189.85	340.512
-189.765	339.714
-189.671	338.903
-189.575	338.081
-189.475	337.248
-189.371	336.405
-189.264	335.55
-189.158	334.683
-189.054	333.798
-188.949	332.901
-188.843	331.997
-188.741	331.087
-188.639	330.171
-188.539	329.248
-188.444	328.32
-188.351	327.385
-188.26	326.449
-188.171	325.517
-188.082	324.589
-187.993	323.664
-187.91	322.735
-187.827	321.805
-187.751	320.879
-187.677	319.957
-187.601	319.032
-187.521	318.107
-187.441	317.179
-187.365	316.245
-187.29	315.303
-187.215	314.359
-187.147	313.412
-187.092	312.462
-187.042	311.512
-186.985	310.561
-186.925	309.602
-186.871	308.64
-186.813	307.686
-186.744	306.744
-186.674	305.806
-186.617	304.866
-186.556	303.922
-186.493	302.978
-186.432	302.037
-186.37	301.102
-186.309	300.173
-186.253	299.246
-186.202	298.318
-186.151	297.395
-186.101	296.476
-186.058	295.555
-186.012	294.626
-185.968	293.697
-185.925	292.775
-185.879	291.858
-185.833	290.939
-185.79	290.015
-185.743	289.089
-185.691	288.162
-185.624	287.237
-185.549	286.31
-185.479	285.372
-185.408	284.431
-185.338	283.488
-185.27	282.553
-185.208	281.617
-185.143	280.674
-185.068	279.719
-184.994	278.758
-184.919	277.799
-184.853	276.841
-184.788	275.883
-184.73	274.921
-184.671	273.949
-184.619	272.966
-184.564	271.986
-184.506	271.006
-184.446	270.027
-184.392	269.047
-184.335	268.066
-184.269	267.086
-184.199	266.101
-184.128	265.118
-184.055	264.14
-183.981	263.165
-183.908	262.189
-183.832	261.209
-183.753	260.218
-183.665	259.222
-183.578	258.232
-183.495	257.244
-183.413	256.26
-183.33	255.27
-183.245	254.268
-183.157	253.254
-183.062	252.243
-182.968	251.237
-182.874	250.24
-182.785	249.253
-182.703	248.267
-182.623	247.283
-182.544	246.302
-182.468	245.321
-182.392	244.341
-182.317	243.365
-182.243	242.396
-182.166	241.434
-182.093	240.476
-182.024	239.522
-181.956	238.575
-181.89	237.638
-181.833	236.707
-181.776	235.79
-181.712	234.891
-181.66	234.006
-181.609	233.13
-181.535	232.267
-181.462	231.421
-181.407	230.585
-181.357	229.755
-181.301	228.932
-181.255	228.128
-181.217	227.338
-181.186	226.569
-181.156	225.816
-181.126	225.084
-181.099	224.37
-181.077	223.679
-181.062	223.008
-181.05	222.359
-181.035	221.735
-181.019	221.128
-181.004	220.543
-180.985	219.981
-180.96	219.442
-180.926	218.926
-180.887	218.434
-180.845	217.968
-180.798	217.521
-180.736	217.082
-180.656	216.65
-180.56	216.227
-180.447	215.811
-180.314	215.406
-180.16	215.014
-179.982	214.637
-179.784	214.276
-179.572	213.924
-179.343	213.572
-179.093	213.219
-178.817	212.868
-178.511	212.521
-178.176	212.175
-177.816	211.833
-177.43	211.507
-177.012	211.201
-176.562	210.915
-176.082	210.649
-175.579	210.4
-175.05	210.172
-174.492	209.968
-173.908	209.792
-173.298	209.649
-172.671	209.541
-172.024	209.456
-171.36	209.385
-170.689	209.333
-170.009	209.303
-169.316	209.286
-168.614	209.28
-167.897	209.275
-167.166	209.272
-166.43	209.274
-165.691	209.277
-164.95	209.28
-164.207	209.287
-163.452	209.3
-162.681	209.312
-161.894	209.326
-161.097	209.342
-160.296	209.36
-159.491	209.378
-158.68	209.398
-157.859	209.423
-157.027	209.451
-156.189	209.485
-155.341	209.52
-154.48	209.554
-153.606	209.585
-152.724	209.618
-151.839	209.655
-150.951	209.689
-150.058	209.725
-149.159	209.772
-148.258	209.826
-147.364	209.883
-146.47	209.941
-145.574	210.008
-144.677	210.08
-143.784	210.156
-142.902	210.243
-142.018	210.333
-141.125	210.42
-140.233	210.517
-139.345	210.619
-138.465	210.714
-137.588	210.808
-136.712	210.905
-135.836	211.002
-134.969	211.103
-134.107	211.196
-133.258	211.284
-132.416	211.373
-131.584	211.453
-130.762	211.527
-129.955	211.602
-129.162	211.676
-128.384	211.749
-127.625	211.816
-126.885	211.872
-126.165	211.924
-125.466	211.97
-124.786	212.005
-124.128	212.035
-123.491	212.058
-122.868	212.077
-122.253	212.098
-121.642	212.113
-121.033	212.125
-120.426	212.138
-119.821	212.147
-119.216	212.15
-118.611	212.148
-118.013	212.15
-117.418	212.155
-116.821	212.168
-116.228	212.18
-115.644	212.186
-115.063	212.193
-114.485	212.213
-113.912	212.244
-113.338	212.29
-112.762	212.352
-112.195	212.433
-111.638	212.528
-111.083	212.641
-110.534	212.773
-109.995	212.929
-109.468	213.113
-108.96	213.315
-108.474	213.537
-108.005	213.779
-107.554	214.045
-107.122	214.334
-106.71	214.642
-106.313	214.976
-105.937	215.334
-105.577	215.709
-105.228	216.099
-104.901	216.511
-104.601	216.944
-104.327	217.392
-104.071	217.849
-103.837	218.319
-103.631	218.802
-103.451	219.293
-103.296	219.795
-103.161	220.303
-103.037	220.822
-102.932	221.342
-102.842	221.859
-102.754	222.378
-102.656	222.89
-102.556	223.398
-102.455	223.902
-102.36	224.404
-102.264	224.902
-102.154	225.391
-102.033	225.871
-101.906	226.344
-101.772	226.805
-101.631	227.255
-101.471	227.691
-101.287	228.103
-101.07	228.474
-100.849	228.814
-100.632	229.137
-100.413	229.456
-100.181	229.77
-99.9183	230.063
-99.6223	230.322
-99.305	230.55
-98.9863	230.763
-98.6621	230.959
-98.3297	231.133
-97.9891	231.292
-97.6426	231.442
-97.2882	231.584
-96.9207	231.714
-96.5355	231.829
-96.1328	231.927
-95.7155	232.012
-95.2876	232.09
-94.8498	232.161
-94.4017	232.229
-93.9415	232.299
-93.4668	232.366
-92.9773	232.428
-92.4709	232.484
-91.9472	232.53
-91.4055	232.57
-90.848	232.61
-90.2737	232.654
-89.6832	232.704
-89.0759	232.756
-88.455	232.808
-87.8178	232.862
-87.1652	232.917
-86.4981	232.97
-85.8165	233.022
-85.118	233.076
-84.403	233.128
-83.6721	233.183
-82.9272	233.235
-82.1686	233.283
-81.4005	233.331
-80.6238	233.377
-79.841	233.422
-79.054	233.464
-78.2563	233.503
-77.4497	233.542
-76.6345	233.584
-75.8115	233.624
-74.9819	233.664
-74.1442	233.705
-73.299	233.745
-72.4434	233.781
-71.5814	233.815
-70.7118	233.851
-69.8396	233.885
-68.9643	233.923
-68.0889	233.965
-67.214	234.012
-66.3424	234.064
-65.4713	234.119
-64.5995	234.174
-63.7304	234.233
-62.8615	234.294
-61.9925	234.354
-61.1214	234.42
-60.2584	234.475
-59.4075	234.535
-58.5657	234.604
-57.7278	234.667
-56.8827	234.725
-56.0334	234.786
-55.1875	234.852
-54.3515	234.917
-53.5262	234.974
-52.7045	235.031
-51.8814	235.091
-51.0594	235.155
-50.2429	235.221
-49.4333	235.288
-48.6297	235.353
-47.8294	235.418
-47.0307	235.483
-46.2338	235.55
-45.4418	235.619
-44.6585	235.687
-43.8855	235.756
-43.128	235.824
-42.386	235.896
-41.6619	235.968
-40.9552	236.039
-40.2574	236.11
-39.5639	236.181
-38.8729	236.25
-38.1856	236.317
-37.5009	236.387
-36.819	236.451
-36.1413	236.511
-35.469	236.568
-34.8097	236.623
-34.1662	236.676
-33.5394	236.728
-32.9302	236.775
-32.3386	236.819
-31.7654	236.86
-31.212	236.896
-30.6787	236.929
-30.1668	236.956
-29.6736	236.978
-29.1955	236.993
-28.7309	237.001
-28.2824	237.004
-27.8507	237.003
-27.4365	236.998
-27.038	236.989
-26.6557	236.977
-26.289	236.961
-25.9387	236.939
-25.6095	236.908
-25.298	236.87
-25.0013	236.829
-24.7213	236.793
-24.4611	236.758
-24.2252	236.726
-24.0111	236.692
-23.821	236.655
-23.6528	236.615
-23.4915	236.575
-23.3311	236.531
-23.17	236.479
-23.0093	236.428
-22.8516	236.378
-22.6957	236.328
-22.541	236.277
-22.3875	236.223
-22.2337	236.166
-22.0747	236.105
-21.9051	236.035
-21.7197	235.952
-21.5181	235.856
-21.3025	235.741
-21.0756	235.609
-20.8382	235.459
-20.591	235.288
-20.3363	235.098
-20.0739	234.89
-19.8057	234.658
-19.537	234.397
-19.2731	234.106
-19.0165	233.783
-18.7716	233.434
-18.5417	233.058
-18.3222	232.659
-18.1166	232.23
-17.9289	231.77
-17.7635	231.281
-17.623	230.762
-17.4943	230.215
-17.3749	229.638
-17.2691	229.034
-17.1797	228.402
-17.1034	227.743
-17.0357	227.062
-16.9763	226.356
-16.9232	225.626
-16.8766	224.873
-16.8428	224.096
-16.8208	223.296
-16.8021	222.477
-16.7838	221.636
-16.7651	220.778
-16.7489	219.898
-16.7338	218.997
-16.7165	218.075
-16.6981	217.133
-16.6782	216.173
-16.6553	215.195
-16.6326	214.198
-16.6073	213.187
-16.5801	212.16
-16.5528	211.116
-16.5197	210.06
-16.4783	208.994
-16.4306	207.915
-16.3759	206.825
-16.3182	205.723
-16.2579	204.61
-16.1967	203.486
-16.1345	202.353
-16.0691	201.213
-16.001	200.071
-15.9278	198.923
-15.8499	197.768
-15.7693	196.611
-15.6891	195.449
-15.6072	194.284
-15.5259	193.116
-15.4443	191.947
-15.3621	190.773
-15.2774	189.597
-15.1917	188.417
-15.1049	187.234
-15.0197	186.042
-14.9367	184.85
-14.8566	183.655
-14.7787	182.453
-14.7037	181.245
-14.6302	180.031
-14.5578	178.811
-14.4863	177.589
-14.416	176.358
-14.349	175.123
-14.2858	173.88
-14.2256	172.63
-14.1671	171.373
-14.1082	170.111
-14.0479	168.845
-13.9856	167.572
-13.9237	166.29
-13.8616	165.005
-13.8019	163.722
-13.7446	162.435
-13.687	161.143
-13.6292	159.848
-13.5714	158.546
-13.5121	157.242
-13.4524	155.94
-13.3922	154.636
-13.3303	153.331
-13.268	152.027
-13.2058	150.719
-13.1406	149.411
-13.0752	148.103
-13.0068	146.799
-12.9388	145.494
-12.8705	144.192
-12.8008	142.892
-12.7305	141.597
-12.6598	140.303
-12.5874	139.011
-12.5155	137.724
-12.4413	136.44
-12.3646	135.16
-12.2867	133.88
-12.2083	132.6
-12.1324	131.326
-12.055	130.059
-11.9781	128.798
-11.8975	127.541
-11.8161	126.284
-11.7362	125.032
-11.6569	123.786
-11.5788	122.548
-11.4975	121.322
-11.4178	120.109
-11.3368	118.91
-11.2556	117.721
-11.1782	116.549
-11.1047	115.396
-11.0314	114.262
-10.9634	113.148
-10.8969	112.053
-10.833	110.975
-10.7704	109.913
-10.7106	108.867
-10.6539	107.838
-10.602	106.827
-10.5515	105.84
-10.5022	104.877
-10.4549	103.938
-10.4099	103.025
-10.3655	102.137
-10.3229	101.273
-10.2837	100.432
-10.2472	99.6158
-10.2129	98.822
-10.1802	98.0511
-10.147	97.3042
-10.1082	96.5798
-10.0612	95.8788
-9.99988	95.2003
-9.92233	94.5424
-9.82757	93.9071
-9.71711	93.295
-9.5844	92.706
-9.42813	92.1425
-9.24849	91.6011
-9.04824	91.0807
-8.82765	90.5743
-8.58177	90.0848
-8.30954	89.6155
-8.01672	89.1629
-7.70292	88.7309
-7.36659	88.3157
-7.00887	87.9221
-6.62937	87.5505
-6.23062	87.2047
-5.81487	86.8821
-5.37945	86.5872
-4.92592	86.3205
-4.45244	86.0782
-3.96432	85.8664
-3.4652	85.6885
-2.95716	85.5356
-2.44478	85.4038
-1.92503	85.297
-1.39139	85.2245
-0.846719	85.1642
-0.302658	85.1157
0.247592	85.0716
0.802762	85.0402
1.36203	85.0203
1.92726	85.0039
2.50609	84.9854
3.09909	84.967
3.70475	84.9565
4.32207	84.9501
4.94823	84.9412
5.58794	84.9275
6.23713	84.9117
6.89907	84.8947
7.57356	84.8803
8.26372	84.8661
8.96704	84.8521
9.68342	84.8353
10.4128	84.8167
11.1562	84.8004
11.9142	84.7905
12.6866	84.7857
13.4761	84.787
14.2827	84.7969
15.1048	84.8194
15.9424	84.8577
16.793	84.9052
17.6527	84.9621
18.5165	85.03
19.3866	85.106
20.2597	85.1909
21.137	85.2797
22.0128	85.3682
22.887	85.4525
23.7588	85.5318
24.6261	85.6039
25.4907	85.6678
26.3524	85.7224
27.2133	85.7656
28.0733	85.7972
28.9291	85.817
29.7802	85.8248
30.6277	85.8212
31.4738	85.8065
32.3191	85.7814
33.1643	85.7487
34.0083	85.7046
34.851	85.6544
35.693	85.6004
36.5364	85.5453
37.3859	85.4882
38.2406	85.4299
39.1051	85.3726
39.9784	85.317
40.8629	85.263
41.7567	85.2107
42.657	85.1612
43.5598	85.1155
44.4588	85.0698
45.3585	85.0251
46.2566	84.9787
47.1523	84.9287
48.044	84.869
48.9301	84.796
49.811	84.7099
50.6918	84.602
51.5677	84.4707
52.4412	84.3208
53.3034	84.1536
54.1571	83.9674
55.0026	83.7599
55.8442	83.5365
56.677	83.2987
57.502	83.0441
58.326	82.7826
59.1545	82.5084
59.9904	82.2206
60.8318	81.9312
61.6681	81.6371
62.4932	81.3395
63.3166	81.0436
64.1466	80.7481
64.9912	80.4506
65.8447	80.1504
66.7026	79.8453
67.5622	79.5327
68.4217	79.2148
69.2797	78.8898
70.1391	78.5527
70.9995	78.1961
71.8608	77.8245
72.7197	77.4394
73.5749	77.0379
74.4367	76.6222
75.3093	76.1981
76.1881	75.7624
77.0672	75.3241
77.9469	74.8823
78.8287	74.4404
79.7116	74.0011
80.5914	73.5633
81.468	73.1284
82.3398	72.6946
83.2084	72.2577
84.0722	71.8161
84.9317	71.3696
85.7799	70.9083
86.6181	70.4343
87.4492	69.9544
88.2691	69.4639
89.0779	68.9624
89.8734	68.4515
90.6567	67.9318
91.4309	67.4008
92.1932	66.8592
92.9456	66.3057
93.6831	65.7445
94.4094	65.1766
95.1252	64.6023
95.8287	64.0246
96.5255	63.4484
97.2138	62.8775
97.8929	62.3157
98.5612	61.7619
99.2182	61.2231
99.8633	60.7016
100.495	60.1964
101.113	59.7105
101.717	59.2443
102.307	58.7988
102.879	58.3702
103.434	57.9574
103.982	57.5524
104.525	57.1502
105.061	56.747
105.591	56.3405
106.121	55.9318
106.652	55.5198
107.182	55.1066
107.706	54.6938
108.221	54.2873
108.731	53.8784
109.245	53.4636
109.768	53.0433
110.297	52.6159
110.828	52.1817
111.365	51.7428
111.907	51.2952
112.462	50.8406
113.028	50.3846
113.602	49.9298
114.182	49.4776
114.776	49.0301
115.385	48.5812
116.007	48.1337
116.639	47.6857
117.281	47.2424
117.93	46.7939
118.592	46.3422
119.262	45.8685
119.943	45.386
120.636	44.9032
121.337	44.4126
122.04	43.908
122.752	43.3983
123.478	42.8831
124.213	42.3525
124.955	41.8129
125.706	41.2761
126.467	40.7337
127.231	40.1804
128	39.6166
128.779	39.0534
129.558	38.4827
130.336	37.9156
131.11	37.3541
131.884	36.7953
132.662	36.2374
133.443	35.6712
134.222	35.1022
134.995	34.531
135.771	33.9688
136.548	33.4079
137.318	32.8448
138.103	32.2999
138.887	31.7567
139.669	31.2115
140.449	30.6691
141.22	30.1247
141.987	29.5841
142.759	29.0471
143.515	28.5013
144.269	27.9576
145.023	27.417
145.77	26.8636
146.522	26.312
147.276	25.7648
148.015	25.2202
148.753	24.6866
149.483	24.1583
150.211	23.6351
150.935	23.1171
151.643	22.6011
152.334	22.095
153.005	21.6055
153.656	21.1231
154.297	20.636
154.929	20.1532
155.546	19.6764
156.143	19.2207
156.71	18.7812
157.247	18.3526
157.766	17.9376
158.27	17.5346
158.756	17.1409
159.228	16.7604
159.701	16.3996
160.178	16.0548
160.662	15.7284
161.158	15.4249
161.669	15.1494
162.194	14.9131
162.724	14.7042
163.254	14.5161
163.787	14.347
164.327	14.2041
164.883	14.0873
165.453	13.9914
166.034	13.9147
166.626	13.8659
167.226	13.8357
167.83	13.817
168.44	13.8114
169.059	13.8202
169.683	13.838
170.312	13.8526
170.949	13.8641
171.594	13.8692
172.247	13.8694
172.907	13.8657
173.576	13.858
174.247	13.8467
174.918	13.8334
175.595	13.8134
176.282	13.786
176.984	13.7535
177.697	13.7242
178.414	13.6914
179.131	13.6526
179.849	13.61
180.573	13.5571
181.302	13.492
182.041	13.432
182.787	13.3877
183.539	13.3447
184.292	13.2894
185.047	13.2318
185.809	13.1858
186.574	13.1448
187.341	13.1014
188.11	13.0548
188.875	13.0055
189.638	12.9508
190.4	12.9039
191.171	12.865
191.95	12.819
192.732	12.7597
193.509	12.7073
194.285	12.6556
195.072	12.5943
195.865	12.5347
196.667	12.4704
197.478	12.4054
198.294	12.3345
199.12	12.263
199.951	12.1943
200.785	12.1238
201.619	12.0543
202.456	11.9837
203.293	11.9084
204.131	11.84
204.972	11.7811
205.813	11.7292
206.651	11.667
207.478	11.6108
208.302	11.5627
209.135	11.5153
209.977	11.4655
210.822	11.4113
211.657	11.36
212.486	11.3097
213.319	11.2669
214.162	11.2142
215.01	11.1497
215.862	11.087
216.711	11.023
217.558	10.9588
218.405	10.8958
219.259	10.8323
220.124	10.7677
220.996	10.7038
221.871	10.6431
222.748	10.5963
223.628	10.5472
224.514	10.4895
225.398	10.4348
226.288	10.3786
227.182	10.3118
228.077	10.2388
228.966	10.1724
229.848	10.0946
230.737	10.0196
231.642	9.95645
232.538	9.89488
233.43	9.82956
234.321	9.76013
235.206	9.69347
236.085	9.61459
236.97	9.53581
237.855	9.45548
238.744	9.38123
239.624	9.31505
240.494	9.24979
241.36	9.18464
242.237	9.12285
243.108	9.05848
243.968	8.99784
244.816	8.94414
245.67	8.887
246.528	8.82818
247.384	8.77842
248.231	8.73145
249.061	8.68133
249.882	8.62622
250.689	8.58062
251.489	8.54084
252.278	8.50149
253.058	8.4615
253.82	8.42318
254.56	8.38265
255.284	8.34376
256	8.30477
256.708	8.2636
257.408	8.21607
258.098	8.16803
258.771	8.11653
259.431	8.06226
260.076	7.99898
260.71	7.92764
261.332	7.84566
261.942	7.75404
262.541	7.65665
263.123	7.55704
263.686	7.45479
264.226	7.3465
264.743	7.23834
265.239	7.13003
265.718	7.02223
266.175	6.91304
266.615	6.80708
267.029	6.70583
267.417	6.60883
267.787	6.51993
268.134	6.43895
268.463	6.3678
268.776	6.30837
269.071	6.2586
269.35	6.21974
269.618	6.188
269.884	6.16128
270.153	6.1413
270.42	6.13607
270.683	6.14442
270.942	6.16295
271.201	6.19218
271.457	6.22868
271.706	6.28112
271.949	6.34752
272.191	6.42916
272.434	6.5173
272.679	6.62211
272.928	6.74452
273.18	6.87685
273.431	7.02203
273.684	7.19499
273.927	7.40494
274.158	7.63805
274.383	7.8984
274.608	8.18578
274.835	8.48862
275.053	8.82065
275.254	9.18655
275.44	9.57986
275.614	9.99359
275.781	10.4308
275.936	10.8941
276.076	11.3798
276.212	11.8891
276.355	12.4205
276.503	12.9724
276.638	13.5465
276.76	14.1442
276.874	14.7666
276.978	15.4111
277.067	16.0704
277.138	16.747
277.199	17.4433
277.254	18.1596
277.306	18.9077
277.36	19.6821
277.409	20.4672
277.445	21.2614
277.471	22.0688
277.496	22.8939
277.523	23.7413
277.549	24.6046
277.585	25.482
277.629	26.3748
277.664	27.2831
277.706	28.2112
277.762	29.15
277.814	30.0944
277.868	31.0391
277.93	31.9898
277.99	32.9423
278.051	33.9027
278.115	34.8761
278.185	35.8631
278.258	36.8592
278.327	37.853
278.391	38.8448
278.46	39.8339
278.525	40.8266
278.586	41.8302
278.65	42.841
278.716	43.8562
278.774	44.8684
278.833	45.8835
278.89	46.9068
278.948	47.9282
279.007	48.9416
279.065	49.952
279.126	50.965
279.184	51.9726
279.242	52.9757
279.309	53.9833
279.376	55.0007
279.43	56.016
279.495	57.022
279.554	58.0262
279.619	59.0336
279.684	60.0484
279.757	61.0666
279.839	62.0799
279.925	63.0856
280.017	64.0864
280.093	65.0958
280.165	66.112
280.234	67.127
280.295	68.1349
280.349	69.1331
280.405	70.1355
280.465	71.1467
280.521	72.1635
280.573	73.1766
280.622	74.1834
280.676	75.188
280.728	76.1933
280.783	77.1988
280.847	78.2052
280.909	79.2113
280.973	80.2118
281.039	81.2027
281.107	82.1965
281.172	83.204
281.243	84.2173
281.314	85.2205
281.381	86.2073
281.449	87.1886
281.52	88.1782
281.596	89.1835
281.675	90.1954
281.76	91.2043
281.851	92.2066
281.944	93.2006
282.038	94.1947
282.133	95.193
282.242	96.1948
282.358	97.1979
282.475	98.1964
282.613	99.1908
282.748	100.181
282.89	101.163
283.035	102.144
283.169	103.125
283.307	104.099
283.452	105.066
283.594	106.031
283.74	106.995
283.891	107.953
284.044	108.904
284.193	109.853
284.336	110.802
284.466	111.746
284.594	112.683
284.72	113.611
284.844	114.537
284.967	115.465
285.091	116.39
285.22	117.307
285.348	118.212
285.467	119.101
285.579	119.972
285.688	120.833
285.801	121.688
285.915	122.54
286.031	123.38
286.154	124.201
286.281	125.008
286.415	125.797
286.555	126.567
286.696	127.322
286.836	128.063
286.978	128.785
287.124	129.479
287.269	130.143
287.41	130.785
287.554	131.408
287.699	132.016
287.849	132.611
288	133.182
288.154	133.73
288.299	134.267
288.431	134.801
288.556	135.33
288.692	135.862
288.831	136.397
288.952	136.937
289.048	137.481
289.125	138.025
289.194	138.565
289.248	139.1
289.276	139.633
289.276	140.169
289.252	140.707
289.205	141.25
289.127	141.793
289.019	142.334
288.882	142.868
288.712	143.397
288.508	143.916
288.271	144.427
288.001	144.938
287.694	145.446
287.348	145.942
286.964	146.415
286.548	146.868
286.094	147.311
285.608	147.749
285.086	148.165
284.54	148.558
283.963	148.928
283.365	149.28
282.738	149.615
282.085	149.943
281.413	150.267
280.732	150.593
280.043	150.918
279.349	151.243
278.651	151.571
277.945	151.906
277.231	152.251
276.507	152.602
275.774	152.955
275.034	153.317
274.284	153.683
273.524	154.062
272.753	154.456
271.968	154.857
271.172	155.269
270.367	155.692
269.552	156.124
268.729	156.561
267.894	157.002
267.046	157.447
266.191	157.9
265.334	158.355
264.482	158.813
263.632	159.272
262.779	159.736
261.921	160.205
261.066	160.685
260.216	161.172
259.375	161.664
258.543	162.164
257.72	162.677
256.904	163.197
256.092	163.724
255.287	164.26
254.492	164.807
253.698	165.356
252.911	165.911
252.13	166.474
251.342	167.038
250.544	167.6
249.739	168.16
248.928	168.716
248.116	169.273
247.289	169.812
246.457	170.345
245.629	170.875
244.795	171.4
243.952	171.922
243.097	172.442
242.242	172.96
241.385	173.469
240.524	173.965
239.657	174.453
238.789	174.938
237.916	175.417
237.037	175.889
236.153	176.358
235.266	176.82
234.377	177.271
233.492	177.723
232.608	178.169
231.725	178.609
230.852	179.052
229.981	179.496
229.11	179.945
228.244	180.387
227.383	180.824
226.527	181.266
225.669	181.712
224.817	182.159
223.971	182.608
223.133	183.058
222.3	183.507
221.471	183.947
220.649	184.381
219.832	184.806
219.018	185.226
218.211	185.646
217.416	186.068
216.631	186.484
215.853	186.883
215.093	187.27
214.352	187.656
213.613	188.04
212.873	188.415
212.144	188.784
211.437	189.14
210.756	189.483
210.086	189.811
209.426	190.13
208.782	190.445
208.153	190.753
207.537	191.048
206.937	191.337
206.36	191.621
205.81	191.897
205.278	192.156
204.763	192.404
204.266	192.648
203.79	192.888
203.337	193.119
202.911	193.34
202.512	193.553
202.139	193.759
201.787	193.954
201.456	194.141
201.152	194.317
200.878	194.481
200.632	194.632
200.411	194.774
200.208	194.911
200.014	195.047
199.821	195.18
199.627	195.313
199.434	195.448
199.243	195.586
199.058	195.728
198.873	195.873
198.686	196.016
198.496	196.155
198.303	196.297
198.112	196.444
197.918	196.606
197.713	196.784
197.485	196.98
197.229	197.193
196.946	197.424
196.641	197.674
196.314	197.935
195.964	198.206
195.596	198.499
195.21	198.812
194.801	199.136
194.369	199.465
193.915	199.798
193.446	200.132
192.966	200.476
192.471	200.831
191.961	201.185
191.436	201.539
190.889	201.894
190.325	202.253
189.747	202.616
189.154	202.985
188.544	203.351
187.917	203.714
187.274	204.077
186.619	204.45
185.956	204.827
185.284	205.197
184.606	205.565
183.925	205.939
183.23	206.315
182.521	206.694
181.803	207.076
181.081	207.457
180.352	207.844
179.618	208.235
178.873	208.634
178.12	209.038
177.361	209.451
176.595	209.867
175.826	210.284
175.053	210.695
174.28	211.105
173.512	211.521
172.741	211.94
171.971	212.359
171.201	212.78
170.435	213.196
169.665	213.608
168.899	214.023
168.138	214.441
167.383	214.851
166.632	215.256
165.884	215.665
165.134	216.074
164.387	216.472
163.653	216.855
162.94	217.234
162.243	217.612
161.556	217.979
160.884	218.332
160.237	218.679
159.605	219.009
158.986	219.319
158.387	219.613
157.803	219.894
157.238	220.159
156.692	220.406
156.156	220.645
155.62	220.878
155.077	221.093
154.526	221.285
153.967	221.455
153.407	221.604
152.847	221.731
152.288	221.833
151.73	221.915
151.175	221.977
150.616	222.018
150.051	222.04
149.483	222.039
148.908	222.019
148.322	221.99
147.724	221.96
147.113	221.919
146.492	221.868
145.864	221.807
145.227	221.741
144.575	221.678
143.908	221.62
143.226	221.563
142.53	221.499
141.822	221.436
141.098	221.374
140.354	221.309
139.59	221.238
138.807	221.167
138.011	221.098
137.206	221.025
136.39	220.954
135.557	220.893
134.701	220.839
133.828	220.788
132.941	220.732
132.039	220.681
131.123	220.633
130.194	220.581
129.256	220.541
128.308	220.508
127.351	220.46
126.381	220.417
125.397	220.376
124.396	220.317
123.384	220.261
122.372	220.206
121.369	220.151
120.374	220.099
119.377	220.041
118.372	219.98
117.362	219.914
116.352	219.842
115.339	219.77
114.328	219.698
113.331	219.621
112.344	219.545
111.36	219.474
110.373	219.4
109.381	219.329
108.391	219.257
107.411	219.187
106.438	219.118
105.474	219.048
104.51	218.986
103.55	218.926
102.585	218.865
101.617	218.807
100.649	218.751
99.6924	218.689
98.7419	218.629
97.7963	218.578
96.8532	218.523
95.9151	218.463
94.974	218.409
94.0357	218.352
93.1084	218.287
92.191	218.219
91.2781	218.15
90.3735	218.076
89.4813	217.998
88.6055	217.92
87.7418	217.844
86.8921	217.767
86.0602	217.687
85.2463	217.61
84.4489	217.536
83.6717	217.462
82.9185	217.389
82.1858	217.325
81.4745	217.269
80.7829	217.218
80.1107	217.173
79.4587	217.14
78.8277	217.12
78.2138	217.114
77.6168	217.124
77.0301	217.148
76.4462	217.184
75.8658	217.234
75.2915	217.305
74.7261	217.401
74.1677	217.512
73.6155	217.641
73.0706	217.794
72.5396	217.976
72.0212	218.18
71.5158	218.41
71.0277	218.684
70.553	218.992
70.0924	219.331
69.651	219.703
69.2366	220.105
68.8442	220.53
68.4654	220.973
68.1016	221.434
67.7682	221.932
67.4674	222.466
67.1879	223.027
66.9233	223.611
66.6803	224.215
66.4686	224.845
66.282	225.494
66.1121	226.159
65.9712	226.837
65.868	227.528
65.7796	228.229
65.6951	228.948
65.6222	229.682
65.5636	230.429
65.5118	231.178
65.4731	231.929
65.4491	232.683
65.425	233.441
65.3944	234.205
65.3646	234.979
65.3356	235.764
65.3036	236.561
65.2782	237.363
65.2485	238.166
65.2164	238.97
65.1932	239.783
65.1727	240.609
65.147	241.446
65.1142	242.295
65.0728	243.153
65.0213	244.021
64.9604	244.896
64.896	245.777
64.8304	246.663
64.7716	247.553
64.7128	248.451
64.6544	249.362
64.5951	250.289
64.5337	251.232
64.4699	252.186
64.4084	253.149
64.3491	254.121
64.2918	255.1
64.2386	256.081
64.1861	257.068
64.1343	258.073
64.0767	259.101
64.0156	260.141
63.9534	261.177
63.8895	262.213
63.8288	263.253
63.7617	264.301
63.6944	265.354
63.627	266.409
63.5538	267.466
63.4828	268.526
63.4137	269.587
63.3452	270.643
63.28	271.695
63.2123	272.745
63.1427	273.8
63.0751	274.85
63.0013	275.894
62.9259	276.94
62.8496	277.992
62.7735	279.043
62.6968	280.082
62.6204	281.112
62.5428	282.143
62.4675	283.177
62.3936	284.214
62.3207	285.25
62.2471	286.283
62.1766	287.308
62.1086	288.328
62.039	289.347
61.9692	290.37
61.9001	291.393
61.8303	292.415
61.7603	293.432
61.6963	294.446
61.6363	295.457
61.5684	296.462
61.4912	297.463
61.4226	298.47
61.3396	299.477
61.2508	300.482
61.1646	301.48
61.0809	302.471
60.9976	303.457
60.9107	304.442
60.82	305.433
60.723	306.422
60.6183	307.402
60.5102	308.379
60.3913	309.361
60.271	310.347
60.1433	311.329
60.0132	312.306
59.8769	313.281
59.7266	314.254
59.5708	315.227
59.4177	316.201
59.2703	317.172
59.1292	318.144
58.9927	319.121
58.8595	320.103
58.7365	321.087
58.617	322.075
58.4996	323.066
58.3823	324.056
58.2712	325.042
58.1693	326.027
58.0757	327.02
57.9956	328.022
57.9213	329.027
57.8543	330.03
57.7859	331.032
57.713	332.039
57.6417	333.048
57.5701	334.054
57.5012	335.06
57.4409	336.071
57.384	337.086
57.3228	338.093
57.2604	339.089
57.2011	340.08
57.1458	341.076
57.0918	342.079
57.0419	343.079
56.9924	344.065
56.9386	345.048
56.8843	346.028
56.8308	346.994
56.7809	347.941
56.7347	348.876
56.6932	349.8
56.6508	350.712
56.6092	351.611
56.5617	352.5
56.5197	353.38
56.4815	354.243
56.4523	355.087
56.4316	355.917
56.4191	356.737
56.4138	357.544
56.4162	358.332
56.4199	359.094
56.4181	359.828
56.4187	360.54
56.4252	361.233
56.4336	361.911
56.434	362.583
56.4303	363.252
56.4273	363.924
56.4295	364.597
56.4306	365.27
56.4238	365.937
56.407	366.594
56.3787	367.245
56.3407	367.893
56.2979	368.541
56.2416	369.196
56.1653	369.859
56.0726	370.531
55.9747	371.213
55.8752	371.905
55.761	372.61
55.6363	373.324
55.5084	374.054
55.393	374.804
55.272	375.575
55.145	376.364
55.0269	377.164
54.9286	377.974
54.8325	378.793
54.7327	379.633
54.6415	380.493
54.5605	381.374
54.4898	382.264
54.4258	383.161
54.3746	384.07
54.3344	384.994
54.2976	385.937
54.2652	386.899
54.2407	387.874
54.2183	388.859
54.1962	389.853
54.1765	390.859
54.1595	391.884
54.1364	392.923
54.1053	393.971
54.0697	395.027
54.0367	396.095
54.0012	397.167
53.9621	398.236
53.9191	399.293
53.8726	400.348
53.8179	401.41
53.756	402.479
53.6899	403.547
53.6229	404.605
53.5574	405.658
53.4891	406.713
53.4199	407.766
53.3479	408.812
53.2749	409.853
53.2045	410.897
53.1352	411.943
53.0673	412.99
53.0011	414.033
52.9355	415.069
52.8686	416.095
52.7978	417.118
52.7257	418.14
52.6619	419.157
52.6009	420.169
52.5444	421.18
52.4872	422.187
52.4329	423.18
52.3756	424.153
52.3155	425.11
52.2482	426.052
52.1829	426.982
52.1193	427.896
52.049	428.794
51.9775	429.677
51.9048	430.547
51.8213	431.402
51.7313	432.241
51.6389	433.06
51.5455	433.862
51.4461	434.649
51.343	435.419
51.2347	436.175
51.1205	436.914
51.004	437.636
50.8814	438.34
50.7538	439.02
50.6223	439.677
50.4877	440.31
50.3578	440.921
50.24	441.509
50.1396	442.077
50.0582	442.627
49.994	443.162
49.9493	443.688
49.9325	444.203
49.9496	444.701
49.9997	445.182
50.075	445.649
50.1765	446.104
50.3173	446.545
50.5012	446.965
50.709	447.363
50.9377	447.745
51.1856	448.109
51.467	448.452
51.7738	448.773
52.1043	449.072
52.4554	449.344
52.8187	449.586
53.193	449.801
53.5831	449.994
53.9857	450.17
54.4023	450.332
54.8336	450.468
55.2852	450.564
55.7605	450.636
56.2567	450.709
56.769	450.782
57.2971	450.843
57.8459	450.885
58.4113	450.908
58.9886	450.924
59.5773	450.939
60.1798	450.958
60.7996	450.984
61.4345	451.016
62.0839	451.054
62.7485	451.089
63.4276	451.127
64.126	451.169
64.8404	451.213
65.5666	451.26
66.3042	451.312
67.0544	451.365
67.8218	451.422
68.6072	451.483
69.4133	451.551
70.2356	451.618
71.0675	451.686
71.911	451.756
72.7704	451.828
73.6421	451.899
74.5251	451.97
75.4152	452.045
76.3076	452.125
77.2089	452.203
78.1307	452.283
79.0691	452.362
80.022	452.443
80.9723	452.512
81.9222	452.574
82.8754	452.635
83.8333	452.692
84.8027	452.753
85.7773	452.822
86.7578	452.893
87.7413	452.963
88.7249	453.036
89.7075	453.11
90.6892	453.182
91.6689	453.252
92.6491	453.323
93.6288	453.393
94.6102	453.463
95.5919	453.531
96.5726	453.598
97.547	453.667
98.5156	453.736
99.4807	453.801
100.446	453.861
101.412	453.92
102.379	453.974
103.343	454.028
104.3	454.088
105.249	454.152
106.195	454.218
107.134	454.29
108.075	454.357
109.023	454.418
109.964	454.484
110.904	454.544
111.829	454.601
112.748	454.659
113.663	454.722
114.569	454.79
115.474	454.857
116.374	454.925
117.273	454.999
118.172	455.073
119.07	455.147
119.967	455.225
120.857	455.31
121.745	455.397
122.625	455.496
123.499	455.612
124.367	455.736
125.23	455.867
126.096	456.012
126.963	456.164
127.823	456.319
128.675	456.482
129.518	456.65
130.362	456.824
131.211	457.005
132.062	457.193
132.91	457.383
133.742	457.584
134.562	457.791
135.384	458.002
136.208	458.222
137.034	458.454
137.847	458.689
138.652	458.932
139.45	459.181
140.23	459.434
141.016	459.704
141.798	459.988
142.583	460.273
143.367	460.558
144.146	460.852
144.911	461.155
145.67	461.456
146.428	461.756
147.184	462.07
147.942	462.398
148.699	462.721
149.446	463.042
150.183	463.375
150.918	463.714
151.652	464.06
152.381	464.418
153.1	464.777
153.809	465.143
154.517	465.512
155.218	465.887
155.913	466.269
156.601	466.656
157.277	467.043
157.945	467.432
158.609	467.828
159.271	468.233
159.932	468.643
160.586	469.055
161.227	469.465
161.849	469.872
162.452	470.279
163.041	470.685
163.615	471.09
164.173	471.492
164.717	471.888
165.243	472.275
165.754	472.649
166.247	473.013
166.721	473.362
167.177	473.696
167.619	474.014
168.049	474.314
168.469	474.596
168.875	474.858
169.264	475.096
169.635	475.309
169.989	475.503
170.333	475.685
170.676	475.854
171.016	476.018
171.361	476.176
171.712	476.324
172.07	476.449
172.432	476.555
172.795	476.644
173.16	476.713
173.521	476.768
173.879	476.814
174.237	476.853
174.604	476.873
174.981	476.869
175.367	476.842
175.762	476.792
176.166	476.725
176.58	476.64
176.995	476.535
177.412	476.402
177.823	476.241
178.241	476.05
178.664	475.829
179.098	475.572
179.533	475.28
179.973	474.949
180.416	474.577
180.87	474.165
181.328	473.724
181.796	473.254
182.272	472.756
182.756	472.234
183.247	471.687
183.745	471.117
184.25	470.528
184.762	469.915
185.283	469.282
185.812	468.63
186.353	467.961
186.904	467.28
187.467	466.587
188.042	465.876
188.632	465.141
189.234	464.385
189.843	463.619
190.458	462.843
191.077	462.059
191.696	461.272
192.319	460.481
192.946	459.692
193.575	458.901
194.205	458.112
194.837	457.322
195.471	456.537
196.104	455.753
196.739	454.972
197.375	454.192
198.013	453.411
198.653	452.632
199.29	451.858
199.931	451.085
200.574	450.313
201.216	449.541
201.856	448.771
202.492	448.006
203.129	447.243
203.764	446.48
204.398	445.715
205.028	444.953
205.656	444.191
206.28	443.431
206.9	442.674
207.52	441.919
208.141	441.164
208.763	440.413
209.384	439.666
210.003	438.92
210.621	438.178
211.243	437.439
211.869	436.698
212.504	435.95
213.144	435.197
213.788	434.443
214.435	433.679
215.094	432.907
215.762	432.129
216.435	431.35
217.114	430.565
217.798	429.771
218.484	428.97
219.168	428.163
219.851	427.353
220.533	426.543
221.215	425.736
221.896	424.933
222.577	424.134
223.256	423.339
223.936	422.547
224.615	421.76
225.293	420.974
225.967	420.194
226.641	419.42
227.315	418.649
227.989	417.88
228.66	417.115
229.329	416.353
229.991	415.6
230.642	414.856
231.283	414.12
231.913	413.399
232.526	412.692
233.121	412.001
233.7	411.326
234.259	410.665
234.796	410.02
235.308	409.39
235.797	408.773
236.258	408.172
236.693	407.587
237.099	407.017
237.475	406.455
237.819	405.899
238.132	405.346
238.413	404.794
238.656	404.237
238.865	403.668
239.04	403.088
239.178	402.502
239.271	401.911
239.324	401.323
239.333	400.737
239.296	400.16
239.216	399.587
239.093	399.026
238.927	398.481
238.722	397.954
238.481	397.441
238.205	396.939
237.896	396.454
237.557	395.982
237.189	395.522
236.794	395.072
236.374	394.63
235.928	394.196
235.462	393.769
234.975	393.351
234.465	392.942
233.933	392.543
233.373	392.159
232.787	391.789
232.174	391.43
231.531	391.086
230.861	390.751
230.164	390.43
229.446	390.12
228.701	389.825
227.93	389.547
227.135	389.284
226.314	389.029
225.47	388.785
224.61	388.547
223.732	388.314
222.838	388.09
221.924	387.875
220.988	387.671
220.028	387.486
219.05	387.316
218.057	387.156
217.051	387.001
216.025	386.851
214.982	386.703
213.92	386.553
212.846	386.407
211.764	386.268
210.674	386.126
209.579	385.988
208.478	385.852
207.372	385.718
206.26	385.581
205.146	385.449
204.029	385.321
202.911	385.196
201.788	385.074
200.66	384.953
199.53	384.836
198.397	384.723
197.256	384.611
196.108	384.5
194.962	384.391
193.818	384.285
192.674	384.183
191.531	384.084
190.392	383.992
189.259	383.904
188.127	383.817
187	383.729
185.878	383.644
184.761	383.561
183.646	383.483
182.535	383.406
181.428	383.331
180.325	383.257
179.228	383.184
178.136	383.112
177.048	383.042
175.963	382.974
174.879	382.907
173.8	382.841
172.725	382.775
171.658	382.706
170.594	382.638
169.534	382.569
168.479	382.5
167.429	382.432
166.383	382.368
165.344	382.304
164.309	382.24
163.28	382.179
162.257	382.119
161.242	382.06
160.235	382.005
159.236	381.958
158.246	381.91
157.27	381.869
156.308	381.831
155.365	381.795
154.44	381.762
153.535	381.735
152.649	381.712
151.78	381.692
150.933	381.676
150.103	381.659
149.292	381.64
148.496	381.615
147.716	381.589
146.956	381.557
146.218	381.516
145.5	381.463
144.803	381.402
144.129	381.331
143.484	381.249
142.867	381.155
142.283	381.046
141.732	380.915
141.212	380.758
140.722	380.577
140.259	380.369
139.819	380.135
139.406	379.873
139.01	379.585
138.64	379.267
138.301	378.921
137.996	378.548
137.716	378.156
137.461	377.742
137.236	377.307
137.046	376.851
136.884	376.378
136.741	375.891
136.618	375.391
136.516	374.879
136.436	374.356
136.374	373.82
136.331	373.268
136.29	372.702
136.248	372.124
136.21	371.536
136.186	370.94
136.175	370.336
136.172	369.719
136.165	369.086
136.155	368.437
136.151	367.77
136.152	367.087
136.155	366.39
136.157	365.676
136.158	364.943
136.163	364.192
136.18	363.422
136.207	362.635
136.235	361.831
136.268	361.011
136.308	360.173
136.345	359.317
136.381	358.44
136.424	357.544
136.469	356.632
136.519	355.705
136.581	354.76
136.652	353.798
136.725	352.818
136.795	351.83
136.858	350.835
136.917	349.831
136.975	348.814
137.032	347.791
137.099	346.766
137.169	345.731
137.235	344.689
137.299	343.645
137.362	342.597
137.424	341.544
137.49	340.489
137.56	339.433
137.637	338.374
137.714	337.316
137.79	336.264
137.863	335.214
137.928	334.159
137.99	333.099
138.055	332.04
138.125	330.989
138.195	329.944
138.267	328.901
138.339	327.855
138.406	326.801
138.474	325.743
138.539	324.691
138.599	323.635
138.661	322.571
138.726	321.496
138.786	320.415
138.846	319.332
138.904	318.245
138.964	317.15
139.026	316.049
139.086	314.943
139.148	313.835
139.21	312.723
139.276	311.603
139.348	310.475
139.415	309.338
139.484	308.198
139.551	307.05
139.614	305.897
139.676	304.746
139.739	303.591
139.805	302.435
139.869	301.271
139.936	300.112
140.003	298.952
140.07	297.788
140.139	296.621
140.209	295.454
140.279	294.29
140.355	293.135
140.431	291.993
140.511	290.858
140.587	289.714
140.663	288.568
140.737	287.422
140.817	286.279
140.896	285.141
140.975	284.007
141.054	282.872
141.13	281.737
141.203	280.61
141.278	279.491
141.352	278.367
141.427	277.237
141.506	276.107
141.58	274.981
141.646	273.861
141.716	272.754
141.771	271.662
141.823	270.582
141.883	269.494
141.943	268.394
142.007	267.29
142.072	266.192
142.14	265.1
142.21	264.015
142.279	262.938
142.35	261.869
142.416	260.803
142.479	259.736
142.539	258.674
142.595	257.611
142.648	256.548
142.703	255.489
142.763	254.435
142.827	253.398
142.892	252.382
142.955	251.382
143.01	250.4
143.065	249.431
143.118	248.469
143.171	247.514
143.228	246.581
143.282	245.673
143.34	244.787
143.397	243.914
143.462	243.059
143.526	242.219
143.584	241.397
143.648	240.59
143.721	239.798
143.787	239.023
143.847	238.276
143.908	237.557
143.971	236.865
144.027	236.196
144.087	235.546
144.148	234.916
144.214	234.311
144.271	233.728
144.323	233.164
144.37	232.619
144.408	232.094
144.439	231.586
144.462	231.092
144.467	230.612
144.45	230.15
144.412	229.706
144.365	229.269
144.305	228.833
144.225	228.404
144.11	227.982
143.977	227.578
143.829	227.176
143.672	226.784
143.499	226.402
143.308	226.03
143.095	225.667
142.861	225.309
142.602	224.951
142.316	224.603
142.009	224.258
141.679	223.928
141.327	223.61
140.95	223.31
140.547	223.024
140.12	222.755
139.669	222.499
139.193	222.257
138.694	222.035
138.172	221.837
137.629	221.66
137.07	221.497
136.499	221.348
135.907	221.218
135.299	221.108
134.672	221.013
134.026	220.93
133.364	220.852
132.683	220.778
131.983	220.714
131.261	220.653
130.52	220.6
129.758	220.545
128.976	220.49
128.183	220.445
127.37	220.411
126.54	220.374
125.688	220.343
124.815	220.314
123.919	220.28
123.001	220.238
122.065	220.196
121.116	220.151
120.164	220.108
119.208	220.071
118.242	220.033
117.264	219.996
116.278	219.957
115.289	219.911
114.298	219.866
113.305	219.816
112.314	219.759
111.333	219.699
110.354	219.638
109.369	219.575
108.379	219.512
107.387	219.445
106.406	219.374
105.433	219.303
104.464	219.231
103.499	219.159
102.536	219.094
101.573	219.025
100.602	218.961
99.6253	218.897
98.6638	218.833
97.7103	218.765
96.7598	218.707
95.8118	218.65
94.8684	218.589
93.9239	218.532
92.9789	218.478
92.0424	218.414
91.1153	218.348
90.1922	218.283
89.2729	218.216
88.3649	218.145
87.4738	218.078
86.5988	218.014
85.7421	217.952
84.9047	217.888
84.089	217.826
83.2932	217.766
82.5184	217.707
81.7704	217.647
81.0496	217.593
80.3571	217.549
79.6932	217.511
79.06	217.474
78.4596	217.443
77.8923	217.418
77.3548	217.4
76.8409	217.388
76.3467	217.383
75.8662	217.379
75.3949	217.378
74.9289	217.386
74.4655	217.407
74.0071	217.444
73.5534	217.499
73.1062	217.568
72.6643	217.647
72.2286	217.742
71.799	217.854
71.3772	217.985
70.9687	218.137
70.5733	218.305
70.1842	218.486
69.7957	218.696
69.4084	218.943
69.026	219.217
68.6418	219.508
68.2655	219.824
67.903	220.161
67.5594	220.522
67.232	220.9
66.9248	221.294
66.6348	221.705
66.3756	222.144
66.1432	222.604
65.9252	223.075
65.7144	223.553
65.5141	224.039
65.3363	224.534
65.1867	225.039
65.0565	225.553
64.9343	226.067
64.8208	226.585
64.7275	227.106
64.6621	227.63
64.6064	228.158
64.5563	228.691
64.5094	229.23
64.4767	229.767
64.4511	230.302
64.4234	230.836
64.3895	231.368
64.3624	231.9
64.3458	232.433
64.3282	232.963
64.2934	233.489
64.2426	234.013
64.1855	234.535
64.1219	235.052
64.0453	235.565
63.9438	236.072
63.8242	236.57
63.6893	237.052
63.5336	237.517
63.3532	237.97
63.1494	238.407
62.9169	238.824
62.6532	239.225
62.3674	239.609
62.0606	239.976
61.7355	240.331
61.3902	240.674
61.0192	240.994
60.6308	241.277
60.215	241.528
59.7926	241.748
59.3625	241.952
58.9161	242.14
58.4483	242.302
57.9612	242.428
57.4599	242.52
56.9486	242.586
56.4319	242.635
55.9144	242.668
55.392	242.684
54.8583	242.685
54.3155	242.672
53.762	242.651
53.1939	242.627
52.6142	242.604
52.0189	242.579
51.4048	242.548
50.7727	242.513
50.1194	242.479
49.4457	242.449
48.751	242.42
48.0368	242.393
47.3028	242.365
46.5466	242.336
45.7719	242.303
44.9757	242.269
44.16	242.238
43.3261	242.21
42.4742	242.181
41.6058	242.147
40.7186	242.111
39.8142	242.072
38.8931	242.029
37.9588	241.978
37.0119	241.921
36.0465	241.864
35.0588	241.805
34.052	241.744
33.0303	241.682
31.9991	241.619
30.956	241.55
29.9025	241.476
28.8331	241.404
27.7569	241.327
26.6811	241.248
25.6059	241.175
24.5339	241.102
23.462	241.035
22.39	240.969
21.3171	240.906
20.2441	240.851
19.1754	240.788
18.1104	240.723
17.0462	240.66
15.9826	240.582
14.9238	240.502
13.874	240.418
12.8322	240.332
11.7975	240.244
10.7685	240.158
9.74516	240.07
8.73024	239.981
7.73041	239.89
6.74753	239.8
5.78075	239.708
4.82675	239.619
3.89084	239.533
2.97264	239.446
2.07518	239.365
1.19591	239.288
0.340219	239.214
-0.489821	239.14
-1.29316	239.07
-2.07219	239.005
-2.82654	238.939
-3.5577	238.874
-4.26075	238.809
-4.93724	238.75
-5.58693	238.697
-6.20768	238.649
-6.79827	238.605
-7.35541	238.567
-7.88123	238.538
-8.37222	238.517
-8.82879	238.503
-9.25275	238.494
-9.64597	238.489
-10.0122	238.489
-10.3528	238.494
-10.6639	238.504
-10.9502	238.518
-11.2164	238.535
-11.465	238.554
-11.7026	238.574
-11.9355	238.597
-12.1645	238.625
-12.3903	238.657
-12.6133	238.695
-12.8339	238.738
-13.0509	238.789
-13.2667	238.846
-13.4785	238.903
-13.6865	238.964
-13.8977	239.035
-14.1212	239.123
-14.3612	239.227
-14.6173	239.354
-14.8887	239.493
-15.1741	239.647
-15.4685	239.822
-15.7673	240.019
-16.0659	240.244
-16.3593	240.498
-16.6478	240.779
-16.931	241.084
-17.206	241.416
-17.4736	241.778
-17.7326	242.177
-17.9745	242.616
-18.1921	243.089
-18.3876	243.594
-18.5632	244.126
-18.7186	244.686
-18.8535	245.276
-18.9654	245.898
-19.0534	246.55
-19.1161	247.226
-19.1598	247.927
-19.1902	248.65
-19.2122	249.396
-19.2325	250.163
-19.2505	250.953
-19.2698	251.763
-19.2929	252.595
-19.3168	253.448
-19.3422	254.325
-19.3679	255.223
-19.3943	256.143
-19.4242	257.078
-19.4556	258.032
-19.4931	259.003
-19.541	259.994
-19.591	261.012
-19.6416	262.063
-19.689	263.135
-19.7336	264.22
-19.7775	265.317
-19.8262	266.43
-19.8794	267.565
-19.9385	268.718
-20	269.888
-20.0603	271.068
-20.1205	272.252
-20.1803	273.44
-20.2408	274.635
-20.3032	275.841
-20.3696	277.061
-20.437	278.291
-20.5081	279.527
-20.5757	280.76
-20.6451	281.992
-20.7171	283.224
-20.7925	284.462
-20.8714	285.703
-20.951	286.948
-21.0309	288.196
-21.1078	289.44
-21.1787	290.681
-21.2478	291.921
-21.3146	293.162
-21.381	294.407
-21.448	295.658
-21.5169	296.91
-21.5842	298.163
-21.653	299.422
-21.7205	300.683
-21.7884	301.934
-21.8564	303.184
-21.9257	304.437
-21.9959	305.691
-22.0654	306.95
-22.1343	308.214
-22.2007	309.479
-22.2697	310.744
-22.3385	312.01
-22.4087	313.277
-22.4801	314.543
-22.553	315.809
-22.6252	317.076
-22.6999	318.335
-22.775	319.592
-22.8439	320.848
-22.9177	322.108
-22.9885	323.364
-23.0596	324.617
-23.1292	325.867
-23.1935	327.111
-23.2591	328.35
-23.3229	329.589
-23.3877	330.826
-23.4524	332.064
-23.5169	333.297
-23.5816	334.521
-23.6471	335.734
-23.7149	336.936
-23.7844	338.129
-23.8535	339.309
-23.9226	340.474
-23.9904	341.619
-24.0577	342.744
-24.1259	343.847
-24.1978	344.935
-24.2699	346.005
-24.3404	347.067
-24.4101	348.118
-24.4767	349.153
-24.5371	350.172
-24.5923	351.175
-24.6457	352.16
-24.694	353.129
-24.7374	354.077
-24.7795	355.005
-24.8151	355.914
-24.8514	356.801
-24.8868	357.662
-24.9179	358.493
-24.9478	359.298
-24.9766	360.081
-25.0004	360.843
-25.0249	361.584
-25.0469	362.295
-25.071	362.973
-25.0976	363.621
-25.1281	364.243
-25.1665	364.838
-25.2109	365.41
-25.2599	365.962
-25.3126	366.494
-25.3758	367.004
-25.4555	367.499
-25.5576	367.977
-25.6868	368.444
-25.8422	368.894
-26.0259	369.33
-26.2393	369.747
-26.479	370.142
-26.746	370.518
-27.0399	370.875
-27.3546	371.214
-27.6969	371.538
-28.079	371.84
-28.4998	372.106
-28.9549	372.341
-29.4318	372.559
-29.9278	372.749
-30.4459	372.891
-30.9837	372.987
-31.5394	373.04
-32.1081	373.06
-32.6919	373.045
-33.2877	372.998
-33.8881	372.929
-34.4843	372.842
-35.0793	372.738
-35.6855	372.62
-36.3091	372.499
-36.9431	372.379
-37.5873	372.26
-38.2364	372.14
-38.8974	372.023
-39.5819	371.908
-40.2937	371.791
-41.0293	371.671
-41.7798	371.542
-42.5471	371.413
-43.3317	371.284
-44.132	371.155
-44.9521	371.035
-45.7941	370.921
-46.657	370.812
-47.5379	370.712
-48.4331	370.62
-49.3451	370.542
-50.2784	370.469
-51.2313	370.398
-52.2031	370.328
-53.1872	370.26
-54.1818	370.188
-55.185	370.109
-56.1995	370.033
-57.2285	369.961
-58.2696	369.89
-59.3221	369.822
-60.3828	369.754
-61.4497	369.685
-62.5197	369.618
-63.5917	369.556
-64.664	369.492
-65.736	369.428
-66.8128	369.366
-67.8983	369.3
-68.9846	369.234
-70.0673	369.163
-71.147	369.095
-72.2241	369.031
-73.303	368.961
-74.3853	368.889
-75.4641	368.818
-76.5373	368.743
-77.6085	368.664
-78.6786	368.585
-79.7474	368.507
-80.8132	368.433
-81.8748	368.364
-82.931	368.299
-83.9811	368.237
-85.0276	368.178
-86.0708	368.124
-87.1105	368.074
-88.1428	368.028
-89.163	367.988
-90.1702	367.954
-91.1589	367.924
-92.1288	367.899
-93.0831	367.879
-94.0224	367.862
-94.9429	367.847
-95.844	367.832
-96.7272	367.816
-97.6024	367.802
-98.4713	367.786
-99.3388	367.769
-100.205	367.744
-101.072	367.711
-101.931	367.662
-102.783	367.598
-103.628	367.524
-104.474	367.438
-105.325	367.339
-106.183	367.232
-107.049	367.124
-107.921	367.01
-108.798	366.895
-109.683	366.782
-110.579	366.676
-111.49	366.567
-112.42	366.457
-113.37	366.345
-114.329	366.237
-115.288	366.122
-116.262	366.02
-117.266	365.927
-118.3	365.845
-119.344	365.767
-120.389	365.689
-121.451	365.607
-122.541	365.524
-123.65	365.446
-124.759	365.377
-125.872	365.324
-127.003	365.286
-128.161	365.252
-129.333	365.218
-130.506	365.185
-131.676	365.155
-132.844	365.132
-134.011	365.118
-135.179	365.106
-136.348	365.089
-137.518	365.074
-138.679	365.057
-139.833	365.045
-140.986	365.033
-142.146	365.011
-143.306	364.975
-144.458	364.923
-145.599	364.858
-146.736	364.788
-147.874	364.72
-149.012	364.653
-150.154	364.59
-151.291	364.524
-152.424	364.453
-153.544	364.376
-154.658	364.301
-155.779	364.232
-156.905	364.162
-158.029	364.091
-159.147	364.017
-160.262	363.934
-161.371	363.843
-162.471	363.747
-163.565	363.65
-164.658	363.559
-165.751	363.465
-166.848	363.37
-167.943	363.278
-169.029	363.181
-170.107	363.082
-171.179	362.984
-172.25	362.884
-173.32	362.787
-174.38	362.699
-175.429	362.607
-176.479	362.517
-177.539	362.43
-178.596	362.334
-179.639	362.236
-180.682	362.134
-181.734	362.034
-182.794	361.941
-183.854	361.859
-184.914	361.787
-185.974	361.719
-187.037	361.661
-188.102	361.606
-189.172	361.557
-190.251	361.511
-191.335	361.469
-192.415	361.422
-193.493	361.38
-194.578	361.331
-195.667	361.281
-196.755	361.228
-197.845	361.181
-198.94	361.14
-200.039	361.106
-201.148	361.083
-202.26	361.065
-203.378	361.052
-204.498	361.044
-205.617	361.036
-206.735	361.028
-207.855	361.022
-208.975	361.017
-210.091	361.014
-211.203	361.015
-212.315	361.019
-213.426	361.021
-214.534	361.026
-215.636	361.037
-216.738	361.049
-217.838	361.065
-218.931	361.087
-220.012	361.11
-221.081	361.137
-222.134	361.174
-223.17	361.217
-224.192	361.269
-225.199	361.33
-226.184	361.392
-227.154	361.457
-228.116	361.52
-229.073	361.59
-230.011	361.659
-230.921	361.726
-231.807	361.793
-232.689	361.855
-233.562	361.921
-234.409	361.99
-235.222	362.064
-236.01	362.145
-236.777	362.238
-237.513	362.339
-238.215	362.446
-238.89	362.563
-239.547	362.695
-240.19	362.84
-240.811	362.989
-241.408	363.141
-241.983	363.292
-242.54	363.441
-243.08	363.583
-243.607	363.721
-244.123	363.852
-244.626	363.975
-245.111	364.089
-245.584	364.194
-246.039	364.286
-246.474	364.369
-246.893	364.443
-247.308	364.51
-247.72	364.563
-248.135	364.604
-248.548	364.631
-248.959	364.651
-249.365	364.664
-249.769	364.67
-250.169	364.67
-250.566	364.662
-250.963	364.648
-251.364	364.631
-251.773	364.612
-252.191	364.595
-252.614	364.581
-253.042	364.569
-253.473	364.558
-253.905	364.551
-254.336	364.547
-254.765	364.546
-255.192	364.55
-255.619	364.563
-256.045	364.583
-256.469	364.608
-256.893	364.633
-257.317	364.662
-257.736	364.697
-258.142	364.743
-258.535	364.794
-258.914	364.842
-259.278	364.886
-259.625	364.929
-259.954	364.977
-260.278	365.032
-260.602	365.091
-260.926	365.142
-261.248	365.182
-261.569	365.214
-261.888	365.235
-262.203	365.245
-262.515	365.247
-262.827	365.24
-263.147	365.221
-263.479	365.187
-263.823	365.135
-264.178	365.066
-264.543	364.984
-264.912	364.883
-265.289	364.763
-265.674	364.617
-266.061	364.444
-266.451	364.25
-266.844	364.029
-267.239	363.78
-267.638	363.499
-268.035	363.183
-268.423	362.828
-268.799	362.436
-269.165	362.012
-269.522	361.553
-269.861	361.06
-270.181	360.529
-270.482	359.962
-270.763	359.364
-271.028	358.734
-271.28	358.077
-271.514	357.395
-271.73	356.688
-271.931	355.957
-272.122	355.206
-272.295	354.434
-272.452	353.636
-272.596	352.812
-272.724	351.963
-272.83	351.092
-272.92	350.203
-272.995	349.293
-273.062	348.361
-273.134	347.407
-273.217	346.432
-273.301	345.437
-273.387	344.424
-273.471	343.39
-273.554	342.337
-273.636	341.27
-273.717	340.188
-273.797	339.096
-273.876	337.994
-273.955	336.886
-274.031	335.77
-274.106	334.64
-274.179	333.498
-274.249	332.343
-274.316	331.175
-274.38	329.995
-274.442	328.815
-274.496	327.643
-274.544	326.48
-274.588	325.315
-274.629	324.142
-274.671	322.961
-274.708	321.787
-274.737	320.621
-274.76	319.462
-274.777	318.301
-274.787	317.142
-274.792	315.982
-274.79	314.826
-274.782	313.671
-274.769	312.52
-274.749	311.37
-274.724	310.225
-274.688	309.081
-274.649	307.94
-274.606	306.805
-274.561	305.676
-274.508	304.547
-274.452	303.425
-274.39	302.308
-274.32	301.188
-274.246	300.069
-274.167	298.95
-274.082	297.833
-273.991	296.72
-273.895	295.605
-273.798	294.487
-273.697	293.367
-273.596	292.247
-273.49	291.127
-273.379	290.005
-273.261	288.878
-273.137	287.75
-273.01	286.619
-272.881	285.484
-272.748	284.346
-272.611	283.208
-272.47	282.068
-272.322	280.925
-272.168	279.778
-272.009	278.631
-271.847	277.485
-271.678	276.336
-271.504	275.183
-271.323	274.027
-271.14	272.87
-270.954	271.71
-270.764	270.551
-270.569	269.392
-270.37	268.23
-270.164	267.062
-269.949	265.895
-269.728	264.723
-269.499	263.557
-269.263	262.389
-269.019	261.219
-268.77	260.051
-268.514	258.874
-268.251	257.694
-267.976	256.51
-267.694	255.325
-267.407	254.141
-267.115	252.958
-266.822	251.778
-266.527	250.597
-266.222	249.416
-265.909	248.242
-265.589	247.068
-265.259	245.894
-264.923	244.724
-264.584	243.562
-264.243	242.405
-263.897	241.251
-263.549	240.094
-263.197	238.936
-262.837	237.78
-262.473	236.628
-262.104	235.478
-261.732	234.329
-261.355	233.181
-260.975	232.036
-260.592	230.895
-260.198	229.748
-259.798	228.603
-259.39	227.456
-258.98	226.314
-258.564	225.175
-258.144	224.04
-257.719	222.907
-257.287	221.78
-256.85	220.652
-256.408	219.525
-255.965	218.4
-255.519	217.276
-255.074	216.155
-254.623	215.034
-254.172	213.913
-253.716	212.79
-253.258	211.669
-252.798	210.554
-252.335	209.44
-251.866	208.33
-251.396	207.223
-250.921	206.118
-250.442	205.015
-249.957	203.912
-249.465	202.814
-248.966	201.721
-248.463	200.633
-247.957	199.545
-247.451	198.46
-246.941	197.373
-246.424	196.29
-245.903	195.215
-245.376	194.146
-244.846	193.086
-244.312	192.031
-243.774	190.98
-243.233	189.937
-242.687	188.897
-242.138	187.86
-241.586	186.828
-241.034	185.797
-240.48	184.77
-239.923	183.745
-239.364	182.724
-238.802	181.703
-238.235	180.687
-237.669	179.682
-237.097	178.681
-236.517	177.681
-235.929	176.679
-235.332	175.677
-234.731	174.677
-234.124	173.677
-233.51	172.671
-232.897	171.665
-232.276	170.66
-231.652	169.651
-231.021	168.641
-230.38	167.633
-229.727	166.622
-229.064	165.609
-228.391	164.594
-227.716	163.581
-227.033	162.573
-226.346	161.575
-225.657	160.582
-224.963	159.588
-224.269	158.597
-223.571	157.611
-222.87	156.622
-222.163	155.641
-221.451	154.666
-220.736	153.696
-220.019	152.728
-219.303	151.761
-218.589	150.802
-217.872	149.851
-217.15	148.901
-216.425	147.954
-215.7	147.01
-214.976	146.072
-214.25	145.142
-213.518	144.219
-212.777	143.299
-212.031	142.38
-211.285	141.463
-210.54	140.548
-209.788	139.638
-209.026	138.73
-208.253	137.826
-207.474	136.93
-206.698	136.035
-205.918	135.141
-205.135	134.248
-204.344	133.358
-203.547	132.469
-202.741	131.582
-201.93	130.695
-201.116	129.808
-200.299	128.923
-199.476	128.044
-198.645	127.167
-197.804	126.292
-196.956	125.42
-196.105	124.55
-195.252	123.679
-194.393	122.811
-193.53	121.944
-192.658	121.081
-191.783	120.218
-190.897	119.355
-190.004	118.49
-189.105	117.632
-188.2	116.772
-187.287	115.914
-186.365	115.054
-185.435	114.198
-184.497	113.347
-183.552	112.501
-182.604	111.659
-181.649	110.813
-180.693	109.965
-179.734	109.116
-178.771	108.264
-177.806	107.416
-176.844	106.574
-175.873	105.735
-174.897	104.894
-173.918	104.056
-172.941	103.215
-171.956	102.369
-170.967	101.522
-169.977	100.679
-168.99	99.8342
-168.015	98.9831
-167.047	98.1283
-166.085	97.2652
-165.12	96.4022
-164.157	95.5449
-163.193	94.6903
-162.225	93.8394
-161.258	92.9853
-160.293	92.1339
-159.326	91.281
-158.362	90.4267
-157.403	89.5685
-156.443	88.7108
-155.488	87.8505
-154.535	86.9899
-153.583	86.1294
-152.628	85.2686
-151.675	84.4137
-150.72	83.5628
-149.761	82.7152
-148.797	81.8683
-147.833	81.0214
-146.868	80.1745
-145.903	79.3265
-144.94	78.4764
-143.976	77.6256
-143.01	76.7734
-142.047	75.9192
-141.081	75.0679
-140.116	74.2188
-139.15	73.3696
-138.185	72.5208
-137.223	71.6687
-136.258	70.818
-135.295	69.966
-134.333	69.1154
-133.371	68.2668
-132.408	67.4205
-131.447	66.5793
-130.489	65.7412
-129.533	64.9058
-128.578	64.0685
-127.622	63.2311
-126.665	62.3913
-125.707	61.548
-124.746	60.7054
-123.786	59.8616
-122.829	59.0185
-121.874	58.1753
-120.917	57.3302
-119.961	56.4835
-119.003	55.6401
-118.041	54.7932
-117.071	53.9453
-116.1	53.0982
-115.133	52.2526
-114.168	51.4056
-113.203	50.5601
-112.233	49.7112
-111.261	48.8608
-110.291	48.009
-109.318	47.1577
-108.351	46.3132
-107.379	45.4684
-106.399	44.6245
-105.416	43.7755
-104.437	42.9238
-103.463	42.0722
-102.493	41.2206
-101.518	40.3667
-100.539	39.5154
-99.557	38.6636
-98.5695	37.8065
-97.5834	36.9485
-96.6013	36.0945
-95.6203	35.2422
-94.6371	34.3906
-93.651	33.5367
-92.6683	32.6848
-91.6871	31.8331
-90.7052	30.9829
-89.7252	30.1338
-88.7452	29.2884
-87.7677	28.448
-86.7903	27.609
-85.8107	26.7693
-84.8342	25.932
-83.8609	25.0963
-82.8857	24.2626
-81.9144	23.4299
-80.9422	22.5972
-79.9751	21.764
-79.0121	20.9303
-78.0538	20.0948
-77.1006	19.2587
-76.1509	18.425
-75.2036	17.5905
-74.2579	16.7544
-73.3096	15.92
-72.367	15.0869
-71.4306	14.2562
-70.4979	13.4266
-69.5689	12.5987
-68.6416	11.7703
-67.7194	10.9435
-66.7979	10.1234
-65.8845	9.30845
-64.9755	8.49551
-64.0725	7.69466
-63.1788	6.90064
-62.2959	6.11661
-61.4196	5.34263
-60.5538	4.57927
-59.6977	3.82343
-58.8511	3.08179
-58.0155	2.35256
-57.1847	1.62903
-56.3596	0.907849
-55.539	0.192425
-54.7297	-0.516761
-53.9327	-1.21543
-53.1494	-1.90128
-52.3785	-2.56841
-51.6185	-3.21865
-50.8752	-3.85014
-50.143	-4.46603
-49.4245	-5.06158
-48.7202	-5.63805
-48.0317	-6.19643
-47.356	-6.73735
-46.6908	-7.26075
-46.0326	-7.76558
-45.3786	-8.25212
-44.7274	-8.71766
-44.0764	-9.16382
-43.4253	-9.58551
-42.772	-9.98279
-42.1154	-10.3575
-41.4519	-10.7116
-40.7825	-11.0365
-40.1091	-11.3295
-39.4278	-11.5907
-38.7417	-11.821
-38.0502	-12.0178
-37.3564	-12.175
-36.6628	-12.2987
-35.9721	-12.3934
-35.2781	-12.4524
-34.5855	-12.4708
-33.8983	-12.4522
-33.2237	-12.3988
-32.558	-12.3086
-31.9057	-12.1858
-31.2681	-12.0285
-30.642	-11.8381
-30.0292	-11.6108
-29.4288	-11.3543
-28.8446	-11.0696
-28.2738	-10.7653
-27.7239	-10.437
-27.1885	-10.0924
-26.6646	-9.73769
-26.1432	-9.38474
-25.6199	-9.03113
-25.1	-8.67858
-24.582	-8.32406
-24.0667	-7.97368
-23.5553	-7.62516
-23.0454	-7.28241
-22.5388	-6.94231
-22.0384	-6.60846
-21.539	-6.28163
-21.045	-5.96647
-20.5568	-5.66255
-20.0771	-5.36794
-19.6077	-5.08151
-19.1488	-4.8028
-18.699	-4.53477
-18.2591	-4.27978
-17.8289	-4.03566
-17.4086	-3.80081
-17.0027	-3.57483
-16.6127	-3.35368
-16.237	-3.14585
-15.8767	-2.95118
-15.5327	-2.77099
-15.207	-2.60259
-14.9028	-2.44472
-14.6209	-2.29789
-14.3619	-2.16174
-14.1234	-2.03716
-13.8938	-1.91845
-13.6674	-1.8024
-13.4418	-1.68627
-13.2196	-1.56463
-13.0033	-1.43821
-12.7971	-1.30954
-12.5988	-1.18184
-12.4051	-1.0539
-12.2144	-0.922605
-12.0268	-0.785715
-11.8458	-0.642804
-11.6658	-0.49532
-11.4796	-0.337949
-11.2828	-0.166711
-11.0781	0.0235978
-10.8709	0.236827
-10.661	0.47031
-10.4425	0.716958
-10.2191	0.973955
-10.0011	1.24592
-9.78884	1.53561
-9.58251	1.84321
-9.37724	2.16662
-9.17153	2.50572
-8.96689	2.86353
-8.76721	3.24947
-8.57656	3.66384
-8.39625	4.10675
-8.22351	4.57508
-8.05034	5.06801
-7.88484	5.58692
-7.73088	6.12871
-7.59818	6.69678
-7.49002	7.28814
-7.40576	7.90528
-7.33746	8.54596
-7.28152	9.211
-7.23818	9.89793
-7.21242	10.6059
-7.20275	11.3322
-7.2094	12.0772
-7.22903	12.8428
-7.25776	13.6251
-7.29847	14.4236
-7.34244	15.2364
-7.38069	16.0672
-7.41267	16.917
-7.44856	17.7853
-7.49004	18.6684
-7.53305	19.5641
-7.57886	20.4758
-7.62615	21.4034
-7.67174	22.3452
-7.7149	23.2959
-7.76478	24.2541
-7.81635	25.2199
-7.8703	26.1966
-7.92858	27.1839
-7.99507	28.1869
-8.06603	29.2032
-8.14238	30.2299
-8.22223	31.2649
-8.30689	32.3038
-8.3948	33.3489
-8.48356	34.4049
-8.57303	35.4736
-8.66337	36.5483
-8.74879	37.6226
-8.83796	38.6936
-8.93409	39.7667
-9.03226	40.8468
-9.13421	41.9333
-9.23476	43.0251
-9.32894	44.1213
-9.42226	45.222
-9.52058	46.3253
-9.61442	47.4274
-9.70275	48.5311
-9.79437	49.6349
-9.87845	50.7473
-9.95933	51.8654
-10.0418	52.9858
-10.1245	54.1031
-10.2021	55.2259
-10.2794	56.359
-10.3544	57.4983
-10.4287	58.6363
-10.5013	59.7782
-10.5774	60.9249
-10.6482	62.0791
-10.7226	63.2423
-10.7991	64.4031
-10.8778	65.5601
-10.9584	66.718
-11.0446	67.8871
-11.1274	69.0622
-11.209	70.2396
-11.2893	71.4216
-11.3664	72.5998
-11.4447	73.7801
-11.5287	74.9651
-11.6104	76.1456
-11.6926	77.3139
-11.7719	78.4753
-11.8514	79.6381
-11.9259	80.8022
-11.9948	81.9621
-12.0725	83.12
-12.1432	84.2812
-12.2172	85.4406
-12.2974	86.5948
-12.3768	87.7434
-12.4587	88.887
-12.5389	90.0219
-12.6187	91.1476
-12.6966	92.2692
-12.7643	93.3916
-12.833	94.5153
-12.8967	95.6397
-12.9561	96.762
-13.0147	97.8781
-13.0747	98.9903
-13.135	100.101
-13.1948	101.211
