0	-0
-0.00767702	0.767803
-0.0164756	1.52241
-0.0241476	2.26313
-0.0311473	2.98919
-0.0355538	3.70011
-0.0392037	4.39529
-0.0426063	5.07151
-0.0435384	5.72873
-0.0415008	6.36312
-0.0395578	6.97177
-0.0388425	7.55184
-0.0378957	8.10404
-0.0342553	8.62761
-0.0269977	9.12659
-0.0167393	9.59529
-0.00808039	10.0351
-0.00759605	10.4451
-0.00738863	10.8263
0.000863708	11.179
0.0171058	11.5007
0.0357562	11.7898
0.0502161	12.0532
0.0594529	12.2849
0.0662331	12.4917
0.0731253	12.6776
0.0773422	12.8508
0.081034	13.0154
0.0854411	13.1726
0.0949752	13.3248
0.105988	13.4704
0.114891	13.6084
0.121001	13.7394
0.127383	13.8652
0.134466	13.9899
0.142187	14.1124
0.149525	14.2372
0.154645	14.3611
0.155389	14.4886
0.157063	14.6194
0.163305	14.7604
0.156814	14.887
0.157835	15.0234
0.152422	15.1557
0.145107	15.2912
0.134781	15.4336
0.117118	15.5878
0.0920024	15.7546
0.0601531	15.9379
0.0210761	16.1375
-0.0272853	16.3497
-0.0860252	16.5733
-0.154854	16.8096
-0.2395	17.055
-0.337067	17.3098
-0.456656	17.5724
-0.592791	17.8415
-0.744311	18.1191
-0.921119	18.4081
-1.11161	18.6884
-1.32945	18.9681
-1.56395	19.2458
-1.82631	19.5211
-2.10894	19.7944
-2.42597	20.07
-2.76671	20.3395
-3.13749	20.6094
-3.53424	20.8686
-3.961	21.1211
-4.42034	21.353
-4.90696	21.5657
-5.4206	21.7644
-5.96233	21.9434
-6.5333	22.092
-7.13932	22.2132
-7.77506	22.3114
-8.43301	22.3919
-9.11972	22.4452
-9.8254	22.4673
-10.5544	22.4651
-11.3136	22.4466
-12.0987	22.4171
-12.9137	22.385
-13.7488	22.3486
-14.6021	22.3118
-15.4731	22.2858
-16.3659	22.2747
-17.285	22.2523
-18.226	22.2292
-19.1822	22.219
-20.1498	22.1998
-21.138	22.1666
-22.1591	22.1339
-23.2087	22.0899
-24.2863	22.046
-25.385	22.0052
-26.4964	21.9636
-27.6151	21.9234
-28.727	21.8823
-29.8395	21.8358
-30.9512	21.7845
-32.0659	21.7282
-33.1842	21.6673
-34.314	21.5945
-35.4543	21.5175
-36.6027	21.4307
-37.7498	21.3339
-38.903	21.2319
-40.0575	21.1232
-41.2189	21.0137
-42.3808	20.907
-43.5425	20.8004
-44.7102	20.6908
-45.8765	20.5783
-47.0472	20.4624
-48.2141	20.3428
-49.3929	20.2277
-50.5805	20.1155
-51.771	20.0068
-52.9593	19.905
-54.1511	19.8036
-55.3492	19.6998
-56.5497	19.5985
-57.7534	19.5059
-58.9584	19.4233
-60.1693	19.3513
-61.3846	19.289
-62.6043	19.2318
-63.8278	19.1801
-65.0547	19.1327
-66.2825	19.0935
-67.5073	19.0597
-68.7356	19.0311
-69.9698	19.0072
-71.2115	18.9882
-72.4529	18.9701
-73.6958	18.951
-74.9396	18.9336
-76.1853	18.9179
-77.432	18.9014
-78.6806	18.8921
-79.9312	18.8868
-81.182	18.8799
-82.4366	18.8691
-83.6907	18.8545
-84.9403	18.8374
-86.1821	18.8241
-87.4206	18.8133
-88.656	18.8073
-89.8909	18.802
-91.1262	18.7951
-92.358	18.7878
-93.5844	18.7789
-94.8069	18.7727
-96.0263	18.7683
-97.2478	18.7658
-98.4675	18.7633
-99.6869	18.7621
-100.902	18.7571
-102.114	18.7511
-103.32	18.7449
-104.521	18.7363
-105.722	18.7316
-106.924	18.7285
-108.128	18.728
-109.337	18.7256
-110.545	18.7253
-111.754	18.7174
-112.969	18.7086
-114.187	18.6983
-115.401	18.6908
-116.623	18.6843
-117.858	18.6847
-119.096	18.683
-120.34	18.6778
-121.595	18.6707
-122.852	18.6641
-124.11	18.653
-125.379	18.6412
-126.655	18.6308
-127.937	18.6166
-129.228	18.5969
-130.524	18.5747
-131.816	18.5482
-133.107	18.5269
-134.397	18.5093
-135.687	18.494
-136.975	18.4818
-138.26	18.4654
-139.549	18.4487
-140.838	18.4322
-142.118	18.4146
-143.395	18.3974
-144.669	18.3835
-145.941	18.3697
-147.215	18.358
-148.489	18.347
-149.757	18.3361
-151.018	18.3245
-152.277	18.3193
-153.538	18.3164
-154.798	18.3119
-156.055	18.3084
-157.311	18.3038
-158.567	18.2969
-159.822	18.292
-161.074	18.2876
-162.323	18.2832
-163.572	18.2735
-164.822	18.2638
-166.073	18.2488
-167.313	18.2339
-168.551	18.2203
-169.789	18.2173
-171.025	18.2118
-172.266	18.2143
-173.497	18.2205
-174.732	18.2295
-175.971	18.235
-177.215	18.235
-178.452	18.2329
-179.683	18.2338
-180.916	18.2355
-182.15	18.2437
-183.373	18.2516
-184.571	18.2584
-185.743	18.265
-186.886	18.2752
-188	18.2854
-189.09	18.2947
-190.153	18.3055
-191.181	18.3166
-192.177	18.3277
-193.148	18.3408
-194.104	18.3549
-195.056	18.368
-196.001	18.3717
-196.949	18.3709
-197.891	18.3627
-198.832	18.3519
-199.771	18.346
-200.707	18.3419
-201.639	18.3342
-202.567	18.3229
-203.492	18.3088
-204.416	18.2921
-205.343	18.2768
-206.273	18.2649
-207.207	18.2559
-208.148	18.2466
-209.099	18.2416
-210.054	18.2351
-211.009	18.2326
-211.97	18.2293
-212.942	18.2153
-213.925	18.2066
-214.909	18.2042
-215.903	18.2046
-216.91	18.2005
-217.924	18.2046
-218.944	18.2098
-219.972	18.2095
-221.009	18.214
-222.051	18.2241
-223.098	18.2356
-224.152	18.2556
-225.215	18.2795
-226.286	18.3025
-227.364	18.3245
-228.444	18.3498
-229.528	18.38
-230.622	18.4124
-231.723	18.4451
-232.833	18.4749
-233.952	18.5049
-235.079	18.5317
-236.215	18.5585
-237.357	18.5853
-238.508	18.6122
-239.666	18.6351
-240.828	18.6554
-241.995	18.6797
-243.169	18.7039
-244.351	18.7295
-245.546	18.7567
-246.754	18.7791
-247.966	18.795
-249.182	18.8068
-250.408	18.8138
-251.64	18.8198
-252.877	18.8236
-254.118	18.8237
-255.372	18.8208
-256.627	18.8148
-257.889	18.8061
-259.156	18.7929
-260.427	18.7763
-261.699	18.7575
-262.971	18.7359
-264.24	18.717
-265.506	18.7004
-266.77	18.6884
-268.037	18.6734
-269.304	18.6559
-270.569	18.6387
-271.831	18.6219
-273.094	18.6082
-274.354	18.5994
-275.614	18.5881
-276.867	18.576
-278.115	18.5614
-279.359	18.5434
-280.607	18.5206
-281.858	18.4978
-283.099	18.4762
-284.332	18.4597
-285.565	18.4491
-286.803	18.4429
-288.043	18.4359
-289.287	18.4263
-290.529	18.4143
-291.771	18.4023
-293.007	18.3917
-294.242	18.3842
-295.476	18.3767
-296.709	18.3701
-297.943	18.3635
-299.178	18.3564
-300.413	18.3488
-301.647	18.3439
-302.879	18.3387
-304.111	18.3343
-305.344	18.328
-306.58	18.3206
-307.817	18.3099
-309.061	18.2988
-310.304	18.2857
-311.547	18.274
-312.791	18.2646
-314.035	18.2575
-315.285	18.2529
-316.538	18.247
-317.791	18.2372
-319.044	18.2235
-320.298	18.2085
-321.555	18.1963
-322.814	18.1875
-324.075	18.1814
-325.338	18.1771
-326.602	18.1723
-327.866	18.1652
-329.131	18.1575
-330.399	18.1491
-331.67	18.1414
-332.941	18.1364
-334.216	18.133
-335.495	18.1325
-336.773	18.1325
-338.048	18.1325
-339.32	18.1321
-340.593	18.1302
-341.863	18.1292
-343.106	18.1286
-344.347	18.1308
-345.596	18.1332
-346.842	18.1392
-348.085	18.1428
-349.326	18.1455
-350.56	18.152
-351.785	18.1568
-352.999	18.1592
-354.199	18.1598
-355.388	18.16
-356.565	18.1615
-357.728	18.163
-358.873	18.1668
-360.001	18.1741
-361.115	18.1761
-362.21	18.1769
-363.285	18.1772
-364.342	18.1741
-365.39	18.1688
-366.438	18.1653
-367.488	18.1609
-368.534	18.157
-369.57	18.1518
-370.593	18.1463
-371.596	18.1371
-372.579	18.1297
-373.537	18.125
-374.467	18.1231
-375.376	18.1269
-376.256	18.1383
-377.112	18.1571
-377.936	18.1873
-378.732	18.2338
-379.498	18.3002
-380.233	18.3891
-380.937	18.4967
-381.616	18.6254
-382.272	18.7768
-382.906	18.9508
-383.509	19.1444
-384.093	19.3603
-384.66	19.6013
-385.21	19.8697
-385.746	20.1666
-386.267	20.4926
-386.762	20.8468
-387.248	21.217
-387.717	21.6141
-388.169	22.0377
-388.599	22.487
-389.01	22.9662
-389.408	23.463
-389.794	23.9856
-390.158	24.5342
-390.49	25.1111
-390.805	25.7097
-391.109	26.3291
-391.399	26.9701
-391.669	27.6343
-391.924	28.326
-392.169	29.0434
-392.392	29.7873
-392.598	30.5586
-392.776	31.3226
-392.946	32.1026
-393.1	32.906
-393.247	33.7284
-393.383	34.569
-393.507	35.427
-393.615	36.3025
-393.706	37.1959
-393.786	38.1086
-393.852	39.0364
-393.908	39.9776
-393.962	40.9346
-394.014	41.9054
-394.063	42.8949
-394.104	43.8967
-394.14	44.9179
-394.172	45.9499
-394.206	46.9889
-394.237	48.0286
-394.267	49.0684
-394.298	50.1061
-394.324	51.1485
-394.35	52.1843
-394.373	53.2295
-394.392	54.2692
-394.409	55.3131
-394.421	56.3517
-394.431	57.3916
-394.441	58.4259
-394.449	59.4541
-394.456	60.48
-394.462	61.5026
-394.466	62.5197
-394.466	63.5271
-394.465	64.5252
-394.463	65.5127
-394.457	66.4886
-394.451	67.4495
-394.447	68.4
-394.442	69.3375
-394.433	70.2632
-394.423	71.1814
-394.41	72.0913
-394.391	72.9897
-394.37	73.8749
-394.343	74.7452
-394.31	75.6002
-394.27	76.4397
-394.221	77.2649
-394.159	78.0768
-394.082	78.875
-393.991	79.6616
-393.88	80.4354
-393.746	81.1928
-393.591	81.9275
-393.419	82.6441
-393.225	83.3452
-393.006	84.0318
-392.766	84.705
-392.508	85.3629
-392.23	85.9994
-391.934	86.6131
-391.625	87.2051
-391.299	87.7781
-390.955	88.3313
-390.587	88.8638
-390.186	89.3753
-389.755	89.8654
-389.297	90.3289
-388.817	90.7742
-388.315	91.1945
-387.793	91.5948
-387.254	91.962
-386.695	92.3062
-386.119	92.6225
-385.52	92.9188
-384.902	93.195
-384.268	93.4521
-383.611	93.692
-382.935	93.9044
-382.245	94.0933
-381.541	94.2688
-380.819	94.4387
-380.078	94.5828
-379.317	94.6987
-378.543	94.7978
-377.76	94.8836
-376.962	94.9589
-376.154	95.0266
-375.336	95.0884
-374.513	95.1442
-373.674	95.1898
-372.827	95.2276
-371.969	95.2595
-371.103	95.2852
-370.235	95.3049
-369.357	95.3139
-368.464	95.316
-367.561	95.3131
-366.647	95.3067
-365.731	95.2917
-364.809	95.2711
-363.883	95.2434
-362.955	95.2087
-362.023	95.1683
-361.089	95.1244
-360.151	95.0812
-359.214	95.0367
-358.277	94.9908
-357.336	94.9467
-356.392	94.9017
-355.447	94.8588
-354.505	94.8181
-353.567	94.7804
-352.63	94.7465
-351.694	94.7151
-350.762	94.6901
-349.832	94.6735
-348.908	94.6623
-347.987	94.6583
-347.069	94.6623
-346.155	94.6716
-345.247	94.6842
-344.34	94.698
-343.435	94.7145
-342.532	94.7311
-341.635	94.7484
-340.739	94.7668
-339.844	94.788
-338.948	94.8081
-338.054	94.8283
-337.159	94.849
-336.267	94.8675
-335.374	94.8817
-334.483	94.8909
-333.592	94.8951
-332.705	94.8957
-331.818	94.8936
-330.932	94.8909
-330.047	94.8886
-329.164	94.8831
-328.283	94.8761
-327.402	94.8679
-326.523	94.8617
-325.645	94.8579
-324.771	94.8567
-323.895	94.8599
-323.022	94.8685
-322.152	94.8803
-321.283	94.8947
-320.413	94.9122
-319.546	94.9322
-318.683	94.9525
-317.824	94.9746
-316.966	94.9967
-316.109	95.0178
-315.255	95.0385
-314.403	95.0567
-313.554	95.075
-312.706	95.0955
-311.862	95.1171
-311.019	95.1399
-310.177	95.1634
-309.339	95.1853
-308.503	95.2079
-307.664	95.2291
-306.825	95.2533
-305.985	95.2827
-305.14	95.3173
-304.293	95.3539
-303.442	95.3915
-302.586	95.4307
-301.725	95.4709
-300.86	95.5129
-299.993	95.5575
-299.12	95.6038
-298.239	95.6477
-297.349	95.6928
-296.454	95.7369
-295.553	95.7765
-294.648	95.8106
-293.737	95.8418
-292.82	95.87
-291.894	95.893
-290.962	95.9066
-290.024	95.913
-289.08	95.9121
-288.133	95.9054
-287.187	95.8949
-286.24	95.8823
-285.297	95.8673
-284.355	95.8538
-283.419	95.8397
-282.485	95.823
-281.556	95.8043
-280.629	95.7842
-279.714	95.7622
-278.805	95.7404
-277.904	95.7173
-277.009	95.6891
-276.117	95.6551
-275.227	95.6153
-274.343	95.5728
-273.459	95.529
-272.577	95.483
-271.695	95.4383
-270.82	95.3962
-269.95	95.3566
-269.082	95.3195
-268.215	95.2868
-267.349	95.2603
-266.483	95.2406
-265.612	95.2287
-264.736	95.2241
-263.86	95.2251
-262.985	95.2327
-262.111	95.2503
-261.234	95.2763
-260.355	95.3098
-259.472	95.3509
-258.59	95.4018
-257.707	95.459
-256.824	95.5226
-255.939	95.5885
-255.05	95.6547
-254.158	95.7218
-253.265	95.7881
-252.368	95.8571
-251.471	95.9304
-250.572	96.0044
-249.673	96.0745
-248.776	96.1378
-247.878	96.1938
-246.982	96.2424
-246.089	96.2839
-245.197	96.3178
-244.307	96.3438
-243.42	96.3626
-242.535	96.3701
-241.652	96.3677
-240.769	96.3525
-239.89	96.3271
-239.015	96.2924
-238.144	96.2486
-237.277	96.1957
-236.415	96.1347
-235.558	96.0675
-234.708	95.9998
-233.865	95.932
-233.035	95.863
-232.222	95.7943
-231.427	95.7258
-230.651	95.6614
-229.894	95.6003
-229.16	95.5414
-228.448	95.485
-227.761	95.4312
-227.098	95.3791
-226.461	95.3303
-225.85	95.2833
-225.261	95.2399
-224.694	95.1982
-224.149	95.1566
-223.625	95.1213
-223.122	95.0938
-222.638	95.0701
-222.174	95.0535
-221.731	95.0412
-221.301	95.0372
-220.875	95.0519
-220.457	95.087
-220.045	95.1357
-219.637	95.2014
-219.233	95.2869
-218.836	95.3896
-218.447	95.5102
-218.067	95.6469
-217.7	95.7996
-217.347	95.9676
-217.002	96.1476
-216.665	96.3372
-216.336	96.5395
-216.019	96.7589
-215.712	96.993
-215.41	97.2451
-215.107	97.5138
-214.806	97.7992
-214.504	98.1051
-214.216	98.4436
-213.938	98.8166
-213.666	99.2223
-213.395	99.6566
-213.119	100.115
-212.854	100.608
-212.605	101.141
-212.375	101.707
-212.152	102.305
-211.935	102.933
-211.719	103.589
-211.529	104.269
-211.366	104.974
-211.223	105.703
-211.102	106.46
-211.005	107.25
-210.924	108.07
-210.854	108.92
-210.807	109.789
-210.776	110.677
-210.752	111.584
-210.74	112.507
-210.741	113.456
-210.751	114.425
-210.772	115.422
-210.796	116.435
-210.822	117.459
-210.843	118.486
-210.855	119.515
-210.866	120.556
-210.871	121.605
-210.869	122.655
-210.864	123.709
-210.855	124.77
-210.835	125.842
-210.807	126.917
-210.774	127.978
-210.741	129.023
-210.708	130.059
-210.679	131.101
-210.648	132.148
-210.615	133.193
-210.583	134.225
-210.544	135.25
-210.5	136.273
-210.458	137.295
-210.426	138.316
-210.393	139.328
-210.364	140.331
-210.34	141.323
-210.323	142.311
-210.309	143.287
-210.292	144.241
-210.281	145.168
-210.276	146.076
-210.273	146.963
-210.27	147.826
-210.266	148.665
-210.27	149.475
-210.281	150.264
-210.296	151.023
-210.315	151.754
-210.34	152.455
-210.371	153.124
-210.408	153.766
-210.453	154.379
-210.507	154.965
-210.578	155.529
-210.664	156.081
-210.764	156.626
-210.875	157.166
-211.005	157.697
-211.157	158.219
-211.332	158.728
-211.525	159.225
-211.74	159.707
-211.978	160.178
-212.239	160.638
-212.512	161.086
-212.799	161.526
-213.108	161.958
-213.443	162.384
-213.808	162.803
-214.199	163.217
-214.613	163.627
-215.053	164.026
-215.523	164.405
-216.022	164.768
-216.554	165.12
-217.117	165.45
-217.718	165.753
-218.358	166.032
-219.023	166.29
-219.714	166.521
-220.43	166.724
-221.168	166.897
-221.925	167.044
-222.706	167.169
-223.507	167.279
-224.327	167.372
-225.167	167.451
-226.022	167.522
-226.891	167.587
-227.774	167.643
-228.666	167.699
-229.572	167.751
-230.492	167.805
-231.43	167.861
-232.376	167.92
-233.332	167.983
-234.305	168.049
-235.289	168.116
-236.286	168.183
-237.298	168.253
-238.318	168.326
-239.35	168.397
-240.395	168.471
-241.455	168.546
-242.526	168.622
-243.61	168.695
-244.706	168.768
-245.818	168.837
-246.945	168.906
-248.086	168.966
-249.237	169.019
-250.397	169.062
-251.565	169.094
-252.747	169.116
-253.933	169.131
-255.111	169.139
-256.283	169.141
-257.453	169.133
-258.626	169.116
-259.803	169.092
-260.976	169.06
-262.146	169.018
-263.311	168.968
-264.474	168.91
-265.635	168.848
-266.78	168.782
-267.907	168.711
-269.019	168.639
-270.112	168.566
-271.188	168.5
-272.245	168.433
-273.273	168.366
-274.27	168.301
-275.242	168.237
-276.188	168.174
-277.113	168.115
-278.022	168.063
-278.925	168.018
-279.83	167.979
-280.736	167.944
-281.633	167.908
-282.526	167.876
-283.414	167.847
-284.295	167.818
-285.175	167.79
-286.057	167.77
-286.939	167.759
-287.818	167.75
-288.688	167.746
-289.55	167.745
-290.408	167.749
-291.272	167.751
-292.139	167.756
-293.009	167.764
-293.886	167.774
-294.769	167.786
-295.656	167.796
-296.543	167.806
-297.428	167.816
-298.313	167.824
-299.196	167.828
-300.077	167.83
-300.954	167.833
-301.828	167.833
-302.7	167.83
-303.572	167.826
-304.447	167.819
-305.324	167.808
-306.208	167.8
-307.101	167.796
-308.004	167.788
-308.909	167.779
-309.819	167.771
-310.735	167.762
-311.659	167.75
-312.595	167.739
-313.542	167.727
-314.498	167.716
-315.46	167.705
-316.429	167.695
-317.406	167.684
-318.388	167.675
-319.374	167.668
-320.361	167.66
-321.35	167.651
-322.341	167.645
-323.33	167.642
-324.319	167.638
-325.306	167.632
-326.291	167.629
-327.274	167.626
-328.255	167.623
-329.232	167.622
-330.203	167.625
-331.17	167.626
-332.133	167.626
-333.091	167.628
-334.051	167.631
-335.008	167.634
-335.957	167.635
-336.9	167.641
-337.844	167.646
-338.785	167.652
-339.72	167.655
-340.649	167.66
-341.572	167.664
-342.49	167.668
-343.397	167.673
-344.292	167.678
-345.18	167.684
-346.059	167.691
-346.936	167.699
-347.812	167.705
-348.688	167.712
-349.564	167.717
-350.435	167.722
-351.302	167.726
-352.165	167.73
-353.026	167.733
-353.883	167.731
-354.737	167.726
-355.595	167.718
-356.458	167.704
-357.329	167.687
-358.204	167.671
-359.081	167.656
-359.96	167.639
-360.842	167.62
-361.731	167.6
-362.625	167.58
-363.524	167.556
-364.424	167.532
-365.33	167.51
-366.237	167.485
-367.145	167.458
-368.054	167.433
-368.965	167.408
-369.876	167.38
-370.785	167.356
-371.694	167.333
-372.599	167.31
-373.499	167.284
-374.395	167.256
-375.29	167.229
-376.186	167.203
-377.078	167.179
-377.961	167.16
-378.835	167.147
-379.701	167.139
-380.557	167.135
-381.401	167.135
-382.231	167.14
-383.048	167.145
-383.852	167.162
-384.638	167.182
-385.4	167.201
-386.142	167.228
-386.86	167.277
-387.558	167.334
-388.232	167.406
-388.879	167.486
-389.502	167.581
-390.103	167.691
-390.682	167.81
-391.241	167.936
-391.779	168.07
-392.294	168.212
-392.786	168.368
-393.256	168.541
-393.713	168.734
-394.161	168.949
-394.6	169.18
-395.027	169.421
-395.438	169.681
-395.836	169.961
-396.216	170.264
-396.583	170.578
-396.95	170.897
-397.315	171.226
-397.668	171.585
-398.004	171.983
-398.331	172.416
-398.665	172.875
-399.012	173.352
-399.353	173.861
-399.671	174.412
-399.96	175.001
-400.228	175.619
-400.477	176.271
-400.705	176.955
-400.905	177.671
-401.084	178.411
-401.242	179.177
-401.378	179.968
-401.493	180.777
-401.589	181.605
-401.669	182.455
-401.731	183.322
-401.776	184.209
-401.811	185.11
-401.832	186.03
-401.842	186.967
-401.848	187.925
-401.849	188.899
-401.847	189.889
-401.842	190.891
-401.841	191.905
-401.84	192.932
-401.839	193.966
-401.835	195.011
-401.834	196.068
-401.829	197.132
-401.826	198.196
-401.821	199.264
-401.817	200.329
-401.814	201.39
-401.815	202.449
-401.817	203.505
-401.82	204.562
-401.82	205.613
-401.817	206.662
-401.813	207.708
-401.811	208.748
-401.806	209.787
-401.799	210.821
-401.794	211.849
-401.792	212.871
-401.788	213.882
-401.786	214.883
-401.782	215.868
-401.779	216.835
-401.776	217.778
-401.771	218.696
-401.766	219.586
-401.755	220.456
-401.741	221.311
-401.725	222.147
-401.705	222.957
-401.672	223.74
-401.629	224.5
-401.571	225.242
-401.492	225.975
-401.393	226.695
-401.272	227.398
-401.127	228.091
-400.953	228.774
-400.747	229.446
-400.503	230.105
-400.226	230.748
-399.913	231.372
-399.571	231.984
-399.2	232.577
-398.802	233.148
-398.375	233.698
-397.924	234.23
-397.436	234.742
-396.914	235.243
-396.354	235.721
-395.756	236.182
-395.126	236.625
-394.466	237.039
-393.776	237.426
-393.059	237.785
-392.32	238.115
-391.554	238.421
-390.764	238.706
-389.955	238.968
-389.126	239.198
-388.273	239.404
-387.397	239.593
-386.494	239.77
-385.576	239.927
-384.644	240.07
-383.699	240.199
-382.743	240.317
-381.766	240.426
-380.771	240.53
-379.763	240.623
-378.751	240.71
-377.723	240.79
-376.693	240.864
-375.651	240.936
-374.608	241.005
-373.554	241.075
-372.495	241.142
-371.428	241.205
-370.36	241.269
-369.286	241.328
-368.21	241.383
-367.128	241.432
-366.04	241.474
-364.948	241.51
-363.854	241.541
-362.755	241.568
-361.657	241.59
-360.564	241.604
-359.469	241.613
-358.377	241.619
-357.29	241.623
-356.208	241.627
-355.129	241.629
-354.046	241.629
-352.964	241.626
-351.883	241.617
-350.808	241.604
-349.739	241.59
-348.675	241.567
-347.608	241.538
-346.545	241.501
-345.488	241.452
-344.433	241.397
-343.377	241.336
-342.323	241.267
-341.275	241.19
-340.234	241.107
-339.192	241.021
-338.148	240.939
-337.103	240.854
-336.061	240.77
-335.028	240.688
-333.997	240.609
-332.967	240.528
-331.934	240.455
-330.901	240.398
-329.866	240.347
-328.835	240.3
-327.808	240.257
-326.779	240.225
-325.748	240.201
-324.716	240.184
-323.689	240.178
-322.663	240.178
-321.635	240.186
-320.603	240.199
-319.572	240.221
-318.543	240.249
-317.515	240.281
-316.489	240.316
-315.461	240.35
-314.429	240.388
-313.394	240.428
-312.359	240.469
-311.326	240.512
-310.297	240.556
-309.272	240.601
-308.248	240.644
-307.225	240.687
-306.204	240.734
-305.185	240.779
-304.169	240.82
-303.155	240.858
-302.144	240.891
-301.139	240.921
-300.139	240.951
-299.145	240.981
-298.158	241.012
-297.178	241.042
-296.204	241.073
-295.236	241.101
-294.275	241.127
-293.32	241.153
-292.372	241.179
-291.429	241.198
-290.495	241.216
-289.567	241.231
-288.651	241.244
-287.743	241.254
-286.844	241.261
-285.951	241.263
-285.063	241.264
-284.18	241.262
-283.303	241.259
-282.432	241.253
-281.572	241.246
-280.727	241.242
-279.899	241.237
-279.084	241.229
-278.278	241.221
-277.482	241.214
-276.695	241.207
-275.917	241.199
-275.149	241.192
-274.388	241.187
-273.639	241.181
-272.9	241.176
-272.173	241.172
-271.456	241.169
-270.747	241.168
-270.046	241.166
-269.354	241.164
-268.672	241.161
-268.003	241.16
-267.345	241.161
-266.701	241.161
-266.064	241.162
-265.437	241.164
-264.818	241.166
-264.21	241.168
-263.613	241.171
-263.024	241.173
-262.442	241.176
-261.866	241.179
-261.297	241.183
-260.736	241.186
-260.178	241.188
-259.623	241.191
-259.07	241.193
-258.519	241.196
-257.971	241.2
-257.425	241.202
-256.881	241.203
-256.337	241.206
-255.794	241.21
-255.251	241.214
-254.712	241.216
-254.177	241.219
-253.643	241.223
-253.111	241.228
-252.582	241.234
-252.053	241.238
-251.526	241.243
-251.001	241.249
-250.481	241.259
-249.966	241.273
-249.455	241.285
-248.945	241.293
-248.436	241.3
-247.925	241.311
-247.415	241.328
-246.904	241.342
-246.393	241.353
-245.881	241.362
-245.373	241.374
-244.868	241.387
-244.362	241.399
-243.854	241.406
-243.345	241.413
-242.834	241.42
-242.32	241.428
-241.802	241.433
-241.282	241.437
-240.76	241.442
-240.235	241.445
-239.708	241.445
-239.177	241.444
-238.642	241.442
-238.105	241.443
-237.569	241.443
-237.033	241.441
-236.498	241.439
-235.966	241.433
-235.436	241.427
-234.909	241.423
-234.383	241.421
-233.859	241.418
-233.337	241.412
-232.817	241.4
-232.298	241.382
-231.782	241.362
-231.27	241.339
-230.758	241.312
-230.252	241.278
-229.76	241.235
-229.28	241.183
-228.812	241.124
-228.356	241.059
-227.911	240.983
-227.477	240.896
-227.053	240.799
-226.646	240.696
-226.256	240.588
-225.883	240.479
-225.53	240.37
-225.196	240.259
-224.874	240.143
-224.558	240.023
-224.247	239.895
-223.942	239.758
-223.645	239.612
-223.354	239.456
-223.071	239.293
-222.798	239.123
-222.535	238.948
-222.281	238.766
-222.036	238.575
-221.795	238.376
-221.555	238.16
-221.315	237.929
-221.077	237.676
-220.845	237.401
-220.622	237.102
-220.405	236.781
-220.19	236.441
-219.982	236.08
-219.79	235.699
-219.618	235.293
-219.456	234.865
-219.297	234.419
-219.15	233.95
-219.027	233.458
-218.922	232.939
-218.824	232.395
-218.729	231.825
-218.647	231.227
-218.586	230.6
-218.547	229.949
-218.521	229.284
-218.506	228.596
-218.508	227.887
-218.527	227.156
-218.555	226.405
-218.587	225.637
-218.618	224.851
-218.644	224.044
-218.674	223.22
-218.706	222.375
-218.743	221.51
-218.77	220.624
-218.792	219.716
-218.807	218.791
-218.823	217.848
-218.843	216.889
-218.854	215.915
-218.861	214.935
-218.867	213.951
-218.872	212.957
-218.879	211.952
-218.881	210.942
-218.886	209.929
-218.885	208.918
-218.884	207.909
-218.883	206.899
-218.881	205.892
-218.881	204.886
-218.884	203.874
-218.89	202.874
-218.889	201.885
-218.886	200.913
-218.884	199.945
-218.877	198.973
-218.87	198
-218.865	197.026
-218.859	196.056
-218.855	195.094
-218.85	194.14
-218.839	193.202
-218.823	192.278
-218.804	191.367
-218.786	190.471
-218.763	189.588
-218.734	188.72
-218.701	187.875
-218.675	187.056
-218.646	186.261
-218.612	185.486
-218.573	184.736
-218.542	184.01
-218.505	183.297
-218.459	182.595
-218.414	181.904
-218.376	181.225
-218.338	180.566
-218.295	179.931
-218.258	179.323
-218.234	178.745
-218.217	178.201
-218.205	177.687
-218.192	177.192
-218.175	176.705
-218.159	176.217
-218.143	175.731
-218.128	175.245
-218.109	174.763
-218.091	174.288
-218.069	173.817
-218.044	173.355
-218.018	172.9
-217.994	172.448
-217.971	171.995
-217.946	171.536
-217.916	171.067
-217.878	170.585
-217.838	170.094
-217.799	169.593
-217.76	169.087
-217.715	168.572
-217.66	168.046
-217.6	167.506
-217.538	166.952
-217.476	166.384
-217.414	165.802
-217.35	165.208
-217.286	164.599
-217.223	163.974
-217.162	163.331
-217.1	162.666
-217.045	161.984
-216.989	161.287
-216.929	160.576
-216.872	159.852
-216.828	159.108
-216.796	158.344
-216.773	157.562
-216.768	156.765
-216.77	155.951
-216.787	155.119
-216.818	154.266
-216.858	153.394
-216.902	152.505
-216.953	151.607
-217.007	150.693
-217.067	149.765
-217.127	148.82
-217.189	147.863
-217.255	146.899
-217.318	145.922
-217.384	144.931
-217.448	143.918
-217.512	142.896
-217.577	141.867
-217.636	140.833
-217.691	139.797
-217.753	138.763
-217.809	137.733
-217.858	136.708
-217.911	135.684
-217.955	134.659
-217.989	133.633
-218.01	132.608
-218.024	131.587
-218.023	130.577
-218.017	129.57
-218.013	128.559
-217.999	127.548
-217.985	126.543
-217.963	125.557
-217.939	124.584
-217.912	123.629
-217.894	122.691
-217.88	121.777
-217.867	120.884
-217.854	120.013
-217.839	119.166
-217.816	118.345
-217.793	117.556
-217.772	116.793
-217.749	116.058
-217.727	115.355
-217.71	114.682
-217.697	114.038
-217.685	113.425
-217.676	112.842
-217.664	112.288
-217.648	111.769
-217.634	111.281
-217.628	110.818
-217.63	110.37
-217.633	109.933
-217.627	109.499
-217.607	109.067
-217.59	108.633
-217.586	108.2
-217.588	107.768
-217.587	107.342
-217.577	106.922
-217.562	106.507
-217.546	106.093
-217.536	105.679
-217.524	105.261
-217.498	104.838
-217.464	104.409
-217.436	103.973
-217.412	103.53
-217.383	103.081
-217.343	102.628
-217.293	102.165
-217.24	101.688
-217.19	101.194
-217.143	100.689
-217.091	100.17
-217.034	99.6363
-216.968	99.0915
-216.896	98.5375
-216.825	97.9702
-216.755	97.3869
-216.688	96.7855
-216.617	96.1641
-216.545	95.5242
-216.473	94.8679
-216.401	94.2037
-216.331	93.533
-216.269	92.8501
-216.218	92.1555
-216.181	91.4478
-216.15	90.7249
-216.134	89.9904
-216.129	89.2464
-216.143	88.491
-216.171	87.7264
-216.214	86.9522
-216.273	86.176
-216.35	85.3932
-216.443	84.611
-216.547	83.8201
-216.661	83.0124
-216.779	82.1951
-216.894	81.3727
-217.002	80.5362
-217.104	79.6884
-217.205	78.832
-217.296	77.9707
-217.383	77.1041
-217.461	76.2286
-217.527	75.3411
-217.583	74.4394
-217.638	73.5247
-217.687	72.5982
-217.722	71.6658
-217.749	70.7287
-217.775	69.7865
-217.798	68.8416
-217.815	67.8963
-217.83	66.9504
-217.843	66.0123
-217.85	65.0743
-217.861	64.1343
-217.872	63.1921
-217.882	62.2551
-217.9	61.3259
-217.916	60.4044
-217.931	59.4872
-217.95	58.569
-217.965	57.6463
-217.972	56.7239
-217.982	55.8098
-217.997	54.9094
-218.019	54.0275
-218.042	53.1551
-218.062	52.2879
-218.088	51.4271
-218.113	50.5815
-218.13	49.754
-218.155	48.9422
-218.179	48.1457
-218.194	47.3644
-218.205	46.6098
-218.222	45.8817
-218.235	45.1814
-218.245	44.5054
-218.253	43.8537
-218.26	43.2267
-218.264	42.6266
-218.265	42.0562
-218.26	41.5184
-218.249	41.0089
-218.237	40.525
-218.224	40.0681
-218.21	39.6342
-218.189	39.2206
-218.164	38.8249
-218.136	38.4484
-218.107	38.0841
-218.075	37.7295
-218.037	37.3854
-217.994	37.0541
-217.948	36.736
-217.899	36.4287
-217.845	36.1309
-217.788	35.8411
-217.726	35.56
-217.659	35.2828
-217.584	35.0109
-217.497	34.746
-217.399	34.4879
-217.294	34.2372
-217.186	33.9901
-217.075	33.7494
-216.956	33.5171
-216.832	33.2928
-216.701	33.0691
-216.558	32.845
-216.4	32.6204
-216.226	32.3893
-216.037	32.1524
-215.837	31.909
-215.618	31.6589
-215.382	31.4092
-215.123	31.1541
-214.843	30.8985
-214.538	30.6454
-214.205	30.3967
-213.852	30.1482
-213.476	29.8975
-213.078	29.6531
-212.652	29.4116
-212.2	29.1751
-211.721	28.9396
-211.222	28.7092
-210.696	28.481
-210.145	28.2536
-209.572	28.023
-208.979	27.7892
-208.359	27.5502
-207.708	27.3141
-207.057	27.1021
-206.397	26.9075
-205.74	26.7362
-205.085	26.5853
-204.433	26.4592
-203.796	26.3555
-203.144	26.2581
-202.534	26.1949
-201.924	26.1491
-201.309	26.1127
-200.693	26.0872
-200.075	26.0709
-199.458	26.061
-198.838	26.0491
-198.218	26.0366
-197.609	26.0332
-197.003	26.0348
-196.394	26.0427
-195.777	26.0547
-195.148	26.0706
-194.507	26.0869
-193.851	26.1028
-193.181	26.1183
-192.497	26.1382
-191.8	26.1646
-191.09	26.1931
-190.369	26.2226
-189.633	26.258
-188.886	26.2963
-188.125	26.3373
-187.351	26.3825
-186.566	26.4313
-185.764	26.4763
-184.946	26.5194
-184.113	26.5619
-183.268	26.6079
-182.414	26.6537
-181.548	26.7053
-180.667	26.7611
-179.766	26.8212
-178.855	26.8866
-177.936	26.9561
-177.004	27.0313
-176.059	27.1212
-175.107	27.2078
-174.14	27.3083
-173.161	27.4059
-172.161	27.5082
-171.159	27.6082
-170.149	27.7049
-169.124	27.803
-168.09	27.9002
-167.051	27.9903
-166.013	28.073
-164.972	28.1458
-163.925	28.2111
-162.869	28.2583
-161.804	28.2963
-160.736	28.3142
-159.668	28.3183
-158.599	28.3105
-157.53	28.2876
-156.455	28.2492
-155.376	28.2035
-154.297	28.1501
-153.214	28.0936
-152.13	28.035
-151.036	27.9804
-149.938	27.9295
-148.836	27.8801
-147.73	27.8341
-146.618	27.7909
-145.499	27.7531
-144.374	27.7198
-143.238	27.6875
-142.091	27.6586
-140.933	27.635
-139.772	27.6083
-138.608	27.5833
-137.433	27.5613
-136.253	27.5395
-135.066	27.5205
-133.875	27.5004
-132.673	27.4804
-131.463	27.4602
-130.253	27.4376
-129.036	27.4096
-127.812	27.3848
-126.58	27.3602
-125.337	27.3344
-124.088	27.3109
-122.837	27.2876
-121.583	27.2612
-120.327	27.2408
-119.064	27.225
-117.8	27.2116
-116.531	27.1977
-115.264	27.1846
-113.993	27.1663
-112.72	27.1465
-111.446	27.1284
-110.17	27.1157
-108.89	27.1083
-107.613	27.1039
-106.334	27.0992
-105.057	27.0924
-103.783	27.0806
-102.51	27.0713
-101.239	27.0617
-99.9786	27.0623
-98.7204	27.0646
-97.4642	27.0705
-96.2058	27.0769
-94.9477	27.083
-93.6918	27.0891
-92.4404	27.0983
-91.1927	27.111
-89.9477	27.1267
-88.7008	27.1448
-87.45	27.1598
-86.2059	27.1691
-84.9653	27.1754
-83.7296	27.1832
-82.4992	27.1948
-81.269	27.2094
-80.0356	27.2243
-78.8048	27.2395
-77.5806	27.2514
-76.3555	27.2624
-75.1352	27.2774
-73.9229	27.293
-72.7126	27.3095
-71.5033	27.3266
-70.2954	27.3409
-69.0923	27.3574
-67.8935	27.373
-66.7028	27.3894
-65.5194	27.4086
-64.3419	27.4295
-63.169	27.4541
-61.9989	27.4783
-60.836	27.5002
-59.6814	27.5214
-58.5287	27.5429
-57.3832	27.5666
-56.2451	27.5912
-55.1163	27.6182
-53.9946	27.6432
-52.8881	27.6676
-51.7958	27.6899
-50.7227	27.7144
-49.6689	27.7395
-48.6359	27.7652
-47.6225	27.7905
-46.6293	27.819
-45.6517	27.8453
-44.6871	27.8699
-43.7368	27.8935
-42.8052	27.9137
-41.8943	27.9395
-40.9965	27.9618
-40.1067	27.9744
-39.227	27.9889
-38.3668	28.0005
-37.5283	28.002
-36.7083	27.9988
-35.9077	27.9971
-35.1282	27.9955
-34.3721	27.9909
-33.638	27.9843
-32.9287	27.9699
-32.2433	27.9548
-31.5766	27.9351
-30.9288	27.916
-30.3009	27.9005
-29.6911	27.8842
-29.1042	27.8651
-28.5394	27.848
-27.996	27.8345
-27.4718	27.8205
-26.97	27.8065
-26.489	27.7926
-26.0287	27.783
-25.5896	27.7749
-25.171	27.7718
-24.7745	27.7752
-24.3961	27.787
-24.0362	27.8017
-23.6943	27.82
-23.3649	27.8439
-23.0488	27.8733
-22.7342	27.9133
-22.4299	27.9654
-22.1319	28.0363
-21.8406	28.1211
-21.5572	28.2182
-21.2782	28.323
-21.0121	28.4399
-20.7469	28.5662
-20.4848	28.701
-20.2178	28.8488
-19.9498	29.0148
-19.6728	29.1985
-19.3916	29.3988
-19.1051	29.6198
-18.8224	29.8656
-18.5441	30.1383
-18.2707	30.4344
-17.9916	30.7638
-17.7135	31.1148
-17.431	31.4931
-17.1559	31.9021
-16.8839	32.3384
-16.6082	32.8105
-16.3304	33.3114
-16.0496	33.843
-15.7729	34.4155
-15.506	35.0182
-15.2414	35.6589
-14.9993	36.3357
-14.7724	37.0486
-14.5607	37.7717
-14.3452	38.5333
-14.1553	39.3242
-13.9729	40.1573
-13.8036	41.0218
-13.6602	41.9093
-13.5431	42.8249
-13.4442	43.7774
-13.3829	44.7569
-13.3471	45.761
-13.3192	46.7874
-13.3026	47.8413
-13.3035	48.9238
-13.314	50.0351
-13.3296	51.17
-13.3534	52.3127
-13.3852	53.4558
-13.4152	54.6055
-13.4508	55.7533
-13.4847	56.8959
-13.5164	58.0381
-13.5495	59.1829
-13.5802	60.33
-13.6069	61.4746
-13.6366	62.6164
-13.6648	63.7578
-13.6929	64.8959
-13.7211	66.026
-13.7467	67.1525
-13.7707	68.2798
-13.7938	69.4058
-13.8154	70.5298
-13.8346	71.6467
-13.8536	72.7569
-13.8737	73.8583
-13.8926	74.9536
-13.9095	76.0423
-13.9267	77.1156
-13.9418	78.1695
-13.9555	79.2049
-13.9682	80.225
-13.9841	81.2304
-13.9985	82.214
-14.0069	83.1786
-14.0199	84.1216
-14.0301	85.0479
-14.0377	85.9571
-14.0464	86.8495
-14.0546	87.7092
-14.0573	88.5402
-14.0605	89.3425
-14.0676	90.1239
-14.0744	90.8732
-14.0791	91.6022
-14.0762	92.3004
-14.0629	92.967
-14.0353	93.6112
-13.9918	94.2158
-13.9359	94.7962
-13.8607	95.3411
-13.7677	95.8595
-13.6489	96.3561
-13.5054	96.8278
-13.3435	97.2748
-13.1679	97.6987
-12.9808	98.1044
-12.775	98.4953
-12.5506	98.8664
-12.3143	99.2139
-12.0665	99.5383
-11.8188	99.8389
-11.5747	100.115
-11.325	100.365
-11.075	100.586
-10.826	100.783
-10.5837	100.958
-10.3579	101.115
-10.1556	101.257
-9.96981	101.389
-9.79118	101.511
-9.60883	101.623
-9.42034	101.732
-9.2273	101.839
-9.03386	101.937
-8.83869	102.019
-8.64072	102.087
-8.43979	102.147
-8.23481	102.207
-8.02514	102.265
-7.81694	102.322
-7.61275	102.371
-7.41177	102.414
-7.20753	102.455
-7.00102	102.501
-6.79044	102.549
-6.57857	102.59
-6.3657	102.614
-6.152	102.63
-5.93687	102.647
-5.72072	102.669
-5.50556	102.697
-5.29282	102.726
-5.08163	102.747
-4.87105	102.752
-4.66045	102.75
-4.4463	102.756
-4.22917	102.773
-4.01248	102.79
-3.79622	102.8
-3.57683	102.804
-3.3484	102.805
-3.10631	102.809
-2.84628	102.822
-2.56826	102.842
-2.26987	102.861
-1.95492	102.876
-1.62489	102.891
-1.28735	102.908
-0.94024	102.931
-0.586339	102.955
-0.226984	102.972
0.137837	102.987
0.5081	103.003
0.883724	103.019
1.26625	103.035
1.6577	103.049
2.05352	103.057
2.45183	103.063
2.85545	103.066
3.25909	103.074
3.66391	103.085
4.07002	103.091
4.4761	103.086
4.8823	103.072
5.28877	103.052
5.70345	103.028
6.12857	103.005
6.56451	102.987
7.00723	102.968
7.46059	102.943
7.92606	102.912
8.40113	102.877
8.88421	102.84
9.37529	102.812
9.87923	102.798
10.3948	102.797
10.9218	102.811
11.4638	102.838
12.0219	102.875
12.5934	102.927
13.1735	102.99
13.7665	103.057
14.3736	103.117
14.9969	103.173
15.6377	103.224
16.2973	103.272
16.9728	103.311
17.6572	103.343
18.3473	103.366
19.042	103.386
19.7443	103.4
20.457	103.411
21.1802	103.419
21.9092	103.427
22.6402	103.433
23.3695	103.434
24.1009	103.433
24.8341	103.431
25.5696	103.429
26.3016	103.423
27.027	103.417
27.7521	103.411
28.4771	103.406
29.2046	103.401
29.9323	103.396
30.655	103.394
31.375	103.393
32.0946	103.397
32.8147	103.397
33.5348	103.397
34.2506	103.401
34.9617	103.413
35.6675	103.419
36.3685	103.422
37.0702	103.432
37.7726	103.451
38.473	103.466
39.1709	103.477
39.8652	103.488
40.5569	103.506
41.2514	103.52
41.9469	103.525
42.6442	103.531
43.3416	103.538
44.0373	103.548
44.7283	103.556
45.4143	103.56
46.1015	103.559
46.788	103.564
47.4765	103.571
48.1662	103.578
48.8514	103.582
49.5373	103.597
50.2201	103.614
50.9023	103.622
51.5832	103.628
52.2613	103.637
52.9423	103.649
53.6219	103.646
54.2996	103.643
54.9756	103.645
55.6542	103.658
56.3327	103.668
57.0092	103.669
57.6854	103.662
58.3546	103.666
59.0246	103.674
59.6999	103.685
60.3781	103.693
61.0588	103.698
61.7375	103.704
62.4112	103.713
63.0808	103.726
63.7511	103.732
64.4257	103.733
65.1042	103.733
65.7867	103.743
66.467	103.75
67.1405	103.747
67.815	103.747
68.4885	103.755
69.1697	103.754
69.8525	103.748
70.5279	103.75
71.2027	103.754
71.8783	103.746
72.5536	103.735
73.2307	103.736
73.9035	103.738
74.5774	103.737
75.2593	103.736
75.9447	103.74
76.6285	103.743
77.3065	103.744
77.9787	103.745
78.6539	103.747
79.3359	103.752
80.0218	103.756
80.7082	103.749
81.3843	103.748
82.0514	103.758
82.7208	103.769
83.3952	103.766
84.0775	103.761
84.7596	103.771
85.4313	103.784
86.0926	103.787
86.7523	103.783
87.4131	103.783
88.0771	103.79
88.7388	103.8
89.3949	103.809
90.0433	103.811
90.6862	103.812
91.3236	103.814
91.9577	103.813
92.5803	103.817
93.1912	103.822
93.7836	103.825
94.359	103.816
94.9157	103.799
95.4554	103.798
95.9772	103.808
96.4745	103.812
96.9481	103.805
97.3996	103.795
97.8314	103.79
98.2462	103.791
98.646	103.793
99.0318	103.789
99.3996	103.778
99.7479	103.765
100.076	103.758
100.384	103.757
100.672	103.756
100.938	103.757
101.181	103.759
101.401	103.759
101.599	103.759
101.781	103.759
101.95	103.766
102.11	103.779
102.269	103.799
102.431	103.823
102.591	103.853
102.753	103.893
102.903	103.944
103.046	104.004
103.183	104.073
103.314	104.149
103.441	104.232
103.567	104.321
103.695	104.413
103.827	104.514
103.964	104.626
104.099	104.752
104.236	104.892
104.374	105.038
104.511	105.192
104.646	105.356
104.777	105.536
104.905	105.732
105.035	105.943
105.167	106.164
105.3	106.394
105.429	106.634
105.553	106.886
105.672	107.153
105.786	107.428
105.898	107.716
106.003	108.016
106.106	108.327
106.201	108.651
106.278	108.992
106.34	109.35
106.395	109.722
106.443	110.109
106.483	110.514
106.503	110.937
106.522	111.384
106.543	111.856
106.562	112.343
106.583	112.86
106.607	113.392
106.623	113.941
106.634	114.512
106.64	115.105
106.645	115.729
106.65	116.369
106.657	117.034
106.663	117.72
106.672	118.429
106.682	119.159
106.694	119.911
106.7	120.687
106.708	121.482
106.714	122.294
106.719	123.123
106.718	123.97
106.716	124.837
106.713	125.722
106.707	126.616
106.697	127.522
106.684	128.438
106.668	129.362
106.645	130.292
106.615	131.232
106.584	132.18
106.549	133.133
106.513	134.088
106.477	135.039
106.438	135.989
106.399	136.937
106.358	137.882
106.317	138.822
106.278	139.757
106.241	140.689
106.206	141.621
106.177	142.549
106.149	143.475
106.125	144.4
106.106	145.322
106.092	146.241
106.078	147.155
106.067	148.068
106.058	148.977
106.048	149.883
106.036	150.785
106.027	151.672
106.015	152.539
106.004	153.386
105.994	154.214
105.985	155.018
105.974	155.799
105.963	156.556
105.955	157.29
105.945	157.999
105.934	158.683
105.922	159.337
105.911	159.966
105.9	160.57
105.889	161.151
105.879	161.71
105.868	162.249
105.858	162.765
105.85	163.259
105.843	163.731
105.835	164.18
105.827	164.604
105.82	165.002
105.817	165.376
105.821	165.726
105.828	166.055
105.836	166.367
105.843	166.661
105.852	166.938
105.861	167.199
105.873	167.456
105.885	167.711
105.897	167.964
105.909	168.216
105.925	168.465
105.939	168.711
105.952	168.956
105.965	169.199
105.977	169.441
105.989	169.684
106	169.931
106.013	170.188
106.032	170.463
106.052	170.757
106.066	171.071
106.073	171.4
106.081	171.745
106.091	172.103
106.102	172.476
106.11	172.864
106.123	173.263
106.142	173.672
106.155	174.097
106.16	174.54
106.161	175.001
106.161	175.477
106.165	175.967
106.176	176.476
106.191	177.007
106.199	177.555
106.204	178.124
106.209	178.708
106.216	179.313
106.22	179.935
106.226	180.575
106.231	181.234
106.235	181.911
106.237	182.605
106.239	183.318
106.239	184.047
106.24	184.793
106.24	185.555
106.238	186.333
106.236	187.125
106.232	187.933
106.229	188.756
106.225	189.594
106.221	190.443
106.215	191.302
106.209	192.171
106.204	193.051
106.2	193.942
106.2	194.841
106.202	195.752
106.209	196.668
106.218	197.585
106.225	198.497
106.23	199.409
106.236	200.32
106.241	201.229
106.245	202.137
106.251	203.042
106.257	203.945
106.262	204.847
106.267	205.744
106.272	206.637
106.271	207.525
106.266	208.408
106.254	209.279
106.237	210.136
106.215	210.978
106.19	211.806
106.164	212.614
106.136	213.403
106.109	214.175
106.085	214.928
106.059	215.663
106.035	216.377
106.011	217.071
105.992	217.746
105.975	218.402
105.96	219.038
105.947	219.659
105.938	220.269
105.931	220.873
105.929	221.473
105.93	222.071
105.936	222.666
105.944	223.256
105.954	223.844
105.964	224.429
105.978	225.007
105.997	225.577
106.016	226.141
106.031	226.695
106.043	227.238
106.057	227.768
106.07	228.287
106.082	228.793
106.088	229.286
106.09	229.768
106.088	230.239
106.087	230.705
106.087	231.167
106.086	231.626
106.081	232.085
106.07	232.539
106.056	232.991
106.039	233.438
106.022	233.881
106.005	234.319
105.992	234.754
105.98	235.185
105.97	235.614
105.958	236.041
105.946	236.473
105.935	236.912
105.927	237.36
105.926	237.817
105.925	238.281
105.915	238.748
105.902	239.221
105.893	239.703
105.893	240.192
105.902	240.688
105.904	241.194
105.89	241.712
105.873	242.238
105.858	242.771
105.848	243.315
105.836	243.871
105.822	244.437
105.797	245.011
105.76	245.596
105.713	246.189
105.659	246.791
105.595	247.405
105.514	248.029
105.419	248.665
105.314	249.308
105.206	249.963
105.098	250.622
104.987	251.291
104.875	251.967
104.767	252.655
104.664	253.353
104.569	254.062
104.479	254.782
104.396	255.514
104.324	256.257
104.261	257.014
104.206	257.781
104.158	258.56
104.118	259.349
104.086	260.149
104.061	260.958
104.04	261.775
104.023	262.602
104.009	263.44
103.996	264.289
103.987	265.143
103.977	266.004
103.968	266.873
103.956	267.748
103.943	268.626
103.928	269.502
103.914	270.373
103.9	271.24
103.884	272.107
103.864	272.975
103.846	273.843
103.825	274.708
103.803	275.57
103.783	276.427
103.762	277.281
103.737	278.136
103.712	278.989
103.692	279.837
103.672	280.674
103.65	281.502
103.634	282.322
103.62	283.131
103.605	283.92
103.589	284.692
103.577	285.445
103.568	286.18
103.557	286.894
103.549	287.587
103.542	288.263
103.533	288.92
103.524	289.559
103.515	290.18
103.509	290.784
103.503	291.374
103.498	291.958
103.489	292.532
103.484	293.099
103.481	293.657
103.486	294.207
103.486	294.744
103.482	295.266
103.479	295.771
103.484	296.26
103.502	296.73
103.523	297.181
103.542	297.619
103.564	298.043
103.595	298.45
103.639	298.841
103.69	299.217
103.745	299.578
103.809	299.925
103.883	300.257
103.965	300.576
104.056	300.883
104.154	301.177
104.253	301.46
104.357	301.732
104.464	302
104.574	302.267
104.691	302.53
104.821	302.787
104.962	303.035
105.112	303.274
105.268	303.507
105.429	303.735
105.596	303.961
105.771	304.191
105.953	304.427
106.147	304.67
106.354	304.917
106.573	305.165
