0	-0
-0.00181894	0.569785
-0.00786488	1.13633
-0.0140434	1.69983
-0.0177557	2.26314
-0.0228168	2.83258
-0.029679	3.40746
-0.039402	3.99233
-0.0490824	4.58446
-0.0611772	5.18148
-0.0764407	5.78619
-0.0926594	6.40131
-0.109424	7.03307
-0.129097	7.68567
-0.147195	8.35627
-0.167225	9.03753
-0.189713	9.72435
-0.214282	10.4212
-0.235918	11.1376
-0.254696	11.8789
-0.275859	12.647
-0.300143	13.4313
-0.323908	14.2278
-0.346071	15.0394
-0.370243	15.8674
-0.39805	16.7125
-0.418863	17.5718
-0.437766	18.4487
-0.462847	19.3433
-0.489605	20.2578
-0.514457	21.1904
-0.54238	22.1366
-0.573948	23.0949
-0.606595	24.0659
-0.638281	25.049
-0.667489	26.0419
-0.696084	27.0428
-0.726036	28.0536
-0.757053	29.0748
-0.787885	30.1027
-0.819213	31.1366
-0.85225	32.1782
-0.88468	33.2293
-0.91716	34.2885
-0.95107	35.3565
-0.985035	36.4318
-1.01957	37.5122
-1.05509	38.5993
-1.09282	39.6924
-1.12964	40.7891
-1.16779	41.8872
-1.20686	42.9844
-1.24749	44.0787
-1.2893	45.1685
-1.3313	46.2597
-1.37292	47.3553
-1.4132	48.4553
-1.45441	49.5554
-1.49197	50.6542
-1.53188	51.7524
-1.56994	52.8491
-1.60893	53.9462
-1.64566	55.0431
-1.68126	56.1391
-1.71592	57.237
-1.75058	58.3412
-1.7851	59.4498
-1.81921	60.5601
-1.85365	61.6661
-1.88536	62.7708
-1.91857	63.8757
-1.95693	64.981
-1.99359	66.0874
-2.03352	67.1998
-2.07568	68.3168
-2.11304	69.4335
-2.14817	70.5487
-2.18135	71.6636
-2.21471	72.7774
-2.24783	73.8906
-2.28181	75.0001
-2.31708	76.1034
-2.35411	77.2019
-2.39225	78.2997
-2.43275	79.3979
-2.47331	80.4991
-2.51485	81.5973
-2.55646	82.6887
-2.59684	83.7714
-2.63764	84.8486
-2.67752	85.9155
-2.71731	86.9677
-2.75562	88.0043
-2.79631	89.0226
-2.8365	90.0198
-2.87705	90.9934
-2.92083	91.944
-2.96866	92.8703
-3.01742	93.7742
-3.06903	94.6546
-3.12219	95.5097
-3.17616	96.3389
-3.2314	97.1396
-3.2886	97.9118
-3.34536	98.6525
-3.40073	99.3602
-3.45784	100.037
-3.51311	100.683
-3.56644	101.302
-3.61652	101.896
-3.6644	102.468
-3.70529	103.016
-3.73574	103.543
-3.75619	104.049
-3.76831	104.533
-3.77164	104.994
-3.7663	105.437
-3.74992	105.868
-3.72232	106.29
-3.68031	106.703
-3.6246	107.109
-3.55435	107.506
-3.46995	107.893
-3.37041	108.274
-3.25393	108.645
-3.12359	109.008
-2.98225	109.361
-2.82901	109.704
-2.6564	110.037
-2.46673	110.357
-2.2635	110.662
-2.04624	110.951
-1.815	111.231
-1.56955	111.503
-1.30754	111.768
-1.02694	112.02
-0.722197	112.252
-0.396308	112.467
-0.0545661	112.675
0.303074	112.868
0.67846	113.039
1.07147	113.193
1.47319	113.333
1.88781	113.457
2.31632	113.559
2.76278	113.642
3.22513	113.702
3.70149	113.747
4.19436	113.79
4.70521	113.838
5.23532	113.883
5.78603	113.916
6.35631	113.926
6.94452	113.917
7.55033	113.903
8.17114	113.893
8.81482	113.885
9.48055	113.865
10.1718	113.837
10.8772	113.817
11.6008	113.806
12.3399	113.801
13.0984	113.791
13.8729	113.779
14.6635	113.768
15.4692	113.76
16.2855	113.747
17.1133	113.734
17.947	113.725
18.7873	113.713
19.6379	113.693
20.4983	113.673
21.3662	113.661
22.2368	113.647
23.1139	113.626
23.9999	113.605
24.8926	113.589
25.7887	113.573
26.6853	113.553
27.5825	113.536
28.4714	113.519
29.3486	113.495
30.2175	113.471
31.0954	113.449
31.9794	113.427
32.8653	113.404
33.7374	113.384
34.6028	113.368
35.4613	113.354
36.3149	113.337
37.1646	113.316
38.0105	113.294
38.8512	113.272
39.6854	113.248
40.5127	113.22
41.3315	113.191
42.1456	113.161
42.9543	113.128
43.7621	113.093
44.5636	113.059
45.3575	113.027
46.1396	112.996
46.9027	112.964
47.6452	112.931
48.3765	112.898
49.1038	112.866
49.8278	112.837
50.548	112.804
51.2637	112.769
51.9752	112.734
52.6846	112.709
53.3866	112.682
54.0872	112.647
54.7834	112.613
55.4763	112.583
56.1651	112.552
56.8465	112.503
57.5293	112.447
58.2192	112.393
58.9163	112.339
59.6181	112.277
60.3239	112.213
61.0375	112.147
61.7599	112.074
62.4914	111.996
63.2292	111.921
63.9729	111.847
64.7203	111.767
65.4726	111.679
66.2294	111.587
66.9934	111.503
67.7626	111.425
68.5322	111.343
69.2968	111.257
70.0573	111.174
70.8157	111.094
71.5736	111.011
72.3306	110.922
73.0904	110.832
73.8527	110.742
74.6185	110.653
75.3882	110.56
76.163	110.468
76.9423	110.374
77.7291	110.275
78.5226	110.179
79.3213	110.082
80.1228	109.977
80.93	109.868
81.7432	109.76
82.5598	109.648
83.3804	109.532
84.2084	109.416
85.0432	109.297
85.8865	109.175
86.7383	109.059
87.5958	108.945
88.4572	108.832
89.3232	108.717
90.1926	108.603
91.0617	108.495
91.9284	108.385
92.7976	108.276
93.67	108.171
94.5502	108.067
95.4342	107.962
96.3155	107.855
97.1977	107.751
98.0783	107.648
98.9611	107.541
99.8421	107.433
100.718	107.329
101.592	107.227
102.463	107.13
103.335	107.039
104.203	106.948
105.063	106.855
105.914	106.762
106.762	106.664
107.607	106.564
108.448	106.463
109.281	106.362
110.106	106.262
110.927	106.163
111.745	106.066
112.558	105.969
113.363	105.867
114.16	105.764
114.956	105.66
115.747	105.552
116.536	105.44
117.32	105.325
118.098	105.219
118.87	105.111
119.643	104.989
120.419	104.866
121.198	104.749
121.969	104.629
122.73	104.506
123.489	104.386
124.243	104.264
124.991	104.133
125.736	104.005
126.48	103.881
127.225	103.749
127.967	103.609
128.704	103.468
129.438	103.328
130.167	103.182
130.892	103.027
131.613	102.861
132.33	102.684
133.042	102.495
133.749	102.298
134.453	102.093
135.151	101.881
135.845	101.664
136.535	101.453
137.224	101.235
137.909	101.011
138.587	100.787
139.262	100.573
139.925	100.362
140.587	100.156
141.247	99.9491
141.903	99.744
142.555	99.5412
143.2	99.3451
143.837	99.1521
144.471	98.9627
145.103	98.7787
145.732	98.5997
146.357	98.4268
146.976	98.2591
147.588	98.0938
148.197	97.9282
148.802	97.7656
149.403	97.6146
149.997	97.4703
150.583	97.3235
151.166	97.1794
151.747	97.0463
152.329	96.924
152.907	96.8066
153.481	96.694
154.054	96.5929
154.624	96.505
155.194	96.4285
155.762	96.3661
156.329	96.3224
156.892	96.2958
157.452	96.2814
158.012	96.2768
158.573	96.2807
159.135	96.2912
159.696	96.2982
160.255	96.2956
160.812	96.2774
161.364	96.2444
161.91	96.2002
162.453	96.1519
162.992	96.1022
163.528	96.0461
164.058	95.9747
164.584	95.891
165.102	95.8013
165.619	95.7083
166.13	95.6114
166.634	95.5065
167.132	95.3911
167.623	95.2722
168.112	95.1581
168.6	95.0415
169.085	94.928
169.566	94.8132
170.043	94.6964
170.516	94.5811
170.99	94.4702
171.46	94.353
171.947	94.2325
172.437	94.1087
172.935	93.9777
173.439	93.8367
173.95	93.6902
174.471	93.544
174.998	93.3933
175.531	93.2332
176.068	93.0637
176.61	92.8912
177.16	92.724
177.715	92.5514
178.273	92.3741
178.832	92.1903
179.392	92.007
179.952	91.8322
180.508	91.6548
181.062	91.4771
181.616	91.3005
182.168	91.1294
182.719	90.9598
183.266	90.7924
183.805	90.6271
184.337	90.4683
184.86	90.3146
185.369	90.1671
185.867	90.0272
186.352	89.8924
186.822	89.7631
187.275	89.6423
187.713	89.5343
188.136	89.4364
188.55	89.3491
188.962	89.2722
189.369	89.2023
189.774	89.1422
190.178	89.0968
190.583	89.0703
190.983	89.0603
191.38	89.0648
191.774	89.083
192.168	89.1135
192.557	89.1534
192.942	89.2022
193.322	89.2667
193.695	89.3441
194.065	89.4362
194.433	89.5439
194.802	89.6673
195.174	89.812
195.539	89.9841
195.901	90.177
196.265	90.3862
196.632	90.612
197	90.8585
197.366	91.1276
197.727	91.4302
198.079	91.7651
198.426	92.1246
198.773	92.5069
199.116	92.9151
199.453	93.3514
199.785	93.8168
200.106	94.3131
200.419	94.8384
200.726	95.3908
201.029	95.9685
201.326	96.5706
201.619	97.1939
201.912	97.8354
202.203	98.4956
202.491	99.176
202.77	99.8778
203.039	100.6
203.299	101.341
203.554	102.099
203.804	102.872
204.054	103.657
204.31	104.452
204.578	105.258
204.85	106.074
205.126	106.902
205.406	107.742
205.687	108.596
205.973	109.461
206.265	110.333
206.558	111.206
206.851	112.078
207.145	112.953
207.442	113.829
207.74	114.711
208.036	115.588
208.332	116.465
208.629	117.341
208.924	118.222
209.219	119.101
209.513	119.983
209.805	120.867
210.096	121.752
210.383	122.635
210.671	123.518
210.955	124.4
211.239	125.282
211.524	126.164
211.808	127.044
212.086	127.921
212.363	128.793
212.638	129.661
212.906	130.523
213.171	131.377
213.432	132.223
213.688	133.061
213.936	133.887
214.179	134.693
214.412	135.482
214.638	136.259
214.857	137.021
215.072	137.77
215.278	138.501
215.476	139.212
215.661	139.901
215.838	140.564
216.004	141.204
216.162	141.818
216.312	142.407
216.456	142.973
216.595	143.515
216.728	144.035
216.857	144.537
216.979	145.025
217.098	145.501
217.214	145.969
217.329	146.433
217.439	146.896
217.542	147.355
217.632	147.811
217.707	148.261
217.766	148.706
217.809	149.15
217.837	149.591
217.848	150.031
217.838	150.467
217.807	150.897
217.755	151.32
217.682	151.735
217.59	152.143
217.482	152.545
217.355	152.94
217.21	153.324
217.044	153.699
216.856	154.062
216.644	154.408
216.415	154.738
216.165	155.051
215.899	155.347
215.62	155.63
215.328	155.896
215.017	156.14
214.693	156.362
214.358	156.567
214.009	156.747
213.65	156.899
213.285	157.028
212.911	157.146
212.529	157.25
212.139	157.337
211.746	157.408
211.347	157.467
210.943	157.528
210.528	157.593
210.099	157.645
209.655	157.677
209.196	157.702
208.719	157.727
208.23	157.759
207.727	157.791
207.204	157.813
206.657	157.829
206.088	157.83
205.497	157.811
204.888	157.782
204.261	157.753
203.616	157.722
202.95	157.692
202.266	157.658
201.562	157.62
200.84	157.579
200.1	157.54
199.341	157.506
198.564	157.48
197.767	157.466
196.953	157.461
196.124	157.461
195.275	157.47
194.409	157.488
193.525	157.514
192.625	157.553
191.71	157.6
190.79	157.659
189.863	157.726
188.935	157.8
188.007	157.881
187.078	157.969
186.147	158.061
185.215	158.155
184.28	158.248
183.346	158.341
182.409	158.434
181.47	158.529
180.528	158.626
179.585	158.724
178.643	158.822
177.702	158.918
176.763	159.012
175.826	159.11
174.889	159.204
173.95	159.296
173.011	159.39
172.073	159.486
171.137	159.58
170.202	159.67
169.27	159.761
168.339	159.853
167.408	159.947
166.48	160.043
165.553	160.141
164.63	160.241
163.708	160.341
162.789	160.44
161.872	160.539
160.956	160.639
160.043	160.741
159.133	160.841
158.225	160.942
157.32	161.042
156.414	161.143
155.505	161.247
154.594	161.347
153.678	161.448
152.757	161.555
151.834	161.662
150.906	161.771
149.974	161.88
149.037	161.998
148.096	162.117
147.154	162.227
146.211	162.341
145.267	162.459
144.316	162.572
143.359	162.685
142.397	162.8
141.428	162.915
140.455	163.026
139.476	163.131
138.491	163.228
137.499	163.323
136.502	163.413
135.504	163.496
134.503	163.577
133.498	163.658
132.489	163.739
131.474	163.824
130.453	163.913
129.428	164.002
128.401	164.088
127.382	164.171
126.364	164.25
125.349	164.327
124.337	164.404
123.328	164.481
122.318	164.557
121.31	164.632
120.299	164.705
119.287	164.778
118.278	164.854
117.267	164.929
116.253	165.004
115.242	165.079
114.23	165.155
113.218	165.229
112.205	165.305
111.193	165.379
110.182	165.454
109.172	165.528
108.16	165.605
107.146	165.681
106.134	165.758
105.124	165.832
104.117	165.906
103.108	165.979
102.098	166.053
101.089	166.122
100.086	166.192
99.0834	166.26
98.0796	166.328
97.0733	166.404
96.0673	166.486
95.0628	166.571
94.0583	166.66
93.0547	166.749
92.0535	166.84
91.0522	166.93
90.0518	167.023
89.0531	167.118
88.0551	167.215
87.0557	167.314
86.0533	167.413
85.0485	167.514
84.0439	167.618
83.0411	167.72
82.0389	167.818
81.0335	167.916
80.0209	168.018
79.0102	168.112
78.0018	168.206
77.0002	168.302
76	168.4
74.9934	168.5
73.9787	168.601
72.9617	168.701
71.9468	168.799
70.932	168.896
69.9154	168.991
68.8964	169.084
67.8761	169.176
66.8549	169.266
65.8328	169.35
64.8092	169.43
63.7836	169.509
62.7583	169.584
61.7313	169.659
60.7009	169.732
59.67	169.801
58.641	169.869
57.6122	169.938
56.5839	170.006
55.5539	170.076
54.525	170.147
53.4941	170.216
52.4658	170.283
51.4413	170.35
50.4191	170.415
49.3981	170.477
48.3787	170.537
47.3652	170.597
46.356	170.652
45.3537	170.708
44.3511	170.759
43.3488	170.807
42.3467	170.856
41.3505	170.9
40.3587	170.941
39.3737	170.98
38.3911	171.021
37.4117	171.061
36.4334	171.101
35.46	171.141
34.4935	171.182
33.5308	171.222
32.5752	171.259
31.6264	171.295
30.69	171.328
29.7632	171.359
28.844	171.388
27.932	171.416
27.0281	171.441
26.1294	171.466
25.2398	171.488
24.3605	171.509
23.4932	171.528
22.6393	171.544
21.7988	171.559
20.9765	171.573
20.1679	171.588
19.3759	171.606
18.5942	171.628
17.8209	171.651
17.0563	171.678
16.3007	171.707
15.5522	171.737
14.8102	171.769
14.0726	171.802
13.3418	171.839
12.6193	171.875
11.906	171.911
11.204	171.948
10.5119	171.984
9.82859	172.02
9.15664	172.056
8.49542	172.095
7.84692	172.136
7.21761	172.174
6.6012	172.215
6.00227	172.258
5.42102	172.304
4.85757	172.351
4.30902	172.397
3.77602	172.442
3.25856	172.493
2.75577	172.548
2.26491	172.608
1.7863	172.67
1.32054	172.736
0.867008	172.806
0.42815	172.883
0.00577417	172.967
-0.403823	173.056
-0.802138	173.146
-1.18944	173.242
-1.56157	173.343
-1.91607	173.453
-2.25306	173.57
-2.58105	173.693
-2.90439	173.823
-3.22385	173.958
-3.53719	174.104
-3.84431	174.262
-4.14454	174.425
-4.43346	174.598
-4.70831	174.781
-4.97301	174.97
-5.22853	175.168
-5.47761	175.375
-5.72599	175.596
-5.97556	175.83
-6.22061	176.089
-6.45778	176.372
-6.68856	176.676
-6.91824	176.996
-7.14227	177.331
-7.35544	177.685
-7.5593	178.059
-7.75585	178.452
-7.94277	178.862
-8.12357	179.296
-8.29574	179.753
-8.45646	180.238
-8.59908	180.748
-8.72057	181.283
-8.82935	181.843
-8.92034	182.421
-8.99302	183.018
-9.04706	183.637
-9.08724	184.272
-9.11505	184.923
-9.13345	185.589
-9.14767	186.27
-9.1577	186.967
-9.16314	187.679
-9.16478	188.407
-9.16615	189.147
-9.16693	189.901
-9.17204	190.67
-9.18388	191.455
-9.20038	192.252
-9.21476	193.058
-9.23076	193.872
-9.25542	194.692
-9.28046	195.516
-9.30516	196.348
-9.33232	197.182
-9.36135	198.015
-9.39113	198.846
-9.4235	199.677
-9.4558	200.514
-9.48806	201.356
-9.51924	202.203
-9.54883	203.051
-9.58155	203.894
-9.61524	204.736
-9.64784	205.578
-9.68371	206.417
-9.72336	207.254
-9.76459	208.088
-9.80448	208.917
-9.84716	209.745
-9.89318	210.569
-9.93817	211.385
-9.98254	212.197
-10.0302	213
-10.0775	213.798
-10.1228	214.586
-10.1637	215.359
-10.2037	216.115
-10.2456	216.85
-10.2873	217.566
-10.33	218.266
-10.3693	218.947
-10.4101	219.609
-10.4521	220.251
-10.4951	220.869
-10.5377	221.465
-10.5801	222.043
-10.6246	222.597
-10.6666	223.132
-10.7074	223.647
-10.7459	224.138
-10.7783	224.611
-10.8062	225.069
-10.8273	225.52
-10.8413	225.969
-10.8478	226.416
-10.8404	226.859
-10.8201	227.299
-10.7911	227.731
-10.7528	228.157
-10.699	228.578
-10.6248	228.994
-10.534	229.404
-10.4215	229.804
-10.2888	230.193
-10.1433	230.573
-9.98418	230.944
-9.81327	231.307
-9.6347	231.659
-9.44502	232.002
-9.24177	232.335
-9.01358	232.658
-8.75839	232.972
-8.483	233.277
-8.19659	233.577
-7.90664	233.884
-7.60408	234.189
-7.27362	234.471
-6.91263	234.722
-6.52983	234.946
-6.12896	235.16
-5.71443	235.378
-5.28018	235.593
-4.81733	235.788
-4.32888	235.959
-3.82456	236.098
-3.30185	236.217
-2.76192	236.319
-2.20285	236.421
-1.62341	236.512
-1.01765	236.59
-0.397337	236.661
0.239299	236.715
0.892461	236.763
1.56232	236.789
2.25192	236.8
2.96438	236.808
3.69697	236.815
4.44338	236.814
5.19442	236.798
5.96154	236.771
6.73617	236.741
7.53073	236.717
8.34212	236.699
9.16276	236.675
9.99639	236.65
10.8411	236.619
11.6949	236.588
12.5519	236.559
13.4052	236.537
14.256	236.515
15.1075	236.496
15.9621	236.482
16.8171	236.472
17.6762	236.463
18.5327	236.458
19.3977	236.456
20.2685	236.456
21.1396	236.461
22.0087	236.467
22.8746	236.472
23.7424	236.479
24.613	236.485
25.4843	236.49
26.3587	236.494
27.2329	236.496
28.1051	236.496
28.9749	236.498
29.843	236.502
30.7071	236.504
31.5711	236.508
32.433	236.509
33.2909	236.505
34.1474	236.502
35.0032	236.498
35.8553	236.491
36.6996	236.481
37.5357	236.469
38.368	236.456
39.1965	236.445
40.0242	236.433
40.8492	236.422
41.6711	236.414
42.4908	236.404
43.3077	236.389
44.1228	236.375
44.9298	236.361
45.7324	236.345
46.5315	236.325
47.3268	236.306
48.1211	236.289
48.9118	236.276
49.7001	236.265
50.4837	236.254
51.2615	236.237
52.035	236.222
52.8039	236.214
53.5733	236.199
54.343	236.178
55.1007	236.162
55.8483	236.155
56.5869	236.135
57.3273	236.112
58.0767	236.097
58.8232	236.09
59.5635	236.082
60.2971	236.072
61.0248	236.062
61.7523	236.065
62.4735	236.068
63.1897	236.064
63.9046	236.056
64.6167	236.048
65.3235	236.04
66.0259	236.025
66.7233	236.009
67.4161	235.997
68.1014	235.989
68.778	235.98
69.4474	235.971
70.1151	235.964
70.7807	235.954
71.4448	235.943
72.1075	235.936
72.7672	235.933
73.4227	235.926
74.0731	235.91
74.7207	235.894
75.3648	235.883
76.0071	235.871
76.6484	235.854
77.2892	235.827
77.9352	235.801
78.5907	235.773
79.2559	235.743
79.9313	235.706
80.6149	235.661
81.3067	235.612
82.0054	235.56
82.717	235.509
83.4398	235.45
84.1719	235.381
84.9138	235.305
85.6626	235.231
86.4243	235.147
87.2011	235.058
87.994	234.963
88.8019	234.866
89.6241	234.763
90.4586	234.657
91.3067	234.549
92.1654	234.44
93.036	234.33
93.9203	234.215
94.8191	234.101
95.735	233.985
96.662	233.869
97.6025	233.758
98.5547	233.65
99.5197	233.55
100.494	233.456
101.477	233.367
102.472	233.278
103.477	233.194
104.487	233.118
105.494	233.044
106.503	232.972
107.517	232.9
108.538	232.825
109.564	232.751
110.588	232.675
111.612	232.604
112.637	232.537
113.656	232.47
114.672	232.403
115.686	232.338
116.701	232.273
117.716	232.21
118.726	232.152
119.732	232.094
120.735	232.038
121.74	231.986
122.743	231.937
123.739	231.89
124.729	231.845
125.717	231.807
126.702	231.771
127.686	231.74
128.664	231.711
129.636	231.676
130.603	231.64
131.568	231.607
132.529	231.567
133.487	231.526
134.445	231.489
135.4	231.454
136.348	231.416
137.294	231.378
138.236	231.337
139.176	231.289
140.114	231.238
141.051	231.183
141.986	231.125
142.918	231.064
143.853	230.992
144.789	230.917
145.725	230.838
146.662	230.748
147.6	230.65
148.539	230.541
149.478	230.428
150.415	230.306
151.352	230.172
152.287	230.028
153.219	229.874
154.153	229.711
155.087	229.534
156.023	229.345
156.952	229.146
157.882	228.938
158.815	228.722
159.746	228.5
160.676	228.278
161.605	228.058
162.532	227.836
163.46	227.623
164.392	227.413
165.326	227.208
166.26	227.012
167.19	226.822
168.116	226.64
169.038	226.463
169.96	226.292
170.886	226.131
171.814	225.979
172.74	225.831
173.661	225.687
174.579	225.551
175.493	225.421
176.397	225.29
177.29	225.161
178.171	225.035
179.038	224.911
179.884	224.792
180.712	224.674
181.53	224.556
182.345	224.441
183.16	224.33
183.974	224.218
184.788	224.103
185.599	223.986
186.41	223.868
187.217	223.747
188.019	223.624
188.808	223.513
189.83	223.277
190.638	223.155
191.457	223.032
192.264	222.921
193.071	222.818
193.87	222.715
194.664	222.617
195.454	222.523
196.237	222.43
197.016	222.338
197.798	222.25
198.582	222.163
199.362	222.077
200.136	221.996
200.9	221.917
201.654	221.838
202.396	221.767
203.123	221.695
203.831	221.621
204.518	221.545
205.179	221.476
205.814	221.41
206.422	221.347
207.005	221.283
207.562	221.221
208.095	221.165
208.606	221.116
209.095	221.07
209.568	221.02
210.033	220.968
210.489	220.917
210.942	220.863
211.39	220.806
211.828	220.747
212.252	220.685
212.661	220.623
213.047	220.562
213.409	220.505
213.746	220.452
214.07	220.4
214.387	220.346
214.701	220.289
215.015	220.229
215.326	220.17
215.633	220.11
215.936	220.05
216.235	219.99
216.532	219.928
216.826	219.861
217.12	219.79
217.418	219.714
217.721	219.633
218.024	219.547
218.33	219.452
218.64	219.351
218.954	219.248
219.269	219.134
219.586	219.006
219.907	218.871
220.236	218.726
220.574	218.572
220.92	218.404
221.272	218.219
221.627	218.014
221.985	217.789
222.345	217.545
222.708	217.284
223.071	217.003
223.433	216.701
223.79	216.376
224.145	216.03
224.499	215.662
224.848	215.273
225.19	214.864
225.519	214.432
225.838	213.978
226.145	213.504
226.442	213.009
226.729	212.495
227.001	211.96
227.263	211.406
227.512	210.832
227.74	210.231
227.945	209.608
228.133	208.965
228.309	208.307
228.46	207.633
228.576	206.941
228.661	206.236
228.727	205.516
228.772	204.787
228.786	204.048
228.775	203.296
228.742	202.531
228.69	201.751
228.622	200.967
228.536	200.177
228.434	199.384
228.318	198.582
228.185	197.776
228.036	196.965
227.869	196.152
227.687	195.332
227.491	194.51
227.28	193.688
227.049	192.869
226.81	192.043
226.562	191.206
226.297	190.362
226.017	189.513
225.729	188.664
225.442	187.815
225.155	186.959
224.863	186.103
224.565	185.243
224.268	184.382
223.971	183.517
223.673	182.652
223.379	181.787
223.091	180.923
222.813	180.061
222.544	179.2
222.282	178.343
222.028	177.487
221.778	176.636
221.537	175.791
221.303	174.954
221.08	174.131
220.865	173.324
220.657	172.534
220.459	171.767
220.263	171.014
220.065	170.279
219.881	169.578
219.701	168.897
219.523	168.232
219.354	167.592
219.184	166.967
219.012	166.354
218.842	165.758
218.67	165.177
218.496	164.607
218.317	164.046
218.13	163.496
217.936	162.959
217.732	162.439
217.519	161.938
217.298	161.457
217.066	160.99
216.818	160.541
216.553	160.108
216.267	159.694
215.962	159.299
215.644	158.918
215.303	158.558
214.946	158.218
214.573	157.893
214.187	157.59
213.784	157.314
213.367	157.065
212.934	156.837
212.489	156.625
212.028	156.426
211.549	156.251
211.057	156.104
210.552	155.98
210.031	155.873
209.492	155.781
208.936	155.709
208.362	155.656
207.773	155.614
207.174	155.581
206.564	155.559
205.938	155.548
205.293	155.545
204.631	155.548
203.949	155.562
203.251	155.586
202.537	155.618
201.807	155.658
201.064	155.706
200.306	155.764
199.532	155.824
198.743	155.883
197.937	155.942
197.116	156.002
196.279	156.061
195.431	156.119
194.572	156.179
193.701	156.243
192.815	156.309
191.919	156.378
191.008	156.449
190.087	156.523
189.152	156.599
188.203	156.678
187.243	156.761
186.269	156.848
185.284	156.94
184.289	157.036
183.285	157.138
182.274	157.241
181.258	157.343
180.237	157.446
179.212	157.547
178.183	157.646
177.154	157.746
176.126	157.845
175.1	157.943
174.076	158.038
173.055	158.134
172.039	158.233
171.022	158.328
170.004	158.423
168.988	158.525
167.977	158.626
166.974	158.726
165.983	158.822
164.989	158.924
164.003	159.023
163.018	159.122
162.034	159.222
161.055	159.323
160.077	159.423
159.101	159.522
158.124	159.619
157.15	159.718
156.173	159.818
155.201	159.916
154.226	160.014
153.252	160.112
152.278	160.211
151.302	160.312
150.324	160.416
149.343	160.523
148.36	160.636
147.377	160.747
146.39	160.862
145.399	160.982
144.402	161.108
143.403	161.223
142.401	161.338
141.404	161.454
140.395	161.566
139.377	161.676
138.353	161.789
137.323	161.898
136.284	162.003
135.238	162.1
134.184	162.19
133.121	162.277
132.054	162.359
130.982	162.436
129.908	162.513
128.827	162.587
127.739	162.663
126.639	162.744
125.536	162.825
124.425	162.907
123.317	162.984
122.209	163.059
121.1	163.13
119.988	163.201
118.877	163.272
117.763	163.344
116.65	163.416
115.536	163.488
114.422	163.562
113.308	163.638
112.193	163.714
111.081	163.791
109.97	163.866
108.857	163.941
107.743	164.018
106.631	164.094
105.521	164.17
104.409	164.245
103.297	164.321
102.183	164.395
101.074	164.467
99.9683	164.538
98.861	164.611
97.7516	164.682
96.6454	164.756
95.5436	164.833
94.4415	164.911
93.3335	164.995
92.2214	165.088
91.1109	165.188
89.9982	165.292
88.8833	165.399
87.7696	165.509
86.6554	165.62
85.5418	165.737
84.4286	165.854
83.3148	165.975
82.1968	166.098
81.0739	166.222
79.9494	166.35
78.8228	166.477
77.6967	166.598
76.5622	166.724
75.4212	166.846
74.2766	166.963
73.1354	167.077
71.9957	167.184
70.8488	167.29
69.6881	167.392
68.5192	167.492
67.3494	167.586
66.1762	167.675
64.9967	167.763
63.8122	167.851
62.6253	167.939
61.4348	168.026
60.2376	168.109
59.0369	168.19
57.8324	168.267
56.6224	168.343
55.4116	168.415
54.2065	168.481
53.0052	168.544
51.8032	168.603
50.6051	168.662
49.4073	168.719
48.2099	168.776
47.0151	168.832
45.8262	168.887
44.6396	168.938
43.4569	168.99
42.2807	169.037
41.1105	169.087
39.9439	169.134
38.7783	169.18
37.6148	169.227
36.4573	169.27
35.3084	169.309
34.1684	169.345
33.0354	169.378
31.9102	169.408
30.7999	169.437
29.703	169.466
28.6197	169.492
27.5502	169.518
26.4988	169.542
25.4654	169.563
24.4493	169.58
23.4474	169.597
22.4643	169.612
21.4959	169.626
20.5448	169.638
19.6126	169.647
18.6963	169.654
17.8004	169.66
16.9165	169.667
16.0503	169.677
15.2002	169.69
14.3632	169.71
13.538	169.735
12.7251	169.768
11.9238	169.812
11.1333	169.866
10.355	169.931
9.5885	170.003
8.83259	170.085
8.08919	170.175
7.35897	170.27
6.64191	170.374
5.93542	170.481
5.23904	170.591
4.55337	170.702
3.87845	170.813
3.21633	170.921
2.56883	171.024
1.93704	171.12
1.3206	171.21
0.722206	171.294
0.142353	171.373
-0.417565	171.445
-0.956258	171.512
-1.47358	171.573
-1.96748	171.629
-2.43596	171.679
-2.87902	171.723
-3.29688	171.761
-3.68876	171.796
-4.05394	171.83
-4.39285	171.858
-4.70843	171.882
-5.00219	171.903
-5.27468	171.921
-5.52684	171.939
-5.76422	171.957
-5.99099	171.973
-6.21028	171.987
-6.4235	172.001
-6.63048	172.016
-6.83343	172.029
-7.03489	172.039
-7.23693	172.049
-7.43968	172.061
-7.64165	172.074
-7.84273	172.087
-8.04289	172.098
-8.24267	172.107
-8.44208	172.115
-8.64176	172.12
-8.84497	172.121
-9.05869	172.121
-9.28979	172.124
-9.54208	172.13
-9.81604	172.135
-10.108	172.141
-10.4161	172.148
-10.7425	172.154
-11.0897	172.155
-11.4612	172.155
-11.8568	172.155
-12.2772	172.158
-12.7236	172.166
-13.1943	172.178
-13.6886	172.188
-14.2034	172.197
-14.737	172.212
-15.287	172.239
-15.8524	172.27
-16.4366	172.296
-17.0429	172.309
-17.6695	172.318
-18.3191	172.339
-18.9914	172.368
-19.6788	172.383
-20.3802	172.388
-21.0932	172.388
-21.8212	172.39
-22.5735	172.39
-23.3541	172.399
-24.1546	172.406
-24.9701	172.41
-25.7939	172.407
-26.6309	172.402
-27.4877	172.402
-28.3639	172.402
-29.2552	172.398
-30.1572	172.397
-31.07	172.397
-31.9974	172.396
-32.935	172.395
-33.8823	172.393
-34.8413	172.395
-35.8135	172.4
-36.7973	172.408
-37.7894	172.416
-38.7873	172.427
-39.7908	172.438
-40.8025	172.453
-41.8175	172.466
-42.8388	172.48
-43.8668	172.492
-44.9015	172.504
-45.942	172.51
-46.985	172.514
-48.0309	172.522
-49.0862	172.527
-50.1459	172.531
-51.2056	172.539
-52.2666	172.549
-53.3305	172.557
-54.3972	172.565
-55.4635	172.573
-56.5288	172.578
-57.5931	172.581
-58.655	172.584
-59.7186	172.585
-60.7885	172.586
-61.8634	172.593
-62.9375	172.598
-64.0039	172.601
-65.0661	172.603
-66.1272	172.607
-67.1922	172.613
-68.2635	172.621
-69.3363	172.63
-70.4104	172.642
-71.4829	172.652
-72.5556	172.661
-73.6277	172.669
-74.702	172.676
-75.7793	172.683
-76.8602	172.688
-77.9388	172.69
-79.0126	172.692
-80.0842	172.688
-81.1578	172.684
-82.241	172.681
-83.327	172.678
-84.4153	172.678
-85.4995	172.675
-86.5827	172.67
-87.6684	172.659
-88.758	172.645
-89.8476	172.634
-90.9362	172.62
-92.0296	172.606
-93.124	172.593
-94.2162	172.573
-95.3096	172.549
-96.4051	172.521
-97.5077	172.491
-98.6133	172.459
-99.7183	172.424
-100.82	172.387
-101.918	172.349
-103.016	172.309
-104.116	172.264
-105.222	172.217
-106.33	172.165
-107.44	172.11
-108.547	172.053
-109.653	171.994
-110.762	171.932
-111.869	171.87
-112.976	171.804
-114.085	171.735
-115.196	171.664
-116.307	171.589
-117.415	171.517
-118.525	171.442
-119.637	171.362
-120.748	171.282
-121.856	171.198
-122.966	171.112
-124.08	171.025
-125.195	170.939
-126.311	170.85
-127.43	170.761
-128.553	170.671
-129.677	170.587
-130.799	170.498
-131.919	170.405
-133.039	170.315
-134.163	170.221
-135.292	170.124
-136.424	170.033
-137.558	169.943
-138.691	169.848
-139.823	169.753
-140.955	169.657
-142.087	169.559
-143.221	169.46
-144.358	169.36
-145.496	169.262
-146.636	169.163
-147.778	169.067
-148.92	168.974
-150.063	168.879
-151.205	168.785
-152.345	168.689
-153.486	168.59
-154.632	168.49
-155.777	168.392
-156.919	168.299
-158.06	168.207
-159.202	168.114
-160.342	168.017
-161.479	167.917
-162.616	167.817
-163.754	167.717
-164.895	167.618
-166.036	167.522
-167.163	167.428
-168.28	167.327
-169.396	167.226
-170.521	167.131
-171.647	167.036
-172.769	166.944
-173.879	166.85
-174.977	166.754
-176.065	166.666
-177.145	166.577
-178.232	166.488
-179.328	166.4
-180.418	166.314
-181.488	166.216
-182.539	166.118
-183.575	166.016
-184.604	165.92
-185.634	165.824
-186.67	165.73
-187.703	165.635
-188.725	165.539
-189.732	165.445
-190.733	165.352
-191.728	165.261
-192.715	165.169
-193.693	165.078
-194.669	164.989
-195.642	164.902
-196.605	164.814
-197.558	164.727
-198.507	164.641
-199.453	164.555
-200.397	164.472
-201.333	164.389
-202.26	164.304
-203.178	164.213
-204.092	164.121
-205.005	164.029
-205.915	163.927
-206.821	163.831
-207.722	163.735
-208.616	163.627
-209.5	163.52
-210.383	163.407
-211.268	163.286
-212.147	163.157
-213.018	163.022
-213.877	162.886
-214.728	162.744
-215.575	162.594
-216.419	162.44
-217.263	162.283
-218.102	162.13
-218.935	161.978
-219.765	161.831
-220.59	161.689
-221.406	161.545
-222.207	161.404
-222.996	161.27
-223.775	161.147
-224.545	161.034
-225.307	160.936
-226.059	160.854
-226.802	160.785
-227.537	160.726
-228.261	160.673
-228.976	160.629
-229.679	160.597
-230.373	160.579
-231.055	160.571
-231.729	160.574
-232.391	160.588
-233.04	160.612
-233.677	160.647
-234.298	160.69
-234.908	160.741
-235.505	160.798
-236.09	160.865
-236.666	160.939
-237.231	161.019
-237.784	161.103
-238.324	161.187
-238.852	161.277
-239.367	161.369
-239.872	161.459
-240.368	161.545
-240.854	161.625
-241.328	161.699
-241.79	161.767
-242.242	161.829
-242.679	161.883
-243.101	161.925
-243.51	161.956
-243.909	161.974
-244.297	161.983
-244.674	161.983
-245.039	161.97
-245.392	161.94
-245.734	161.891
-246.068	161.824
-246.388	161.746
-246.699	161.657
-247.005	161.562
-247.306	161.453
-247.597	161.337
-247.881	161.209
-248.154	161.068
-248.415	160.92
-248.669	160.765
-248.916	160.605
-249.16	160.439
-249.4	160.278
-249.63	160.111
-249.847	159.935
-250.065	159.75
-250.283	159.557
-250.499	159.359
-250.71	159.16
-250.923	158.963
-251.14	158.766
-251.353	158.562
-251.559	158.353
-251.766	158.14
-251.97	157.923
-252.172	157.694
-252.374	157.452
-252.575	157.2
-252.773	156.939
-252.968	156.669
-253.156	156.39
-253.335	156.098
-253.511	155.791
-253.68	155.474
-253.848	155.146
-254.01	154.803
-254.163	154.443
-254.302	154.062
-254.43	153.658
-254.563	153.235
-254.7	152.792
-254.824	152.329
-254.936	151.842
-255.045	151.332
-255.159	150.801
-255.281	150.248
-255.409	149.674
-255.534	149.076
-255.645	148.454
-255.749	147.801
-255.845	147.117
-255.94	146.404
-256.024	145.661
-256.102	144.892
-256.17	144.102
-256.233	143.287
-256.294	142.443
-256.349	141.575
-256.402	140.683
-256.456	139.768
-256.509	138.833
-256.561	137.874
-256.616	136.89
-256.673	135.878
-256.73	134.845
-256.787	133.789
-256.84	132.714
-256.891	131.617
-256.94	130.497
-256.984	129.351
-257.029	128.182
-257.079	126.994
-257.126	125.8
-257.174	124.605
-257.221	123.416
-257.262	122.233
-257.296	121.053
-257.33	119.868
-257.359	118.684
-257.383	117.502
-257.409	116.32
-257.433	115.138
-257.456	113.955
-257.477	112.771
-257.491	111.589
-257.501	110.408
-257.509	109.23
-257.514	108.056
-257.519	106.882
-257.524	105.713
-257.53	104.546
-257.535	103.381
-257.541	102.216
-257.546	101.052
-257.547	99.8899
-257.545	98.7331
-257.542	97.5781
-257.535	96.425
-257.526	95.2744
-257.516	94.13
-257.505	92.9898
-257.491	91.8528
-257.477	90.7156
-257.46	89.5784
-257.443	88.4439
-257.428	87.3115
-257.414	86.1849
-257.4	85.0624
-257.387	83.9403
-257.378	82.8167
-257.377	81.6986
-257.381	80.5864
-257.394	79.4762
-257.41	78.3662
-257.428	77.2561
-257.441	76.145
-257.451	75.0336
-257.466	73.9288
-257.478	72.8296
-257.497	71.733
-257.524	70.6347
-257.551	69.5307
-257.576	68.4227
-257.599	67.3167
-257.619	66.2104
-257.639	65.1076
-257.661	64.0106
-257.685	62.915
-257.711	61.8208
-257.733	60.7275
-257.754	59.6408
-257.772	58.5544
-257.788	57.4702
-257.8	56.3886
-257.812	55.3111
-257.822	54.2371
-257.829	53.1656
-257.834	52.0964
-257.835	51.0308
-257.835	49.9681
-257.834	48.9072
-257.833	47.8496
-257.831	46.7946
-257.828	45.7409
-257.828	44.6886
-257.826	43.6394
-257.825	42.5926
-257.824	41.5516
-257.826	40.5115
-257.831	39.4734
-257.842	38.4392
-257.856	37.4083
-257.873	36.382
-257.893	35.3582
-257.913	34.3375
-257.936	33.3189
-257.961	32.3037
-257.988	31.293
-258.015	30.2881
-258.044	29.2857
-258.075	28.2866
-258.106	27.2897
-258.136	26.2945
-258.167	25.3034
-258.194	24.3166
-258.216	23.3334
-258.231	22.3534
-258.238	21.3754
-258.234	20.4014
-258.22	19.4306
-258.195	18.462
-258.162	17.4965
-258.118	16.5332
-258.066	15.5768
-258.001	14.6248
-257.925	13.6732
-257.836	12.723
-257.731	11.7791
-257.609	10.8406
-257.467	9.90914
-257.3	8.97974
-257.115	8.05427
-256.911	7.13186
-256.69	6.2156
-256.446	5.30749
-256.183	4.40604
-255.897	3.50768
-255.59	2.61595
-255.259	1.72466
-254.904	0.837673
-254.528	-0.0461796
-254.129	-0.924916
-253.71	-1.79785
-253.266	-2.66396
-252.796	-3.52557
-252.303	-4.38295
-251.787	-5.23325
-251.253	-6.07472
-250.694	-6.91365
-250.113	-7.75092
-249.513	-8.5846
-248.895	-9.4168
-248.257	-10.2482
-247.605	-11.0825
-246.943	-11.9176
-246.274	-12.7559
-245.598	-13.5992
-244.916	-14.4461
-244.224	-15.2978
-243.528	-16.1561
-242.824	-17.0159
-242.118	-17.8805
-241.411	-18.7465
-240.704	-19.6131
-239.999	-20.4835
-239.294	-21.3575
-238.593	-22.2357
-237.901	-23.1183
-237.215	-24.0034
-236.537	-24.8919
-235.867	-25.7838
-235.206	-26.6804
-234.555	-27.5821
-233.916	-28.4879
-233.288	-29.3964
-232.669	-30.3071
-232.057	-31.2167
-231.446	-32.1227
-230.837	-33.0265
-230.231	-33.9273
-229.631	-34.8263
-229.036	-35.7233
-228.445	-36.6188
-227.858	-37.5088
-227.273	-38.3947
-226.691	-39.2759
-226.111	-40.1538
-225.535	-41.0269
-224.963	-41.8955
-224.396	-42.7592
-223.833	-43.617
-223.275	-44.4643
-222.726	-45.2947
-222.191	-46.1039
-221.664	-46.8906
-221.149	-47.6525
-220.645	-48.3865
-220.151	-49.0927
-219.667	-49.7733
-219.191	-50.4268
-218.724	-51.0579
-218.272	-51.6629
-217.83	-52.2423
-217.402	-52.7969
-216.985	-53.3297
-216.58	-53.8424
-216.185	-54.3353
-215.8	-54.8097
-215.424	-55.2644
-215.053	-55.7003
-214.686	-56.1204
-214.321	-56.525
-213.956	-56.915
-213.596	-57.2893
-213.241	-57.6491
-212.892	-57.9972
-212.048	-58.2623
-211.217	-58.537
-210.449	-58.7892
-209.745	-59.0214
-209.428	-59.2727
-209.12	-59.4957
-208.822	-59.6921
-208.536	-59.8646
-208.268	-60.0193
-208.011	-60.1624
-207.754	-60.2981
-207.495	-60.4279
-207.233	-60.5483
-206.966	-60.6565
-206.699	-60.7522
-206.433	-60.8391
-206.165	-60.9201
-205.899	-60.9936
-205.629	-61.0585
-205.35	-61.1166
-205.061	-61.1714
-204.76	-61.2221
-204.447	-61.2683
-204.12	-61.306
-203.781	-61.3375
-203.431	-61.3601
-203.064	-61.3726
-202.681	-61.3765
-202.281	-61.3732
-201.867	-61.3526
-201.436	-61.3159
-200.986	-61.268
-200.518	-61.2086
-200.031	-61.1367
-199.525	-61.0517
-198.999	-60.9516
-198.453	-60.834
-197.89	-60.6989
-197.309	-60.546
-196.709	-60.3737
-196.086	-60.1857
-195.445	-59.9737
-194.787	-59.7384
-194.122	-59.4788
-193.449	-59.1931
-192.765	-58.8821
-192.074	-58.5483
-191.375	-58.1782
-190.666	-57.774
-189.948	-57.3443
-189.221	-56.8897
-188.486	-56.4137
-187.739	-55.9162
-186.981	-55.3984
-186.211	-54.8654
-185.425	-54.3169
-184.625	-53.7619
-183.814	-53.2033
-182.992	-52.6401
-182.156	-52.0707
-181.304	-51.4919
-180.439	-50.9022
-179.56	-50.3058
-178.669	-49.7023
-177.765	-49.0933
-176.849	-48.4787
-175.92	-47.8599
-174.98	-47.2372
-174.021	-46.6082
-173.047	-45.9743
-172.062	-45.3365
-171.066	-44.7053
-170.057	-44.0754
-169.033	-43.4495
-167.995	-42.8251
-166.946	-42.2053
-165.894	-41.5872
-164.839	-40.9743
-163.779	-40.365
-162.711	-39.7637
-161.633	-39.17
-160.55	-38.5859
-159.471	-38.0148
-158.389	-37.4488
-157.303	-36.8893
-156.213	-36.3373
-155.132	-35.7899
-154.057	-35.2631
-152.989	-34.7344
-151.916	-34.2034
-150.837	-33.6679
-149.763	-33.1295
-148.694	-32.5955
-147.624	-32.0694
-146.548	-31.5368
-145.473	-31.0105
-144.397	-30.4829
-143.318	-29.9491
-142.234	-29.4111
-141.15	-28.8768
-140.067	-28.345
-138.987	-27.8143
-137.91	-27.2839
-136.832	-26.7557
-135.754	-26.2267
-134.675	-25.6975
-133.597	-25.1697
-132.525	-24.6459
-131.458	-24.124
-130.396	-23.6014
-129.337	-23.076
-128.278	-22.5496
-127.224	-22.0227
-126.176	-21.4966
-125.136	-20.9694
-124.097	-20.443
-123.054	-19.9175
-122.012	-19.3981
-120.977	-18.8935
-119.945	-18.4039
-118.907	-17.925
-117.858	-17.4549
-116.799	-16.9957
-115.74	-16.5513
-114.681	-16.1218
-113.622	-15.7043
-112.56	-15.2917
-111.487	-14.8895
-110.417	-14.4807
-109.355	-14.0765
-108.294	-13.6835
-107.23	-13.2873
-106.161	-12.8961
-105.087	-12.5119
-104.015	-12.1297
-102.943	-11.7473
-101.873	-11.3591
-100.802	-10.9701
-99.7349	-10.5949
-98.6688	-10.2277
-97.5971	-9.87002
-96.5132	-9.52376
-95.4224	-9.18285
-94.3294	-8.84757
-93.2371	-8.5201
-92.1425	-8.20262
-91.045	-7.89656
-89.947	-7.59966
-88.8443	-7.3113
-87.7373	-7.03089
-86.6281	-6.75797
-85.5183	-6.49325
-84.4053	-6.23464
-83.2933	-5.98464
-82.1854	-5.74085
-81.081	-5.49903
-79.9748	-5.25813
-78.8682	-5.01897
-77.762	-4.78151
-76.6605	-4.55015
-75.5634	-4.3236
-74.4676	-4.10098
-73.3719	-3.88279
-72.2785	-3.6653
-71.1896	-3.45054
-70.1049	-3.23793
-69.0207	-3.02689
-67.9369	-2.81914
-66.8518	-2.61471
-65.7666	-2.41365
-64.685	-2.2145
-63.6081	-2.02018
-62.5332	-1.83016
-61.4591	-1.64091
-60.387	-1.45071
-59.3161	-1.26304
-58.247	-1.07396
-57.1843	-0.893141
-56.1262	-0.712161
-55.0714	-0.534711
-54.0146	-0.36208
-52.9607	-0.19184
-51.9113	-0.023909
-50.8618	0.144362
-49.8128	0.306797
-48.7686	0.464153
-47.7292	0.61861
-46.6956	0.76651
-45.6625	0.912333
-44.631	1.05638
-43.6024	1.19815
-42.5761	1.33518
-41.5526	1.47013
-40.5332	1.60269
-39.5211	1.7326
-38.5162	1.85849
-37.5202	1.98241
-36.5322	2.10581
-35.5529	2.22653
-34.5842	2.34409
-33.6307	2.4591
-32.6932	2.57152
-31.768	2.68177
-30.8519	2.78919
-29.9469	2.89394
-29.0516	2.99392
-28.1696	3.0938
-27.3039	3.18888
-26.4567	3.28279
-25.6302	3.37449
-24.8244	3.46546
-24.04	3.553
-23.2751	3.63478
-22.5268	3.71132
-21.7946	3.78785
-21.0812	3.8659
-20.3849	3.94114
-19.7059	4.01381
-19.0453	4.08497
-18.4035	4.15722
-17.7789	4.22611
-17.1683	4.29027
-16.5721	4.34857
-15.9926	4.40355
-15.4286	4.4549
-14.8831	4.50397
-14.3614	4.55207
-13.8599	4.59924
-13.3815	4.64457
-12.9285	4.68396
-12.5049	4.72128
-12.1018	4.75576
-11.7216	4.79242
-11.3629	4.82251
-11.0278	4.8527
-10.7121	4.88489
-10.4125	4.91865
-10.1254	4.95391
-9.84886	4.99357
-9.58335	5.03514
-9.32661	5.07611
-9.07735	5.12045
-8.83289	5.17102
-8.59272	5.2289
-8.35688	5.29513
-8.12695	5.36454
-7.91052	5.4283
-7.72413	5.48177
-7.57831	5.52088
-7.47494	5.55
-7.40789	5.57138
-7.37229	5.58493
-7.36551	5.58603
-7.38064	5.58147
-7.39177	5.5771
-7.39179	5.57646
-7.3911	5.57703
-7.39216	5.57738
-7.39049	5.57766
-7.38888	5.57773
-7.39016	5.57775
-7.39076	5.57763
-7.38971	5.57782
-7.38953	5.5779
-7.39016	5.57784
-7.39017	5.57779
-7.38968	5.57789
-7.3901	5.57791
-7.3904	5.57788
-7.3901	5.57794
-7.39013	5.57794
-7.39047	5.57793
-7.39043	5.57785
-7.39017	5.57797
-7.39058	5.57808
-7.71816	6.17952
-8.07598	6.89502
-8.40235	7.6007
-8.67456	8.20608
-8.87603	8.85823
-8.95569	9.23669
-9.01729	9.59127
-9.04179	9.78457
-9.04188	9.78372
-9.04222	9.78418
-9.04199	9.78404
-9.04191	9.78394
-9.04201	9.78391
-9.04201	9.78384
-9.04196	9.78385
-9.042	9.7838
-9.04204	9.78379
-9.04205	9.78383
-9.04204	9.78383
-9.04205	9.78382
-9.04211	9.78381
-9.04216	9.78387
-9.04223	9.78389
-9.04222	9.78387
-9.04227	9.78393
-9.04231	9.78393
-9.04238	9.78395
-9.04237	9.78397
-9.0424	9.78395
-9.04235	9.78392
-9.04243	9.78393
-9.0424	9.78393
-9.0425	9.78397
-9.04253	9.78396
-9.04254	9.78402
-9.04251	9.78399
-9.04263	9.78403
-9.04256	9.78402
-9.04261	9.78409
-9.04088	9.78346
-9.03886	9.78382
-9.03356	9.78316
-9.02629	9.7821
-9.01347	9.78092
-8.99698	9.78135
-8.97868	9.78405
-8.95733	9.7866
-8.93444	9.79246
-8.90084	9.79882
-8.85069	9.80937
-8.77946	9.82411
-8.68455	9.84342
-8.56386	9.86872
-8.42123	9.90196
-8.25562	9.94229
-8.06611	9.99034
-7.85167	10.0484
-7.61565	10.1213
-7.36042	10.2058
-7.08756	10.3048
-6.80254	10.4272
-6.50426	10.5693
-6.19295	10.7323
-5.87152	10.9216
-5.54232	11.1369
-5.21014	11.3753
-4.87849	11.6393
-4.54208	11.9319
-4.20223	12.2586
-3.85344	12.6225
-3.50221	13.0237
-3.15373	13.4563
-2.81603	13.9225
-2.48205	14.4249
-2.14471	14.9589
-1.81652	15.5246
-1.50127	16.1199
-1.1932	16.745
-0.886323	17.3992
-0.597138	18.0841
-0.331783	18.8024
-0.0842621	19.5525
0.149703	20.3297
0.364911	21.1342
0.562039	21.9676
0.744414	22.8299
0.914696	23.7187
1.07569	24.6324
1.23062	25.5698
1.38257	26.5341
1.53366	27.5234
1.68621	28.5379
1.84098	29.5723
2.00062	30.6289
2.16233	31.7081
2.33211	32.8119
2.50382	33.9378
2.67696	35.0851
2.85154	36.2481
3.02565	37.4203
3.19842	38.5962
3.36963	39.7698
3.53924	40.9427
3.70658	42.1176
3.87045	43.2906
4.03037	44.4577
4.18801	45.6234
4.34667	46.7924
4.50055	47.9635
4.65758	49.1307
4.81117	50.2927
4.96279	51.4509
5.11595	52.6048
5.26803	53.7586
5.42204	54.9067
5.57682	56.052
5.73228	57.199
5.88714	58.351
6.04192	59.5018
6.19622	60.6461
6.35071	61.7814
6.50772	62.9119
6.65682	64.0395
6.80572	65.1667
6.95302	66.2927
7.09728	67.4235
7.24252	68.5509
7.39205	69.6722
7.54377	70.7892
7.69438	71.9038
7.846	73.0156
7.99573	74.1249
8.14377	75.2287
8.28914	76.3278
8.43375	77.4251
8.57545	78.5231
8.71684	79.623
8.85797	80.722
8.99653	81.8156
9.13442	82.9014
9.27366	83.9834
9.41065	85.0637
9.54888	86.141
9.68633	87.2162
9.82263	88.2908
9.95666	89.3633
10.0908	90.4311
10.226	91.4963
10.3627	92.557
10.5009	93.6177
10.6393	94.6758
10.7787	95.7309
10.9168	96.7832
11.0558	97.8326
11.1967	98.8735
11.3389	99.9078
11.4838	100.939
11.6302	101.972
11.7767	103.006
11.9294	104.043
12.0863	105.075
12.2481	106.097
12.4111	107.106
12.5751	108.109
12.7379	109.113
12.8985	110.126
13.0581	111.146
13.2209	112.173
13.3827	113.211
13.5451	114.257
13.7151	115.307
13.8799	116.37
14.0471	117.443
14.2142	118.524
14.3808	119.608
14.5505	120.699
14.7153	121.794
14.8837	122.895
15.0526	124.008
15.2219	125.138
15.3908	126.279
15.5615	127.428
15.7291	128.579
15.8938	129.735
16.0605	130.898
16.2263	132.07
16.3911	133.242
16.5534	134.412
16.7137	135.578
16.8709	136.743
17.0272	137.904
17.1808	139.066
17.332	140.227
17.4825	141.383
17.6331	142.535
17.7828	143.682
17.9336	144.829
18.0844	145.977
18.2332	147.12
18.3773	148.258
18.5166	149.389
18.6529	150.513
18.7907	151.631
18.9274	152.743
19.067	153.846
19.2073	154.937
19.3466	156.018
19.4869	157.095
19.6272	158.165
19.7682	159.232
19.9104	160.287
20.0504	161.336
20.1949	162.38
20.3389	163.419
20.48	164.452
20.6316	165.476
20.7844	166.501
20.9356	167.524
21.0852	168.544
21.2305	169.558
21.3718	170.572
21.5131	171.597
21.6599	172.631
21.8087	173.667
21.9622	174.71
22.1245	175.812
22.2958	176.941
22.4504	178.058
22.6107	179.186
22.7694	180.307
22.9229	181.427
23.0672	182.548
23.215	183.674
23.3602	184.809
23.5083	185.956
23.6542	187.11
23.8125	188.269
23.9702	189.432
24.1248	190.604
24.2824	191.781
24.4343	192.967
24.5913	194.154
24.7529	195.344
24.9175	196.53
25.0826	197.704
25.2444	198.876
25.4084	200.052
25.5661	201.227
25.7218	202.396
25.8822	203.556
26.0404	204.714
26.2046	205.871
26.3667	207.021
26.5238	208.167
26.6822	209.305
26.8362	210.437
26.9933	211.554
27.1485	212.654
27.3049	213.735
27.455	214.794
27.6072	215.826
27.7523	216.848
27.8955	217.856
28.04	218.851
28.1861	219.829
28.3328	220.802
28.4748	221.772
28.6156	222.741
28.7625	223.706
28.9072	224.666
29.0549	225.623
29.2023	226.577
29.3501	227.531
29.5002	228.482
29.651	229.434
29.7928	230.376
29.9585	231.327
30.1153	232.277
30.2654	233.222
30.4273	234.172
30.5618	235.11
30.7035	236.084
30.8352	237.057
30.9599	238.044
31.0769	239.044
31.1883	240.047
31.2999	241.054
31.4061	242.068
31.5002	243.093
31.6052	244.127
31.7245	245.176
31.8489	246.236
31.9782	247.307
32.1144	248.387
32.2471	249.478
32.379	250.583
32.5138	251.704
32.6504	252.84
32.7896	253.986
32.9368	255.142
33.0863	256.308
33.2383	257.482
33.3897	258.664
33.5434	259.858
33.6929	261.062
33.8443	262.275
33.9996	263.484
34.1513	264.688
34.3029	265.889
34.4547	267.086
34.6024	268.277
34.7569	269.463
34.9095	270.647
35.0619	271.827
35.2216	273.007
35.3791	274.186
35.5293	275.362
35.6778	276.526
35.8237	277.684
35.9691	278.841
36.1152	279.988
36.267	281.13
36.4185	282.261
36.5674	283.381
36.7099	284.483
36.8476	285.568
36.9803	286.639
37.1096	287.699
37.2373	288.744
37.3618	289.772
37.4824	290.785
37.6004	291.774
37.7133	292.742
37.825	293.705
37.9377	294.664
38.0526	295.623
38.1649	296.581
38.2776	297.537
38.3889	298.488
38.4998	299.434
38.6102	300.375
38.7222	301.314
38.8388	302.255
38.9556	303.199
39.0763	304.145
39.2051	305.093
39.3405	306.041
39.4782	306.994
39.6185	307.95
39.764	308.913
39.9124	309.884
40.0646	310.866
40.2199	311.854
40.3802	312.846
40.5489	313.85
40.7293	314.87
40.9146	315.903
41.1055	316.936
41.2975	317.971
41.4947	319.019
41.6985	320.084
41.9087	321.16
42.1241	322.237
42.3453	323.315
42.5726	324.398
42.8055	325.488
43.0454	326.585
43.2919	327.689
43.5458	328.805
43.8071	329.928
44.0747	331.052
44.3473	332.181
44.6287	333.315
44.9113	334.451
45.1925	335.591
45.4776	336.742
45.765	337.903
46.0535	339.073
46.3477	340.249
46.6442	341.429
46.9416	342.616
47.2403	343.807
47.5364	345.002
47.8339	346.197
48.1319	347.391
48.4261	348.58
48.7183	349.762
49.0022	350.941
49.2841	352.119
49.5659	353.295
49.8479	354.468
50.1256	355.636
50.3996	356.803
50.6724	357.965
50.9419	359.123
51.2094	360.279
51.4744	361.427
51.7351	362.566
51.9957	363.7
52.2565	364.839
52.5117	365.982
52.7606	367.119
53.0067	368.246
53.2414	369.362
53.4729	370.47
53.7078	371.574
53.9422	372.683
54.1758	373.791
54.4083	374.891
54.6398	375.982
54.8658	377.062
