0	-0
0.0457776	1.05758
0.144382	2.1144
0.287298	3.17133
0.477544	4.22642
0.725458	5.27927
1.02336	6.32099
1.36925	7.3422
1.76687	8.34964
2.20589	9.34451
2.68819	10.3215
3.21447	11.2702
3.78301	12.198
4.39589	13.0939
5.05413	13.9674
5.75119	14.8089
6.49075	15.6211
7.27325	16.4071
8.08657	17.1541
8.94336	17.8623
9.83668	18.5398
10.7609	19.1681
11.7218	19.7561
12.7141	20.3063
13.7407	20.8156
14.7874	21.2787
15.8559	21.7092
16.9578	22.1051
18.0858	22.4677
19.2439	22.809
20.4035	23.1121
21.5795	23.3725
22.7759	23.5935
23.9926	23.7806
25.232	23.9454
26.4951	24.0624
27.7684	24.1513
29.0694	24.1963
30.3798	24.2193
31.7203	24.1994
33.068	24.1659
34.4238	24.1157
35.7956	24.0407
37.1611	23.958
38.5311	23.8599
39.9136	23.7453
41.3141	23.6104
42.7348	23.4624
44.1847	23.3007
45.6511	23.1289
47.1357	22.9458
48.638	22.7569
50.1589	22.554
51.699	22.3458
53.2561	22.1308
54.8396	21.9111
56.4395	21.6823
58.0538	21.4542
59.6849	21.2173
61.3338	20.9813
63.0003	20.7428
64.6835	20.5029
66.3857	20.2638
68.1099	20.0214
69.8464	19.783
71.6071	19.5407
73.3876	19.3
75.1868	19.0535
77.0003	18.8062
78.8163	18.563
80.6495	18.3167
82.5001	18.0721
84.3557	17.8295
86.2339	17.5821
88.1268	17.3303
90.0326	17.0747
91.9385	16.8214
93.8534	16.5663
95.7772	16.3068
97.7063	16.0483
99.6422	15.7863
101.585	15.5247
103.545	15.2595
105.512	14.9876
107.494	14.7095
109.484	14.4263
111.477	14.1358
113.477	13.836
115.476	13.5239
117.471	13.2029
119.485	12.866
121.501	12.525
123.51	12.1733
125.536	11.8098
127.567	11.4325
129.604	11.0406
131.644	10.6341
133.689	10.2167
135.745	9.78347
137.804	9.33873
139.871	8.88092
141.95	8.41045
144.073	7.94097
146.141	7.45364
148.174	6.95864
150.213	6.45133
152.262	5.93681
154.316	5.41341
156.369	4.88105
158.43	4.33438
160.475	3.78042
162.52	3.2165
164.564	2.64517
166.608	2.06344
168.655	1.47278
170.698	0.87478
172.742	0.263718
174.784	-0.346122
176.823	-0.974353
178.872	-1.60859
180.924	-2.25291
182.98	-2.90828
185.037	-3.57639
187.103	-4.25756
189.168	-4.94559
191.242	-5.64157
193.318	-6.34434
195.388	-7.053
197.455	-7.7674
199.531	-8.4914
201.606	-9.22114
203.681	-9.96022
205.758	-10.711
207.845	-11.4772
209.932	-12.2529
212.023	-13.0373
214.11	-13.8309
216.194	-14.6333
218.278	-15.4442
220.362	-16.2648
222.45	-17.0946
224.534	-17.9294
226.617	-18.7718
228.699	-19.6176
230.779	-20.4696
232.86	-21.3299
234.941	-22.1958
237.018	-23.0697
239.089	-23.95
241.148	-24.8292
243.209	-25.7153
245.27	-26.609
247.332	-27.5119
249.392	-28.4238
251.451	-29.3443
253.505	-30.2733
255.556	-31.2077
257.601	-32.1498
259.64	-33.1029
261.677	-34.0672
263.712	-35.0383
265.75	-36.0206
267.788	-37.0159
269.829	-38.0223
271.868	-39.0384
273.904	-40.067
275.945	-41.1029
277.986	-42.1481
280.032	-43.2061
282.085	-44.2741
284.147	-45.3539
286.211	-46.4434
288.281	-47.5462
290.355	-48.6591
292.437	-49.7845
294.529	-50.9282
296.638	-52.0906
298.766	-53.2703
299.642	-53.7031
301.81	-54.9144
302.357	-55.1503
303.101	-55.5531
303.643	-55.9385
304.301	-56.4007
304.999	-56.8287
305.809	-57.2881
306.755	-57.8318
307.759	-58.421
308.885	-59.1027
309.954	-59.7673
311.148	-60.5155
312.113	-61.1265
313.301	-61.8823
314.365	-62.5672
315.563	-63.3125
317.615	-64.6509
319.648	-65.9909
320.646	-66.6387
321.691	-67.3288
322.709	-68.0172
323.727	-68.712
324.718	-69.3884
325.761	-70.091
326.809	-70.8083
327.855	-71.5306
328.903	-72.2669
329.962	-73.0128
332.014	-74.498
334.059	-75.9851
336.122	-77.5004
338.172	-79.0188
340.216	-80.5445
342.264	-82.0811
344.317	-83.6385
346.362	-85.1955
348.404	-86.7533
350.435	-88.3083
352.461	-89.8994
354.478	-91.5009
356.512	-93.1085
358.556	-94.7269
360.567	-96.3259
362.57	-97.9373
364.565	-99.5647
366.555	-101.202
368.544	-102.846
370.536	-104.5
372.526	-106.165
374.513	-107.84
376.512	-109.536
378.519	-111.246
380.083	-112.599
381.1	-113.523
382.11	-114.448
383.107	-115.367
384.119	-116.292
385.109	-117.208
386.097	-118.129
387.083	-119.058
388.063	-119.987
389.033	-120.913
390.009	-121.845
390.989	-122.782
392.029	-123.745
394.014	-125.513
395.995	-127.274
397.976	-129.018
399.967	-130.753
401.958	-132.485
403.955	-134.216
405.947	-135.94
407.944	-137.657
409.952	-139.366
411.963	-141.062
413.987	-142.753
416.013	-144.442
418.035	-146.133
420.06	-147.83
422.084	-149.524
424.117	-151.213
426.151	-152.897
428.188	-154.579
430.225	-156.261
432.267	-157.946
434.331	-159.645
435.538	-160.635
436.046	-161.06
436.55	-161.485
437.054	-161.908
437.335	-162.142
437.442	-162.23
437.801	-162.517
437.772	-162.49
438.092	-162.742
438.621	-163.169
438.693	-163.237
438.957	-163.457
439.394	-163.816
439.891	-164.22
440.321	-164.567
440.542	-164.74
440.806	-164.95
441.218	-165.285
441.487	-165.502
441.781	-165.739
442.403	-166.242
442.578	-166.38
442.807	-166.564
443.038	-166.751
443.165	-166.857
443.302	-166.969
443.426	-167.076
443.619	-167.239
443.827	-167.411
444.159	-167.682
444.321	-167.814
444.502	-167.956
444.636	-168.064
444.887	-168.267
445.365	-168.658
445.861	-169.071
446.174	-169.338
446.396	-169.524
446.616	-169.714
447.025	-170.056
447.266	-170.255
447.499	-170.456
447.761	-170.69
448.038	-170.931
447.97	-170.894
448.058	-170.989
448.257	-171.164
448.638	-171.488
449.106	-171.874
449.6	-172.284
450.092	-172.697
450.454	-172.996
450.954	-173.414
451.45	-173.827
451.948	-174.24
452.428	-174.627
452.884	-174.993
453.387	-175.391
453.605	-175.558
454.158	-175.998
454.654	-176.389
455.009	-176.668
455.095	-176.742
455.562	-177.114
456.049	-177.497
456.548	-177.894
457.028	-178.28
457.464	-178.632
457.933	-179.01
458.409	-179.393
458.894	-179.785
459.092	-179.947
459.575	-180.335
460.045	-180.71
460.496	-181.078
460.935	-181.438
461.396	-181.816
461.885	-182.214
462.367	-182.601
462.818	-182.961
463.134	-183.216
463.132	-183.218
462.102	-182.409
462.612	-182.824
463.124	-183.236
463.625	-183.645
464.132	-184.054
464.643	-184.464
465.158	-184.874
465.653	-185.266
465.933	-185.487
466.444	-185.886
466.967	-186.291
467.479	-186.69
468.011	-187.108
468.552	-187.533
469.084	-187.949
469.83	-188.534
470.359	-188.952
472.373	-190.529
474.399	-192.116
476.428	-193.705
478.458	-195.296
480.483	-196.886
482.509	-198.478
484.541	-200.075
486.576	-201.674
488.11	-202.884
488.762	-203.408
489.375	-203.903
489.976	-204.391
490.573	-204.877
491.098	-205.311
491.619	-205.737
492.185	-206.192
492.736	-206.631
493.287	-207.07
493.81	-207.492
494.335	-207.916
494.839	-208.323
495.345	-208.729
495.866	-209.136
496.375	-209.53
496.894	-209.935
497.453	-210.373
497.969	-210.776
498.487	-211.178
498.82	-211.439
499.344	-211.842
499.858	-212.242
500.37	-212.642
500.896	-213.057
501.444	-213.488
501.991	-213.912
502.267	-214.141
502.812	-214.558
503.173	-214.842
503.717	-215.259
504.224	-215.645
504.447	-215.815
504.997	-216.222
505.547	-216.623
505.739	-216.762
505.938	-216.903
506.509	-217.319
507.069	-217.727
507.631	-218.134
508.265	-218.592
508.814	-218.993
509.349	-219.378
509.873	-219.761
510.419	-220.163
510.98	-220.585
511.559	-221.017
512.127	-221.447
512.731	-221.906
513.428	-222.43
514.016	-222.876
514.693	-223.391
514.931	-223.6
515.53	-224.062
517.646	-225.585
519.758	-227.104
521.873	-228.625
523.99	-230.143
526.117	-231.662
528.255	-233.186
530.406	-234.715
532.563	-236.243
534.739	-237.778
536.929	-239.317
539.121	-240.851
541.307	-242.38
543.485	-243.9
545.665	-245.418
547.841	-246.933
550.022	-248.45
552.205	-249.967
554.389	-251.487
556.575	-253.008
556.737	-253.129
556.615	-253.073
556.567	-253.057
556.516	-253.036
556.306	-252.93
556.06	-252.82
556.023	-252.841
556.141	-252.983
556.164	-253.063
556.158	-253.109
556.141	-253.151
556.212	-253.264
555.981	-253.164
555.747	-253.042
555.539	-252.921
555.345	-252.796
555.161	-252.67
554.99	-252.556
554.798	-252.44
554.605	-252.326
554.408	-252.212
554.189	-252.086
553.986	-251.967
553.808	-251.859
553.623	-251.754
553.489	-251.653
553.351	-251.57
553.223	-251.494
553.106	-251.423
553.044	-251.349
552.946	-251.269
552.857	-251.195
552.776	-251.108
552.694	-251.047
552.638	-251.02
552.587	-250.983
552.534	-250.957
552.477	-250.932
552.413	-250.907
552.365	-250.9
552.287	-250.875
552.218	-250.863
552.149	-250.85
552.082	-250.833
552.015	-250.821
551.95	-250.805
551.88	-250.78
551.801	-250.746
551.722	-250.72
551.621	-250.626
551.519	-250.536
551.414	-250.447
551.319	-250.394
551.221	-250.293
551.095	-250.118
551.515	-250.285
551.931	-250.525
552.932	-251.07
553.59	-251.434
554.278	-251.811
554.712	-252.051
554.723	-252.063
555.377	-252.428
556.065	-252.819
556.726	-253.205
557.453	-253.628
558.416	-254.156
559.316	-254.651
560.98	-255.536
563.093	-256.648
565.208	-257.76
567.331	-258.875
569.463	-259.993
571.603	-261.112
573.762	-262.237
575.927	-263.363
578.098	-264.493
580.33	-265.658
582.672	-266.877
585.013	-268.101
587.052	-269.18
588.761	-270.111
590.499	-271.065
592.391	-272.093
594.294	-273.097
596.126	-274.059
597.951	-275.03
599.776	-275.967
601.634	-276.924
603.539	-277.904
605.38	-278.854
607.331	-279.851
609.314	-280.861
611.339	-281.89
612.981	-282.734
614.879	-283.694
616.736	-284.629
618.652	-285.591
620.573	-286.547
622.509	-287.504
624.471	-288.471
626.439	-289.443
628.543	-290.498
630.483	-291.674
632.281	-292.754
634.04	-293.748
635.861	-294.776
637.841	-295.882
639.578	-296.922
641.049	-297.957
642.664	-298.913
644.395	-299.841
646.151	-300.733
648.077	-301.643
650.009	-302.559
651.987	-303.488
653.963	-304.416
655.954	-305.36
657.907	-306.288
659.869	-307.21
661.865	-308.137
663.865	-309.063
665.88	-309.99
667.924	-310.928
669.962	-311.86
672.011	-312.795
674.088	-313.738
676.17	-314.678
678.246	-315.621
680.353	-316.571
682.489	-317.527
684.634	-318.483
685.405	-318.918
687.551	-319.858
689.686	-320.791
691.821	-321.72
693.96	-322.646
696.118	-323.579
698.29	-324.518
700.464	-325.455
702.695	-326.415
704.356	-327.194
706.584	-328.148
708.83	-329.112
711.067	-330.075
713.3	-331.036
715.548	-332.004
717.803	-332.976
720.057	-333.947
722.324	-334.924
724.592	-335.901
726.883	-336.888
729.178	-337.874
731.483	-338.859
733.795	-339.849
736.108	-340.836
738.432	-341.827
740.763	-342.822
743.091	-343.815
745.425	-344.809
747.77	-345.804
750.118	-346.797
752.467	-347.788
754.828	-348.782
757.188	-349.775
759.566	-350.77
761.937	-351.76
764.307	-352.748
766.684	-353.738
769.071	-354.727
771.464	-355.715
773.857	-356.698
776.25	-357.678
778.662	-358.659
781.081	-359.637
783.503	-360.611
785.926	-361.581
788.34	-362.542
790.774	-363.516
793.222	-364.489
795.64	-365.448
798.05	-366.407
800.415	-367.345
802.734	-368.272
804.721	-369.112
806.29	-369.825
808.871	-370.802
811.464	-371.783
814.04	-372.748
816.628	-373.721
819.217	-374.69
821.825	-375.667
824.412	-376.632
827.002	-377.594
829.591	-378.555
832.181	-379.513
834.769	-380.471
837.357	-381.428
839.938	-382.378
842.513	-383.323
845.083	-384.265
847.657	-385.207
850.223	-386.146
852.791	-387.084
855.35	-388.013
857.905	-388.943
860.502	-389.891
863.242	-390.879
865.89	-391.832
868.554	-392.797
871.198	-393.75
873.839	-394.702
876.469	-395.648
879.094	-396.591
881.72	-397.529
884.339	-398.465
886.943	-399.393
889.539	-400.315
892.132	-401.238
894.726	-402.16
897.312	-403.078
899.892	-403.991
902.469	-404.9
905.044	-405.808
907.618	-406.713
910.184	-407.616
912.742	-408.514
915.292	-409.409
917.836	-410.301
920.364	-411.182
922.894	-412.062
925.414	-412.938
927.922	-413.809
930.425	-414.676
932.923	-415.541
935.419	-416.404
937.92	-417.269
940.422	-418.132
942.925	-418.992
945.427	-419.847
947.92	-420.699
950.417	-421.547
952.924	-422.396
955.423	-423.239
957.92	-424.08
960.417	-424.92
962.916	-425.758
965.418	-426.594
967.934	-427.434
970.456	-428.273
972.977	-429.109
975.497	-429.941
978.018	-430.77
980.532	-431.596
983.048	-432.421
985.563	-433.241
988.086	-434.06
990.606	-434.876
993.125	-435.689
995.643	-436.501
998.163	-437.315
1000.68	-438.122
1003.19	-438.926
1005.69	-439.725
1008.18	-440.518
1010.67	-441.308
1013.15	-442.096
1015.64	-442.885
1018.13	-443.671
1020.62	-444.456
1023.12	-445.242
1025.61	-446.021
1028.11	-446.8
1030.61	-447.58
1033.1	-448.353
1035.59	-449.124
1038.09	-449.896
1040.58	-450.664
1043.07	-451.429
1045.56	-452.194
1048.05	-452.957
1050.54	-453.719
1053.02	-454.48
1055.51	-455.242
1057.99	-456.002
1060.47	-456.761
1062.94	-457.516
1065.39	-458.267
1067.85	-459.015
1070.29	-459.76
1072.73	-460.504
1075.16	-461.246
1077.6	-461.986
1080.03	-462.722
1082.46	-463.455
1084.88	-464.183
1087.29	-464.909
1089.7	-465.629
1092.1	-466.346
1094.49	-467.059
1096.87	-467.766
1099.25	-468.469
1101.62	-469.169
1104	-469.867
1106.36	-470.56
1108.73	-471.251
1111.09	-471.937
1113.44	-472.617
1115.77	-473.294
1116.83	-473.593
1117.17	-473.678
1117.83	-473.857
1118.63	-474.075
1119.1	-474.188
1119.87	-474.398
1120.07	-474.428
1119.97	-474.377
1119.99	-474.369
1119.62	-474.254
1119.75	-474.285
1120.27	-474.436
1120.42	-474.476
1120.77	-474.575
1121.81	-474.89
1122.65	-475.148
1123.12	-475.296
1123.54	-475.433
1123.95	-475.567
1126.15	-476.242
1128.34	-476.922
1130.54	-477.609
1132.73	-478.299
1134.93	-478.995
1137.13	-479.701
1139.33	-480.412
1141.53	-481.129
1143.72	-481.853
1145.9	-482.578
1148.08	-483.31
1150.27	-484.049
1152.45	-484.791
1154.63	-485.536
1156.8	-486.285
1158.98	-487.038
1160.9	-487.719
1163.05	-488.462
1165.2	-489.204
1167.34	-489.949
1169.49	-490.695
1171.63	-491.444
1173.78	-492.192
1175.92	-492.935
1178.04	-493.674
1180.01	-494.367
1182.1	-495.09
1184.19	-495.814
1186.27	-496.531
1188.35	-497.24
1190.45	-497.954
1192.48	-498.645
1193.56	-499.063
1194.56	-499.459
1195.52	-499.835
1196.5	-500.214
1196.35	-500.252
1196.02	-500.223
1195.92	-500.257
1195.96	-500.329
1196.11	-500.429
1195.72	-500.356
1195.34	-500.28
1194.96	-500.202
1194.98	-500.234
1195.15	-500.31
1195.9	-500.548
1197.04	-500.898
1197.85	-501.159
1198.65	-501.413
1199.46	-501.671
1198.98	-501.567
1198.5	-501.465
1198.02	-501.358
1197.55	-501.259
1197.07	-501.158
1196.58	-501.049
1196.09	-500.932
1195.6	-500.825
1195.12	-500.712
1194.63	-500.599
1194.15	-500.479
1194.11	-500.473
1194.06	-500.456
1194.85	-500.659
1196.73	-501.161
1198.64	-501.666
1200.55	-502.167
1202.47	-502.668
1204.39	-503.165
1206.32	-503.663
1208.24	-504.161
1210.18	-504.661
1212.1	-505.16
1214.03	-505.658
1215.95	-506.153
1217.87	-506.646
1219.79	-507.137
1221.71	-507.629
1223.63	-508.118
1225.55	-508.613
1227.46	-509.108
1229.37	-509.601
1231.27	-510.095
1233.17	-510.588
1235.05	-511.084
1236.93	-511.581
1238.79	-512.081
1240.63	-512.579
1242.46	-513.076
1244.28	-513.571
1246.07	-514.063
1247.85	-514.552
1249.61	-515.039
1251.36	-515.523
1253.1	-516.008
1254.82	-516.492
1256.52	-516.978
1258.21	-517.462
1259.88	-517.945
1261.53	-518.427
1263.17	-518.909
1264.79	-519.395
1266.39	-519.888
1267.97	-520.386
1269.54	-520.891
1271.08	-521.407
1272.6	-521.939
1274.1	-522.49
1275.59	-523.06
1277.05	-523.652
1278.49	-524.264
1279.92	-524.897
1281.33	-525.55
1282.71	-526.227
1284.08	-526.928
1285.43	-527.657
1286.76	-528.413
1288.08	-529.196
1289.38	-530.009
1290.65	-530.847
1291.9	-531.717
1293.14	-532.619
1294.34	-533.553
1295.52	-534.518
1296.68	-535.511
1297.8	-536.532
1298.9	-537.579
1299.96	-538.656
1301	-539.76
1302.01	-540.892
1302.99	-542.054
1303.93	-543.242
1304.84	-544.453
1305.71	-545.691
1306.55	-546.956
1307.35	-548.245
1308.12	-549.554
1308.84	-550.882
1309.53	-552.228
1310.18	-553.596
1310.79	-554.983
1311.37	-556.387
1311.9	-557.807
1312.4	-559.244
1312.86	-560.692
1313.28	-562.154
1313.66	-563.63
1314	-565.114
1314.3	-566.613
1314.57	-568.123
1314.8	-569.643
1314.99	-571.172
1315.14	-572.71
1315.26	-574.253
1315.33	-575.807
1315.36	-577.369
1315.34	-578.94
1315.29	-580.516
1315.19	-582.092
1315.04	-583.665
1314.85	-585.242
1314.62	-586.819
1314.33	-588.397
1314.01	-589.976
1313.63	-591.546
1313.21	-593.111
1312.75	-594.665
1312.23	-596.212
1311.67	-597.741
1311.06	-599.261
1310.4	-600.766
1309.7	-602.253
1308.95	-603.717
1308.17	-605.159
1307.34	-606.579
1306.46	-607.977
1305.54	-609.351
1304.58	-610.701
1303.57	-612.022
1302.52	-613.318
1301.43	-614.586
1300.3	-615.826
1299.13	-617.04
1297.92	-618.226
1296.67	-619.38
1295.39	-620.5
1294.07	-621.59
1292.72	-622.649
1291.33	-623.674
1289.91	-624.673
1288.48	-625.635
1287	-626.57
1285.51	-627.471
1283.99	-628.335
1282.45	-629.172
1280.89	-629.975
1279.31	-630.747
1277.71	-631.492
1276.09	-632.212
1274.47	-632.908
1272.82	-633.584
1271.17	-634.238
1269.51	-634.875
1267.83	-635.493
1266.14	-636.098
1264.44	-636.684
1262.73	-637.257
1261.02	-637.816
1259.3	-638.364
1257.58	-638.903
1255.86	-639.432
1254.14	-639.953
1252.42	-640.464
1250.7	-640.968
1248.98	-641.463
1247.27	-641.953
1245.56	-642.439
1243.84	-642.923
1242.12	-643.403
1240.4	-643.881
1238.69	-644.354
1236.97	-644.827
1235.26	-645.297
1233.55	-645.765
1231.84	-646.23
1230.13	-646.693
1228.43	-647.153
1226.73	-647.61
1225.04	-648.062
1223.36	-648.51
1221.69	-648.953
1220.03	-649.391
1218.37	-649.826
1216.72	-650.256
1215.07	-650.679
1213.43	-651.097
1211.8	-651.506
1210.18	-651.904
1208.57	-652.288
1206.96	-652.655
1205.35	-653.004
1203.76	-653.334
1202.18	-653.641
1200.6	-653.923
1199.04	-654.177
1197.48	-654.401
1195.93	-654.594
1194.39	-654.753
1192.85	-654.88
1191.32	-654.97
1189.8	-655.024
1188.28	-655.039
1186.76	-655.012
1185.24	-654.94
1183.73	-654.82
1182.22	-654.659
1180.73	-654.452
1179.23	-654.2
1177.75	-653.9
1176.28	-653.552
1174.83	-653.156
1173.39	-652.709
1171.96	-652.209
1170.56	-651.659
1169.17	-651.06
1167.8	-650.414
1166.46	-649.719
1165.15	-648.979
1163.87	-648.192
1162.62	-647.361
1161.4	-646.485
1160.22	-645.564
1159.07	-644.609
1157.95	-643.601
1156.87	-642.555
1155.82	-641.474
1154.81	-640.349
1153.83	-639.192
1152.88	-637.992
1151.96	-636.757
1151.08	-635.496
1150.23	-634.2
1149.42	-632.882
1148.64	-631.538
1147.91	-630.164
1147.21	-628.765
1146.57	-627.344
1145.98	-625.909
1145.44	-624.439
1144.94	-622.938
1144.49	-621.405
1144.09	-619.853
1143.74	-618.284
1143.45	-616.71
1143.2	-615.105
1143.01	-613.499
1142.87	-611.838
1142.77	-610.171
1142.72	-608.491
1142.75	-606.821
1142.23	-606.883
1142.29	-605.01
1142.24	-603.489
1142.3	-601.832
1142.2	-600.287
1142.26	-598.715
1142.32	-597.164
1142.62	-595.559
1142.77	-594.016
1142.97	-592.467
1143.15	-591.008
1143.32	-589.579
1143.53	-588.167
1143.75	-586.781
1143.99	-585.568
1144.21	-584.353
1144.45	-583.16
1144.7	-581.938
1144.93	-580.688
1145.17	-579.475
1145.4	-578.235
1145.62	-576.978
1145.86	-575.709
1146.17	-574.38
1146.53	-573.043
1146.89	-571.691
1147.18	-570.379
