0	-0
-0.00191549	0.671528
-0.0118832	1.36018
-0.0263109	2.0657
-0.0433101	2.78688
-0.0618222	3.52494
-0.0874715	4.27644
-0.118345	5.04196
-0.151259	5.82304
-0.18528	6.61576
-0.222137	7.41699
-0.265654	8.2237
-0.30849	9.03825
-0.348557	9.86133
-0.39312	10.6956
-0.438517	11.5377
-0.490395	12.3865
-0.543697	13.2436
-0.601966	14.1086
-0.659157	14.9843
-0.715097	15.8687
-0.773682	16.7576
-0.832998	17.6501
-0.893265	18.5457
-0.953695	19.4479
-1.01631	20.3563
-1.08228	21.274
-1.14736	22.1959
-1.20798	23.1242
-1.26806	24.0535
-1.32816	24.9871
-1.38771	25.923
-1.44508	26.8661
-1.49986	27.818
-1.55517	28.7772
-1.60957	29.7403
-1.65857	30.7001
-1.71439	31.6616
-1.77789	32.6263
-1.84307	33.5986
-1.90961	34.5782
-1.98182	35.5601
-2.05083	36.5425
-2.12021	37.5254
-2.18979	38.5108
-2.26784	39.4929
-2.34057	40.4703
-2.41041	41.446
-2.48594	42.4184
-2.55661	43.3908
-2.62556	44.3645
-2.70023	45.3336
-2.77792	46.293
-2.85514	47.2494
-2.93074	48.206
-3.00343	49.1651
-3.07437	50.12
-3.14648	51.0675
-3.21662	52.0101
-3.28604	52.9482
-3.35814	53.8872
-3.42862	54.8256
-3.50003	55.7621
-3.57845	56.6912
-3.65622	57.6066
-3.73416	58.5097
-3.81305	59.405
-3.89762	60.2961
-3.98016	61.1752
-4.05973	62.039
-4.13857	62.8873
-4.2181	63.7247
-4.29614	64.5475
-4.37309	65.3585
-4.4498	66.1568
-4.53108	66.9432
-4.61057	67.7167
-4.69058	68.4717
-4.77137	69.2043
-4.84789	69.9134
-4.91892	70.6058
-4.99314	71.2821
-5.06821	71.9422
-5.13729	72.58
-5.20179	73.1952
-5.25572	73.7926
-5.3104	74.3736
-5.37047	74.9425
-5.43226	75.4984
-5.4787	76.0423
-5.51434	76.5751
-5.54362	77.0959
-5.5772	77.6007
-5.60651	78.0931
-5.62095	78.5752
-5.61214	79.0452
-5.58534	79.5024
-5.54567	79.9513
-5.49133	80.3928
-5.4189	80.8259
-5.32802	81.2512
-5.21745	81.6642
-5.08818	82.0628
-4.93671	82.4454
-4.7619	82.812
-4.56523	83.162
-4.34631	83.4927
-4.10524	83.8008
-3.84466	84.0922
-3.56621	84.3684
-3.27194	84.6288
-2.96147	84.8653
-2.63636	85.0773
-2.2972	85.2657
-1.95414	85.4439
-1.60498	85.6101
-1.24776	85.754
-0.878501	85.8701
-0.496673	85.9629
-0.113311	86.0574
0.268743	86.1577
0.652174	86.2627
1.04769	86.3514
1.45546	86.4202
1.87377	86.473
2.29984	86.5183
2.73534	86.5688
3.18747	86.6243
3.65671	86.6733
4.13667	86.7141
4.63105	86.7472
5.1386	86.7741
5.6592	86.7986
6.19582	86.8233
6.75037	86.8469
7.32131	86.8695
7.91094	86.8908
8.51724	86.908
9.14183	86.9248
9.78348	86.9431
10.4421	86.959
11.1163	86.9715
11.8063	86.9857
12.5116	87.0064
13.232	87.0303
13.9695	87.0586
14.7227	87.0911
15.491	87.13
16.2735	87.1764
17.0674	87.2267
17.8653	87.2812
18.6653	87.3371
19.468	87.3989
20.2768	87.4577
21.0852	87.5144
21.8976	87.5731
22.707	87.627
23.5162	87.6839
24.3228	87.7416
25.1278	87.8
25.9297	87.8571
26.7326	87.913
27.5352	87.965
28.3386	88.0119
29.1391	88.0532
29.9336	88.0855
30.7247	88.1095
31.5145	88.1252
32.3029	88.1317
33.089	88.1323
33.8706	88.1203
34.6474	88.1018
35.42	88.0747
36.1865	88.0414
36.9459	87.9984
37.699	87.9468
38.4438	87.889
39.181	87.8256
39.9106	87.7549
40.6333	87.6786
41.3475	87.5987
42.0501	87.517
42.7447	87.4389
43.4222	87.3606
44.0843	87.2847
44.732	87.2087
45.3623	87.1394
45.9787	87.077
46.576	87.0241
47.1535	86.9817
47.7121	86.9509
48.254	86.9328
48.7844	86.9284
49.312	86.9406
49.837	86.9696
50.3627	87.0171
50.8838	87.0844
51.3996	87.1765
51.9085	87.2959
52.4057	87.443
52.8897	87.6181
53.3597	87.8182
53.8093	88.043
54.2353	88.2954
54.6362	88.57
55.0138	88.8762
55.3639	89.2081
55.6918	89.5601
55.9941	89.9314
56.2721	90.3289
56.5233	90.7468
56.7454	91.1791
56.9469	91.6245
57.1163	92.0772
57.2645	92.5376
57.3917	93.0098
57.5085	93.4877
57.6236	93.9745
57.745	94.4663
57.858	94.9648
57.9574	95.4725
58.0513	95.9882
58.1463	96.5177
58.2439	97.0476
58.3531	97.587
58.4717	98.1363
58.5936	98.6919
58.7227	99.2669
58.8462	99.8459
58.9766	100.448
59.1191	101.054
59.2755	101.68
59.4307	102.309
59.591	102.945
59.756	103.588
59.9185	104.24
60.078	104.906
60.2383	105.588
60.4054	106.289
60.5776	107.004
60.7453	107.729
60.9074	108.46
61.0662	109.198
61.2328	109.946
61.402	110.706
61.5719	111.482
61.7439	112.268
61.9127	113.064
62.086	113.868
62.2626	114.677
62.4334	115.493
62.597	116.313
62.7619	117.137
62.9273	117.969
63.0947	118.808
63.2697	119.652
63.453	120.495
63.6397	121.337
63.8383	122.18
64.0379	123.022
64.2299	123.866
64.4189	124.712
64.6052	125.561
64.7924	126.404
64.982	127.233
65.1783	128.048
65.3755	128.867
65.5692	129.706
65.7646	130.554
65.9569	131.394
66.134	132.211
66.3044	133.017
66.4832	133.826
66.667	134.641
66.8438	135.459
67.0146	136.274
67.1827	137.085
67.3382	137.897
67.4885	138.707
67.645	139.516
67.8054	140.325
67.9641	141.128
68.1214	141.925
68.2799	142.719
68.4314	143.515
68.5732	144.319
68.7094	145.126
68.8468	145.933
68.9653	146.735
69.0828	147.531
69.2027	148.323
69.3207	149.123
69.4306	149.936
69.5238	150.755
69.6073	151.573
69.6919	152.388
69.7748	153.209
69.8496	154.037
69.9117	154.873
69.9655	155.708
70.0204	156.54
70.0702	157.371
70.1178	158.198
70.1547	159.021
70.1838	159.844
70.2167	160.668
70.2502	161.503
70.2769	162.341
70.3041	163.175
70.3335	163.994
70.3707	164.806
70.3951	165.623
70.3994	166.449
70.404	167.282
70.4124	168.117
70.4165	168.952
70.4127	169.785
70.4002	170.612
70.3897	171.436
70.3812	172.268
70.3474	173.114
70.294	173.967
70.2438	174.816
70.1976	175.655
70.1481	176.485
70.0847	177.318
70.0335	178.159
69.9933	179.011
69.9417	179.87
69.8843	180.726
69.8306	181.575
69.7784	182.415
69.7383	183.253
69.6977	184.098
69.6369	184.951
69.5696	185.806
69.5074	186.653
69.4493	187.489
69.387	188.321
69.3164	189.154
69.2504	189.989
69.1835	190.823
69.1169	191.652
69.0492	192.473
68.9893	193.286
68.9231	194.087
68.8574	194.888
68.7938	195.688
68.7338	196.479
68.678	197.248
68.6191	197.995
68.5577	198.724
68.5007	199.433
68.4512	200.124
68.4052	200.801
68.3605	201.473
68.3153	202.146
68.2662	202.827
68.2213	203.496
68.1889	204.153
68.1665	204.801
68.1461	205.445
68.1256	206.09
68.1127	206.738
68.1105	207.387
68.1179	208.034
68.1256	208.671
68.1269	209.309
68.124	209.947
68.1242	210.59
68.1259	211.236
68.1255	211.884
68.1117	212.527
68.1	213.167
68.0982	213.81
68.102	214.46
68.0931	215.124
68.0694	215.797
68.0594	216.476
68.0545	217.155
68.0405	217.824
68.0114	218.494
67.99	219.166
67.9801	219.847
67.9683	220.541
67.9554	221.236
67.9351	221.93
67.9127	222.618
67.8941	223.303
67.8801	223.992
67.8572	224.682
67.8304	225.372
67.8053	226.059
67.7801	226.738
67.7564	227.408
67.7323	228.071
67.7054	228.731
67.6728	229.387
67.6496	230.037
67.6285	230.675
67.6054	231.296
67.5769	231.899
67.5521	232.486
67.5324	233.049
67.5053	233.591
67.4682	234.113
67.4198	234.619
67.3619	235.112
67.2961	235.599
67.2104	236.079
67.1121	236.548
67.0035	237.007
66.8734	237.446
66.7179	237.869
66.5439	238.282
66.3491	238.679
66.1288	239.056
65.8865	239.412
65.6268	239.75
65.3537	240.074
65.0655	240.384
64.758	240.682
64.4291	240.965
64.0862	241.223
63.7338	241.454
63.3736	241.664
63.0068	241.851
62.6307	242.023
62.2529	242.175
61.8587	242.308
61.4406	242.42
61.0035	242.511
60.5496	242.581
60.08	242.638
59.598	242.678
59.1066	242.702
58.604	242.714
58.0892	242.715
57.563	242.707
57.0248	242.69
56.4742	242.663
55.9124	242.629
55.3416	242.591
54.7562	242.554
54.1524	242.515
53.5319	242.475
52.892	242.434
52.2329	242.391
51.5525	242.349
50.8531	242.306
50.1335	242.265
49.3906	242.221
48.6262	242.175
47.8387	242.128
47.0284	242.084
46.1977	242.044
45.3489	242.003
44.4839	241.961
43.6041	241.919
42.7133	241.878
41.8186	241.838
40.9277	241.797
40.0406	241.751
39.1554	241.708
38.2672	241.664
37.3733	241.618
36.4795	241.568
35.5896	241.516
34.7063	241.462
33.826	241.403
32.9498	241.337
32.0752	241.271
31.2024	241.205
30.3321	241.133
29.4681	241.059
28.6063	240.988
27.7471	240.919
26.8897	240.853
26.0359	240.792
25.1847	240.734
24.3381	240.68
23.4938	240.631
22.6547	240.588
21.8228	240.536
20.9939	240.483
20.1677	240.44
19.3419	240.395
18.5189	240.342
17.7028	240.286
16.8926	240.232
16.0873	240.175
15.2842	240.114
14.4843	240.051
13.6873	239.982
12.893	239.909
12.1013	239.833
11.313	239.753
10.5311	239.668
9.75763	239.581
8.99274	239.493
8.23687	239.404
7.49011	239.317
6.75639	239.234
6.03887	239.153
5.33484	239.072
4.64675	238.995
3.97152	238.922
3.30995	238.854
2.66105	238.789
2.02851	238.725
1.40999	238.668
0.80515	238.616
0.213811	238.568
-0.364449	238.519
-0.928468	238.474
-1.47278	238.432
-1.99956	238.398
-2.50821	238.367
-3.00247	238.34
-3.48001	238.318
-3.94088	238.297
-4.38646	238.277
-4.81517	238.261
-5.22665	238.252
-5.62155	238.244
-5.99764	238.24
-6.35607	238.241
-6.69735	238.242
-7.01855	238.243
-7.31756	238.246
-7.5942	238.25
-7.84517	238.255
-8.06859	238.262
-8.26253	238.27
-8.43188	238.277
-8.57816	238.282
-8.69739	238.286
-8.79039	238.288
-8.86597	238.292
-8.92925	238.295
-8.98232	238.296
-9.0241	238.297
-9.05384	238.297
-9.07075	238.298
-9.0768	238.298
-9.07292	238.298
-9.06772	238.298
-9.06698	238.297
-9.0674	238.297
-9.06678	238.297
-9.06642	238.297
-9.06822	238.298
-9.07376	238.298
-9.08315	238.299
-9.09714	238.3
-9.115	238.301
-9.1367	238.301
-9.16188	238.302
-9.19383	238.303
-9.23683	238.304
-9.29537	238.307
-9.37351	238.31
-9.47244	238.316
-9.59125	238.323
-9.72851	238.334
-9.88481	238.348
-10.0601	238.365
-10.2514	238.386
-10.4571	238.411
-10.6773	238.446
-10.9115	238.491
-11.1572	238.541
-11.4063	238.598
-11.6598	238.672
-11.9214	238.758
-12.1886	238.859
-12.4604	238.977
-12.7399	239.107
-13.0263	239.25
-13.3138	239.409
-13.6002	239.589
-13.88	239.798
-14.1527	240.033
-14.4184	240.289
-14.6781	240.566
-14.9301	240.867
-15.1783	241.197
-15.4148	241.557
-15.635	241.953
-15.8335	242.378
-16.0134	242.828
-16.1793	243.305
-16.3274	243.801
-16.4609	244.32
-16.5797	244.863
-16.6793	245.43
-16.7646	246.019
-16.8377	246.628
-16.8953	247.252
-16.9447	247.892
-16.9887	248.547
-17.029	249.218
-17.0665	249.903
-17.1006	250.603
-17.1307	251.318
-17.16	252.048
-17.1891	252.795
-17.2196	253.559
-17.2505	254.339
-17.28	255.136
-17.3102	255.947
-17.3426	256.77
-17.3766	257.605
-17.4162	258.453
-17.4616	259.312
-17.5075	260.189
-17.5514	261.083
-17.5935	261.991
-17.6323	262.905
-17.6688	263.827
-17.7071	264.756
-17.75	265.697
-17.7972	266.652
-17.8475	267.621
-17.9028	268.605
-17.9565	269.603
-18.0099	270.612
-18.0623	271.627
-18.1133	272.646
-18.1637	273.671
-18.2161	274.704
-18.2686	275.746
-18.3246	276.794
-18.3806	277.849
-18.4406	278.907
-18.5002	279.961
-18.5606	281.014
-18.6269	282.071
-18.6964	283.134
-18.7684	284.199
-18.8427	285.264
-18.9188	286.327
-18.9963	287.385
-19.075	288.436
-19.1517	289.482
-19.2257	290.525
-19.2997	291.559
-19.3716	292.591
-19.4452	293.618
-19.5196	294.645
-19.595	295.669
-19.6697	296.688
-19.7438	297.705
-19.8173	298.725
-19.8906	299.745
-19.9648	300.758
-20.0381	301.764
-20.1091	302.769
-20.1817	303.776
-20.2543	304.783
-20.3268	305.789
-20.3967	306.8
-20.4667	307.813
-20.5352	308.827
-20.6044	309.843
-20.6754	310.863
-20.7448	311.887
-20.8132	312.916
-20.8801	313.948
-20.9478	314.983
-21.0164	316.025
-21.0809	317.067
-21.1491	318.108
-21.2159	319.156
-21.2803	320.216
-21.3484	321.279
-21.4179	322.34
-21.4839	323.401
-21.5516	324.458
-21.6152	325.511
-21.6768	326.557
-21.7398	327.602
-21.8013	328.648
-21.8649	329.693
-21.9276	330.736
-21.9888	331.777
-22.0498	332.811
-22.1116	333.837
-22.173	334.857
-22.2365	335.874
-22.301	336.885
-22.3639	337.889
-22.4291	338.884
-22.4934	339.87
-22.5579	340.846
-22.6229	341.811
-22.6888	342.769
-22.7582	343.72
-22.8303	344.658
-22.9007	345.584
-22.9712	346.5
-23.0433	347.404
-23.1145	348.293
-23.1837	349.169
-23.2481	350.031
-23.3125	350.879
-23.3749	351.71
-23.4302	352.523
-23.4827	353.317
-23.5338	354.089
-23.5795	354.841
-23.6236	355.571
-23.6695	356.279
-23.7109	356.963
-23.7485	357.622
-23.7852	358.256
-23.8212	358.873
-23.855	359.472
-23.8863	360.051
-23.9181	360.609
-23.9513	361.141
-23.9864	361.648
-24.0251	362.134
-24.0671	362.601
-24.1143	363.052
-24.17	363.49
-24.2397	363.922
-24.3221	364.346
-24.4158	364.767
-24.5191	365.18
-24.6355	365.577
-24.7701	365.962
-24.9266	366.334
-25.1006	366.692
-25.2884	367.04
-25.4865	367.38
-25.7065	367.705
-25.9471	368.019
-26.215	368.328
-26.5035	368.639
-26.8158	368.949
-27.1511	369.249
-27.5172	369.536
-27.9166	369.799
-28.3419	370.041
-28.7948	370.259
-29.276	370.44
-29.7804	370.587
-30.3019	370.708
-30.8404	370.812
-31.4022	370.872
-31.9825	370.884
-32.5736	370.864
-33.1696	370.823
-33.7729	370.769
-34.3892	370.703
-35.0147	370.629
-35.645	370.549
-36.275	370.46
-36.9032	370.372
-37.5428	370.291
-38.2016	370.216
-38.8802	370.141
-39.5725	370.065
-40.2712	369.983
-40.9796	369.897
-41.699	369.809
-42.4284	369.723
-43.1728	369.639
-43.9332	369.559
-44.7133	369.482
-45.5096	369.405
-46.3174	369.331
-47.1398	369.259
-47.977	369.191
-48.8347	369.126
-49.7089	369.059
-50.5961	368.996
-51.4911	368.936
-52.3894	368.878
-53.2924	368.816
-54.2004	368.756
-55.1163	368.7
-56.0389	368.644
-56.9669	368.587
-57.8964	368.531
-58.824	368.472
-59.7491	368.409
-60.6711	368.344
-61.5894	368.279
-62.5068	368.216
-63.4186	368.149
-64.3266	368.081
-65.2348	368.015
-66.144	367.941
-67.0549	367.864
-67.9596	367.782
-68.8582	367.693
-69.7538	367.604
-70.6452	367.518
-71.5365	367.435
-72.4303	367.347
-73.3239	367.256
-74.2148	367.172
-75.0982	367.085
-75.9819	367
-76.8674	366.918
-77.7543	366.841
-78.6381	366.769
-79.5194	366.702
-80.3994	366.641
-81.2771	366.585
-82.1514	366.534
-83.0242	366.487
-83.8948	366.443
-84.7649	366.405
-85.6331	366.371
-86.5001	366.34
-87.3658	366.314
-88.2287	366.292
-89.0857	366.276
-89.9301	366.264
-90.7579	366.255
-91.5665	366.246
-92.3583	366.24
-93.1312	366.233
-93.8809	366.227
-94.6099	366.218
-95.3162	366.21
-96.0003	366.198
-96.6586	366.184
-97.2901	366.164
-97.8986	366.141
-98.497	366.113
-99.0927	366.079
-99.6881	366.039
-100.283	365.998
-100.872	365.951
-101.455	365.899
-102.035	365.842
-102.613	365.784
-103.188	365.725
-103.765	365.66
-104.348	365.59
-104.936	365.516
-105.53	365.443
-106.131	365.369
-106.736	365.287
-107.347	365.197
-107.965	365.108
-108.591	365.022
-109.228	364.938
-109.876	364.849
-110.538	364.758
-111.215	364.663
-111.911	364.568
-112.619	364.472
-113.333	364.378
-114.049	364.283
-114.772	364.189
-115.523	364.096
-116.307	364.009
-117.118	363.922
-117.93	363.839
-118.738	363.758
-119.554	363.674
-120.392	363.591
-121.263	363.505
-122.157	363.42
-123.057	363.343
-123.955	363.275
-124.861	363.22
-125.786	363.18
-126.738	363.143
-127.71	363.11
-128.691	363.081
-129.671	363.054
-130.653	363.029
-131.64	363.006
-132.635	362.986
-133.634	362.967
-134.633	362.943
-135.636	362.915
-136.641	362.884
-137.641	362.851
-138.633	362.818
-139.621	362.785
-140.613	362.75
-141.612	362.711
-142.606	362.664
-143.592	362.611
-144.569	362.551
-145.542	362.487
-146.513	362.427
-147.484	362.37
-148.455	362.31
-149.426	362.251
-150.396	362.188
-151.36	362.121
-152.317	362.047
-153.264	361.967
-154.212	361.887
-155.164	361.81
-156.117	361.732
-157.064	361.651
-158.005	361.573
-158.941	361.492
-159.874	361.408
-160.802	361.322
-161.728	361.237
-162.646	361.153
-163.561	361.075
-164.473	361.001
-165.385	360.927
-166.297	360.856
-167.206	360.788
-168.103	360.721
-168.988	360.652
-169.86	360.586
-170.721	360.521
-171.571	360.456
-172.408	360.392
-173.228	360.335
-174.021	360.284
-174.792	360.233
-175.547	360.179
-176.291	360.132
-177.019	360.089
-177.72	360.038
-178.392	359.984
-179.037	359.927
-179.664	359.871
-180.277	359.809
-180.88	359.748
-181.475	359.688
-182.056	359.626
-182.625	359.561
-183.178	359.49
-183.718	359.409
-184.248	359.315
-184.771	359.205
-185.284	359.075
-185.788	358.923
-186.282	358.752
-186.762	358.558
-187.226	358.341
-187.673	358.098
-188.103	357.831
-188.514	357.536
-188.905	357.212
-189.276	356.86
-189.626	356.478
-189.954	356.07
-190.262	355.634
-190.542	355.167
-190.791	354.672
-191.014	354.149
-191.209	353.607
-191.38	353.049
-191.517	352.472
-191.619	351.88
-191.688	351.274
-191.731	350.655
-191.756	350.023
-191.77	349.376
-191.78	348.718
-191.784	348.056
-191.781	347.387
-191.773	346.711
-191.754	346.024
-191.718	345.32
-191.667	344.602
-191.613	343.87
-191.557	343.13
-191.491	342.378
-191.418	341.614
-191.345	340.839
-191.27	340.05
-191.192	339.246
-191.105	338.429
-191.007	337.601
-190.908	336.762
-190.806	335.911
-190.699	335.051
-190.589	334.18
-190.48	333.294
-190.374	332.395
-190.267	331.482
-190.159	330.565
-190.055	329.643
-189.952	328.715
-189.85	327.783
-189.753	326.846
-189.658	325.903
-189.566	324.959
-189.475	324.018
-189.384	323.082
-189.293	322.148
-189.208	321.211
-189.124	320.272
-189.046	319.336
-188.971	318.404
-188.894	317.472
-188.813	316.538
-188.73	315.602
-188.651	314.661
-188.575	313.715
-188.499	312.766
-188.43	311.815
-188.373	310.859
-188.321	309.905
-188.262	308.948
-188.202	307.982
-188.146	307.013
-188.087	306.053
-188.016	305.103
-187.946	304.158
-187.887	303.211
-187.826	302.261
-187.761	301.312
-187.699	300.364
-187.636	299.423
-187.574	298.488
-187.516	297.554
-187.464	296.619
-187.412	295.69
-187.361	294.764
-187.317	293.837
-187.27	292.904
-187.225	291.971
-187.181	291.045
-187.134	290.123
-187.087	289.199
-187.043	288.27
-186.994	287.338
-186.942	286.406
-186.873	285.476
-186.796	284.543
-186.726	283.6
-186.655	282.654
-186.583	281.706
-186.515	280.767
-186.452	279.827
-186.386	278.878
-186.311	277.919
-186.235	276.954
-186.159	275.989
-186.091	275.027
-186.025	274.065
-185.964	273.097
-185.901	272.121
-185.845	271.133
-185.788	270.147
-185.729	269.164
-185.667	268.183
-185.612	267.199
-185.554	266.215
-185.487	265.232
-185.417	264.243
-185.346	263.257
-185.273	262.277
-185.2	261.3
-185.126	260.322
-185.05	259.337
-184.97	258.343
-184.881	257.347
-184.794	256.354
-184.711	255.364
-184.628	254.378
-184.545	253.387
-184.461	252.383
-184.372	251.367
-184.276	250.352
-184.181	249.343
-184.088	248.342
-183.998	247.35
-183.915	246.36
-183.835	245.373
-183.756	244.387
-183.68	243.403
-183.603	242.417
-183.528	241.437
-183.452	240.464
-183.376	239.498
-183.302	238.536
-183.233	237.577
-183.166	236.624
-183.1	235.682
-183.043	234.746
-182.986	233.824
-182.922	232.92
-182.87	232.031
-182.819	231.15
-182.745	230.283
-182.672	229.434
-182.617	228.594
-182.566	227.762
-182.51	226.935
-182.463	226.128
-182.425	225.335
-182.394	224.563
-182.363	223.807
-182.335	223.072
-182.308	222.354
-182.286	221.662
-182.27	220.989
-182.256	220.339
-182.242	219.714
-182.225	219.106
-182.209	218.52
-182.191	217.957
-182.166	217.417
-182.132	216.9
-182.092	216.407
-182.051	215.94
-182.003	215.492
-181.941	215.053
-181.862	214.621
-181.766	214.197
-181.653	213.781
-181.521	213.376
-181.366	212.984
-181.188	212.606
-180.99	212.244
-180.778	211.891
-180.547	211.537
-180.295	211.182
-180.017	210.828
-179.709	210.478
-179.372	210.13
-179.007	209.786
-178.614	209.458
-178.19	209.15
-177.734	208.862
-177.249	208.593
-176.74	208.34
-176.206	208.11
-175.642	207.904
-175.053	207.727
-174.437	207.583
-173.805	207.474
-173.15	207.387
-172.477	207.315
-171.798	207.262
-171.111	207.23
-170.41	207.214
-169.699	207.206
-168.972	207.201
-168.229	207.198
-167.483	207.199
-166.733	207.202
-165.981	207.205
-165.227	207.212
-164.462	207.224
-163.68	207.237
-162.883	207.25
-162.075	207.266
-161.263	207.283
-160.448	207.301
-159.627	207.321
-158.794	207.345
-157.953	207.373
-157.103	207.408
-156.246	207.443
-155.377	207.476
-154.495	207.506
-153.606	207.54
-152.714	207.577
-151.82	207.61
-150.92	207.646
-150.014	207.692
-149.107	207.746
-148.206	207.804
-147.307	207.863
-146.406	207.931
-145.505	208.003
-144.61	208.079
-143.724	208.166
-142.837	208.256
-141.942	208.343
-141.049	208.439
-140.16	208.541
-139.279	208.636
-138.402	208.73
-137.526	208.826
-136.653	208.923
-135.787	209.022
-134.926	209.115
-134.077	209.203
-133.236	209.291
-132.405	209.37
-131.584	209.443
-130.778	209.517
-129.987	209.591
-129.211	209.663
-128.453	209.729
-127.715	209.785
-126.998	209.836
-126.302	209.88
-125.625	209.915
-124.971	209.943
-124.337	209.966
-123.717	209.984
-123.103	210.005
-122.495	210.019
-121.889	210.029
-121.283	210.042
-120.682	210.05
-120.079	210.053
-119.476	210.051
-118.879	210.052
-118.286	210.057
-117.691	210.069
-117.1	210.079
-116.518	210.084
-115.939	210.09
-115.364	210.11
-114.794	210.139
-114.222	210.184
-113.648	210.245
-113.083	210.325
-112.527	210.419
-111.973	210.531
-111.424	210.661
-110.885	210.816
-110.358	210.999
-109.845	211.202
-109.348	211.426
-108.87	211.672
-108.41	211.941
-107.97	212.234
-107.549	212.547
-107.144	212.884
-106.76	213.248
-106.392	213.629
-106.036	214.027
-105.701	214.448
-105.393	214.889
-105.114	215.347
-104.855	215.812
-104.619	216.289
-104.411	216.776
-104.23	217.275
-104.074	217.779
-103.937	218.29
-103.813	218.813
-103.705	219.336
-103.615	219.856
-103.525	220.377
-103.425	220.892
-103.323	221.403
-103.221	221.91
-103.125	222.416
-103.028	222.917
-102.916	223.409
-102.794	223.891
-102.666	224.366
-102.531	224.83
-102.388	225.282
-102.227	225.719
-102.04	226.132
-101.822	226.504
-101.598	226.845
-101.379	227.169
-101.158	227.489
-100.924	227.803
-100.659	228.098
-100.36	228.357
-100.041	228.587
-99.7206	228.798
-99.3955	228.992
-99.0619	229.166
-98.7212	229.323
-98.3731	229.474
-98.0163	229.615
-97.6463	229.745
-97.2591	229.86
-96.8536	229.957
-96.4337	230.042
-96.0021	230.119
-95.5596	230.191
-95.108	230.259
-94.6426	230.328
-94.1625	230.394
-93.6673	230.457
-93.1547	230.512
-92.6246	230.558
-92.0759	230.597
-91.5094	230.637
-90.9278	230.681
-90.33	230.729
-89.7153	230.781
-89.0866	230.833
-88.441	230.886
-87.7806	230.94
-87.1052	230.991
-86.4151	231.043
-85.7076	231.095
-84.9842	231.147
-84.2452	231.2
-83.4929	231.251
-82.7277	231.298
-81.9527	231.345
-81.1699	231.389
-80.3811	231.432
-79.5875	231.473
-78.7824	231.51
-77.9689	231.547
-77.1467	231.587
-76.3177	231.626
-75.4836	231.663
-74.6405	231.702
-73.789	231.74
-72.9282	231.774
-72.0628	231.806
-71.1905	231.84
-70.316	231.872
-69.4386	231.908
-68.5612	231.949
-67.6851	231.994
-66.8123	232.045
-65.9414	232.098
-65.0706	232.152
-64.2028	232.208
-63.3359	232.267
-62.4696	232.325
-61.6018	232.388
-60.7429	232.442
-59.8968	232.499
-59.0599	232.565
-58.226	232.626
-57.3866	232.681
-56.543	232.739
-55.7022	232.803
-54.8717	232.865
-54.052	232.92
-53.2358	232.974
-52.4188	233.031
-51.6022	233.093
-50.7914	233.157
-49.9874	233.221
-49.1894	233.284
-48.3943	233.347
-47.6013	233.41
-46.8098	233.475
-46.0225	233.541
-45.2446	233.608
-44.4777	233.674
-43.7266	233.74
-42.9911	233.809
-42.2734	233.879
-41.5732	233.947
-40.8823	234.016
-40.1957	234.085
-39.5121	234.151
-38.8315	234.215
-38.1538	234.282
-37.4783	234.344
-36.8066	234.402
-36.1407	234.456
-35.4873	234.509
-34.8499	234.561
-34.2296	234.609
-33.626	234.655
-33.0391	234.697
-32.4708	234.736
-31.9223	234.771
-31.3939	234.801
-30.8867	234.827
-30.3977	234.847
-29.9239	234.861
-29.4634	234.868
-29.0192	234.87
-28.5913	234.868
-28.1801	234.862
-27.7839	234.851
-27.4039	234.838
-27.0392	234.821
-26.6907	234.798
-26.363	234.767
-26.0528	234.728
-25.7572	234.687
-25.4776	234.65
-25.2181	234.615
-24.9819	234.583
-24.7678	234.548
-24.5776	234.51
-24.4095	234.47
-24.2483	234.429
-24.0871	234.385
-23.9251	234.333
-23.763	234.282
-23.6036	234.231
-23.4454	234.18
-23.2883	234.127
-23.1324	234.072
-22.9756	234.014
-22.814	233.952
-22.6411	233.88
-22.4521	233.796
-22.2473	233.697
-22.0277	233.579
-21.7974	233.443
-21.5571	233.291
-21.3067	233.117
-21.0489	232.923
-20.7842	232.71
-20.5141	232.474
-20.2438	232.208
-19.9774	231.912
-19.7196	231.585
-19.4715	231.231
-19.2399	230.851
-19.0192	230.448
-18.8131	230.016
-18.6251	229.553
-18.4596	229.06
-18.3193	228.537
-18.1903	227.987
-18.0717	227.405
-17.9662	226.795
-17.8773	226.157
-17.8014	225.492
-17.7349	224.805
-17.6751	224.092
-17.6227	223.355
-17.5774	222.593
-17.5439	221.808
-17.5229	221
-17.5041	220.172
-17.4865	219.32
-17.4668	218.452
-17.4515	217.562
-17.4374	216.649
-17.4208	215.715
-17.4024	214.761
-17.3826	213.786
-17.3602	212.793
-17.3384	211.782
-17.3136	210.752
-17.2877	209.708
-17.2607	208.648
-17.229	207.575
-17.1879	206.496
-17.142	205.403
-17.088	204.294
-17.0305	203.176
-16.9718	202.044
-16.9106	200.902
-16.8493	199.748
-16.7835	198.588
-16.7149	197.425
-16.642	196.253
-16.5641	195.07
-16.4837	193.891
-16.4024	192.71
-16.3213	191.522
-16.2412	190.332
-16.1606	189.142
-16.0785	187.947
-15.9935	186.749
-15.9063	185.548
-15.8199	184.34
-15.736	183.118
-15.6527	181.899
-15.5738	180.677
-15.4964	179.447
-15.4224	178.211
-15.3492	176.968
-15.2778	175.719
-15.207	174.468
-15.1374	173.209
-15.0716	171.944
-15.0084	170.672
-14.9488	169.394
-14.8912	168.104
-14.8334	166.811
-14.7747	165.514
-14.7144	164.211
-14.6534	162.898
-14.593	161.582
-14.534	160.268
-14.4781	158.948
-14.4214	157.628
-14.3642	156.302
-14.3077	154.969
-14.2488	153.633
-14.189	152.297
-14.1281	150.962
-14.0667	149.627
-14.0059	148.288
-13.944	146.946
-13.8795	145.605
-13.8136	144.265
-13.7464	142.928
-13.6798	141.59
-13.6119	140.256
-13.5433	138.924
-13.4739	137.597
-13.4027	136.272
-13.3312	134.949
-13.2597	133.631
-13.1851	132.317
-13.1089	131.005
-13.0308	129.693
-12.9524	128.381
-12.8769	127.073
-12.8006	125.776
-12.7238	124.485
-12.6433	123.194
-12.5625	121.907
-12.483	120.624
-12.4037	119.348
-12.3258	118.08
-12.2452	116.826
-12.1669	115.587
-12.0864	114.359
-12.0058	113.143
-11.9284	111.945
-11.8548	110.766
-11.7819	109.608
-11.7146	108.469
-11.6485	107.351
-11.5853	106.251
-11.5232	105.165
-11.465	104.097
-11.4087	103.046
-11.3572	102.017
-11.307	101.011
-11.2589	100.029
-11.2127	99.0742
-11.1681	98.1444
-11.1244	97.2416
-11.0832	96.3632
-11.0452	95.5101
-11.0097	94.6812
-10.9762	93.8759
-10.9446	93.093
-10.9122	92.3343
-10.8739	91.5982
-10.8275	90.8856
-10.7666	90.1949
-10.6892	89.5264
-10.5951	88.8803
-10.4839	88.2566
-10.3498	87.6578
-10.192	87.0831
-10.0105	86.5317
-9.80741	85.9999
-9.58236	85.4815
-9.33101	84.98
-9.05289	84.4995
-8.75177	84.0361
-8.429	83.5914
-8.08557	83.1646
-7.71959	82.7616
-7.33445	82.3815
-6.92874	82.0255
-6.50308	81.6929
-6.05921	81.3902
-5.59564	81.1151
-5.11232	80.8658
-4.61581	80.649
-4.11004	80.4671
-3.59352	80.3096
-3.07478	80.1746
-2.54851	80.0652
-2.01393	79.9908
-1.46787	79.9289
-0.923691	79.8787
-0.373746	79.832
0.182616	79.7985
0.742015	79.7771
1.30761	79.7594
1.8875	79.7395
2.48097	79.7197
3.08577	79.7075
3.70157	79.6997
4.32465	79.6887
4.96025	79.6732
5.60755	79.6551
6.26748	79.6375
6.93961	79.6205
7.6277	79.6052
8.33024	79.5894
9.04766	79.5712
9.77921	79.5511
10.5265	79.5324
11.2893	79.5204
12.0675	79.5139
12.8626	79.5131
13.6767	79.5208
14.5066	79.5414
15.3524	79.577
16.2121	79.6224
17.0823	79.6776
17.9574	79.7433
18.8402	79.8183
19.7276	79.9018
20.6208	79.989
21.5115	80.0764
22.4002	80.1591
23.2869	80.237
24.169	80.3084
25.048	80.3709
25.924	80.4236
26.7986	80.4654
27.672	80.495
28.5411	80.5125
29.4043	80.5174
30.263	80.5102
31.1207	80.4927
31.9778	80.4643
32.8349	80.4275
33.69	80.3799
34.544	80.3267
35.3977	80.2696
36.255	80.2111
37.1152	80.1493
37.9818	80.0878
38.8586	80.0268
39.7439	79.968
40.6389	79.9117
41.543	79.8568
42.4523	79.8047
43.3648	79.7556
44.272	79.7063
45.1788	79.6596
46.0859	79.6102
46.9895	79.5563
47.8897	79.4934
48.7836	79.4162
49.672	79.3258
50.56	79.2133
51.4447	79.0774
52.3272	78.9224
53.1979	78.7507
54.0596	78.5586
54.9112	78.3455
55.7601	78.1162
56.5997	77.8726
57.4319	77.6122
58.2628	77.3452
59.0977	77.0654
59.9391	76.7724
60.7842	76.4785
61.6229	76.18
62.4505	75.8784
63.2761	75.5785
64.1086	75.2778
64.9555	74.976
65.8117	74.6708
66.6729	74.3607
67.5342	74.0436
68.3948	73.7208
69.2545	73.3909
70.1153	73.0484
70.9762	72.6864
71.8378	72.3099
72.6966	71.9199
73.5522	71.5133
74.4139	71.0935
75.2866	70.6646
76.1652	70.224
77.0445	69.7808
77.9241	69.334
78.8041	68.8876
79.6864	68.4435
80.5647	68.0013
81.4406	67.5617
82.3113	67.1236
83.1792	66.6828
84.0422	66.2369
84.9008	65.7859
85.7482	65.3207
86.5854	64.8428
87.4144	64.3596
88.2312	63.8657
89.037	63.3617
89.8303	62.8475
90.611	62.3246
91.3833	61.7912
92.1438	61.2458
92.894	60.6892
93.6299	60.1253
94.3534	59.5546
95.0658	58.978
95.7684	58.398
96.4637	57.8197
97.1499	57.2466
97.8263	56.6823
98.4915	56.1266
99.1455	55.586
99.7875	55.0624
100.416	54.5555
101.03	54.0676
101.631	53.5995
102.218	53.152
102.788	52.7214
103.34	52.3063
103.884	51.8995
104.424	51.4955
104.956	51.091
105.482	50.6826
106.009	50.2719
106.538	49.8585
107.067	49.4436
107.588	49.0287
108.1	48.6204
108.608	48.2094
109.12	47.7926
109.639	47.3701
110.165	46.9402
110.694	46.5037
111.23	46.0619
111.771	45.6116
112.323	45.1544
112.886	44.6958
113.458	44.2385
114.035	43.7833
114.627	43.3335
115.233	42.8824
115.853	42.4322
116.482	41.9812
117.122	41.5349
117.77	41.0839
118.432	40.6282
119.1	40.1514
119.779	39.6659
120.469	39.1807
121.165	38.688
121.863	38.1818
122.571	37.6705
123.291	37.1536
124.021	36.6223
124.758	36.0815
125.504	35.543
126.26	34.9988
127.019	34.4432
127.784	33.8767
128.56	33.3103
129.335	32.7371
130.109	32.1673
130.879	31.6033
131.648	31.042
132.423	30.4811
133.199	29.9131
133.972	29.3419
134.74	28.7692
135.511	28.2056
136.281	27.6442
137.043	27.0804
137.823	26.5326
138.604	25.9868
139.382	25.4389
140.16	24.8939
140.926	24.3476
141.689	23.8032
142.459	23.2632
143.211	22.7137
143.962	22.1659
144.714	21.6218
145.459	21.0647
146.208	20.5094
146.959	19.9577
147.696	19.4091
148.432	18.872
149.16	18.3406
149.885	17.8134
150.606	17.2911
151.314	16.7706
152.003	16.2602
152.673	15.7668
153.322	15.2807
153.962	14.79
154.593	14.3033
155.209	13.823
155.804	13.3639
156.369	12.9214
156.905	12.489
157.422	12.0714
157.924	11.6655
158.41	11.2684
158.88	10.8856
159.352	10.5224
159.827	10.175
160.308	9.84463
160.802	9.53662
161.312	9.25778
161.836	9.01709
162.366	8.80361
162.897	8.61129
163.429	8.43754
163.97	8.29029
164.527	8.16961
165.098	8.06984
165.679	7.99037
166.273	7.93873
166.875	7.90555
167.481	7.88314
168.094	7.87363
168.715	7.87892
169.34	7.89353
169.971	7.90481
170.609	7.91339
171.255	7.91531
171.91	7.91186
172.572	7.90557
173.243	7.89545
173.914	7.88157
174.586	7.86463
175.263	7.84054
175.95	7.80914
176.652	7.77324
177.365	7.73984
178.081	7.70348
178.799	7.66075
179.516	7.61474
180.239	7.55875
180.968	7.48992
181.707	7.42661
182.453	7.37828
183.204	7.33125
183.956	7.27242
184.711	7.21089
185.471	7.16085
186.235	7.11497
187	7.06679
187.766	7.01584
188.528	6.96195
189.286	6.90306
190.046	6.85211
190.812	6.80994
191.587	6.75939
192.364	6.69757
193.135	6.6409
193.907	6.58594
194.687	6.52264
195.478	6.46114
196.274	6.39409
197.079	6.32418
197.89	6.24946
198.709	6.1735
199.534	6.10066
200.362	6.02577
201.191	5.95237
202.021	5.87695
202.852	5.79722
203.686	5.72452
204.525	5.66073
205.364	5.60398
206.199	5.53729
207.025	5.47632
207.847	5.42309
208.68	5.37037
209.522	5.31655
210.365	5.25751
211.197	5.20102
212.023	5.14597
212.856	5.09834
213.696	5.04112
214.543	4.97231
215.393	4.90367
216.243	4.83537
217.087	4.76594
217.932	4.69756
218.783	4.62865
219.645	4.55956
220.513	4.49072
221.383	4.42565
222.257	4.37343
223.134	4.31866
224.016	4.25568
224.897	4.19587
225.781	4.13477
226.669	4.06368
227.559	3.98545
228.442	3.91399
229.32	3.83149
230.204	3.75102
231.103	3.68377
231.998	3.61808
232.885	3.54716
233.772	3.4729
234.651	3.40138
235.525	3.31845
236.403	3.23406
237.281	3.14947
238.163	3.07085
239.038	3.00168
239.903	2.93358
240.76	2.86256
241.632	2.79673
242.499	2.72767
243.355	2.66215
244.2	2.60359
245.051	2.54178
245.904	2.47808
246.756	2.42321
247.6	2.37159
248.426	2.31603
249.243	2.25598
250.047	2.20563
250.843	2.16069
251.631	2.11704
252.408	2.07323
253.167	2.03119
253.905	1.98792
254.626	1.94622
255.339	1.90409
256.044	1.85897
256.74	1.80768
257.426	1.7559
258.096	1.70071
258.754	1.6426
259.397	1.57614
260.028	1.50121
260.648	1.41635
261.256	1.32151
261.852	1.22095
262.433	1.11847
262.994	1.01327
263.533	0.902227
264.049	0.790876
264.546	0.679165
265.024	0.568312
265.482	0.456152
265.922	0.347116
266.337	0.243127
266.726	0.142722
267.095	0.0512398
267.444	-0.0328517
267.774	-0.106573
268.087	-0.168476
268.384	-0.220785
268.665	-0.261575
268.934	-0.295246
269.202	-0.32371
269.474	-0.345587
269.743	-0.352497
270.008	-0.345647
270.269	-0.32811
270.532	-0.299759
270.791	-0.263886
271.044	-0.211933
271.291	-0.145442
271.536	-0.06374
271.784	0.0254713
272.037	0.131798
272.291	0.25615
272.552	0.389528
272.814	0.535508
273.078	0.711375
273.332	0.925956
273.57	1.16478
273.802	1.42948
274.032	1.71972
274.264	2.02464
274.486	2.35887
274.693	2.72724
274.883	3.12282
275.06	3.53924
275.233	3.9796
275.392	4.44711
275.537	4.93864
275.677	5.4544
275.826	5.99357
275.98	6.55495
276.12	7.1392
276.248	7.74888
276.368	8.38449
276.478	9.0433
276.573	9.71679
276.649	10.408
276.716	11.1195
276.777	11.8525
276.835	12.6175
276.895	13.4109
276.949	14.2108
276.992	15.0231
277.023	15.8478
277.054	16.6906
277.086	17.5569
277.118	18.4384
277.159	19.3334
277.208	20.2438
277.25	21.1661
277.297	22.1088
277.36	23.0606
277.419	24.0164
277.479	24.9704
277.549	25.9327
277.617	26.8966
277.684	27.8689
277.756	28.8536
277.833	29.852
277.914	30.8602
277.991	31.8683
278.062	32.8721
278.139	33.8733
278.213	34.8798
278.282	35.8972
278.353	36.9193
278.428	37.9494
278.494	38.9714
278.561	39.9965
278.626	41.0292
278.692	42.0588
278.759	43.0811
278.824	44.0995
278.893	45.121
278.959	46.1367
279.023	47.1484
279.098	48.1647
279.173	49.1908
279.234	50.2147
279.306	51.2291
279.372	52.2412
279.445	53.2561
279.518	54.2777
279.6	55.3011
279.689	56.3186
279.782	57.3279
279.882	58.3313
279.966	59.3431
280.046	60.3613
280.122	61.3784
280.191	62.3879
280.253	63.3876
280.316	64.3909
280.384	65.4034
280.448	66.4225
280.508	67.4376
280.564	68.4448
280.626	69.4509
280.686	70.4565
280.748	71.4642
280.819	72.4729
280.888	73.4814
280.96	74.4833
281.035	75.4754
281.11	76.47
281.183	77.4776
281.261	78.491
281.34	79.4937
281.414	80.4796
281.489	81.46
281.568	82.4481
281.65	83.4527
281.737	84.4624
281.83	85.4688
281.928	86.4687
282.028	87.4615
282.129	88.4536
282.231	89.4499
282.348	90.4498
282.471	91.4498
282.595	92.4464
282.74	93.4384
282.881	94.4253
283.03	95.4059
283.182	96.3838
283.323	97.3624
283.467	98.3331
283.619	99.2982
283.769	100.262
283.922	101.225
284.08	102.181
284.24	103.131
284.396	104.079
284.545	105.026
284.683	105.969
284.818	106.903
284.951	107.83
285.083	108.754
285.212	109.68
285.343	110.604
285.478	111.52
285.613	112.421
285.738	113.307
285.855	114.175
285.971	115.032
286.09	115.883
286.209	116.731
286.331	117.567
286.46	118.385
286.592	119.188
286.731	119.974
286.876	120.741
287.022	121.494
287.168	122.233
287.317	122.953
287.468	123.646
287.619	124.309
287.765	124.951
287.915	125.574
288.065	126.182
288.221	126.778
288.378	127.35
288.537	127.898
288.688	128.436
288.824	128.971
288.954	129.503
289.095	130.036
289.239	130.574
289.366	131.118
289.469	131.666
289.553	132.212
289.629	132.755
289.691	133.293
289.726	133.829
289.732	134.369
289.713	134.913
289.67	135.462
289.596	136.014
289.492	136.565
289.358	137.11
289.191	137.65
288.99	138.179
288.754	138.7
288.488	139.216
288.191	139.721
287.858	140.209
287.487	140.676
287.084	141.122
286.646	141.552
286.182	141.977
285.685	142.376
285.162	142.756
284.611	143.114
284.038	143.456
283.437	143.782
282.807	144.101
282.159	144.418
281.501	144.739
280.835	145.058
280.162	145.378
279.484	145.701
278.796	146.032
278.1	146.375
277.395	146.721
276.679	147.071
275.955	147.43
275.223	147.794
274.478	148.17
273.721	148.563
272.95	148.963
272.167	149.374
271.374	149.796
270.571	150.227
269.757	150.666
268.932	151.107
268.093	151.554
267.246	152.009
266.396	152.466
265.551	152.927
264.707	153.39
263.859	153.857
263.006	154.331
262.154	154.816
261.308	155.307
260.47	155.803
259.642	156.307
258.823	156.823
258.01	157.348
257.201	157.879
256.399	158.421
255.605	158.972
254.813	159.527
254.026	160.088
253.246	160.658
252.458	161.227
251.661	161.796
250.855	162.362
250.045	162.925
249.234	163.488
248.407	164.034
247.575	164.573
246.746	165.111
245.911	165.642
245.068	166.171
244.214	166.696
243.359	167.221
242.505	167.736
241.646	168.236
240.782	168.729
239.918	169.22
239.048	169.703
238.173	170.179
237.293	170.653
236.409	171.121
235.524	171.577
234.642	172.035
233.762	172.486
232.884	172.93
232.015	173.378
231.148	173.828
230.282	174.281
229.419	174.728
228.562	175.169
227.709	175.615
226.855	176.067
226.005	176.519
225.161	176.973
224.326	177.428
223.494	177.882
222.668	178.328
221.847	178.767
221.033	179.197
220.22	179.624
219.413	180.05
218.617	180.478
217.832	180.9
217.054	181.305
216.294	181.699
215.552	182.091
214.813	182.48
214.073	182.862
213.344	183.236
212.637	183.597
211.956	183.946
211.286	184.279
210.627	184.603
209.984	184.923
209.356	185.235
208.741	185.534
208.142	185.827
207.567	186.115
207.019	186.395
206.49	186.656
205.978	186.907
205.484	187.154
205.01	187.397
204.559	187.631
204.134	187.854
203.737	188.071
203.365	188.278
203.013	188.476
202.683	188.664
202.38	188.842
202.107	189.008
201.862	189.161
201.64	189.305
201.438	189.443
201.244	189.58
201.051	189.715
200.858	189.85
200.665	189.986
200.475	190.126
200.289	190.269
200.104	190.415
199.918	190.559
199.729	190.7
199.537	190.842
199.347	190.991
199.155	191.154
198.951	191.332
198.724	191.529
198.47	191.743
198.188	191.975
197.884	192.228
197.558	192.491
197.21	192.765
196.843	193.06
196.459	193.376
196.051	193.702
195.62	194.034
195.168	194.37
194.701	194.709
194.222	195.056
193.728	195.414
193.22	195.773
192.695	196.131
192.148	196.49
191.584	196.854
191.007	197.222
190.414	197.596
189.805	197.968
189.179	198.336
188.537	198.704
187.883	199.082
187.222	199.464
186.551	199.84
185.875	200.213
185.195	200.592
184.5	200.974
183.792	201.359
183.075	201.747
182.353	202.134
181.626	202.527
180.892	202.924
180.148	203.329
179.396	203.74
178.637	204.16
177.872	204.583
177.103	205.007
176.332	205.425
175.561	205.841
174.795	206.262
174.027	206.687
173.259	207.111
172.492	207.537
171.727	207.96
170.96	208.377
170.196	208.799
169.437	209.222
168.685	209.637
167.936	210.048
167.191	210.461
166.443	210.877
165.697	211.28
164.965	211.669
164.252	212.054
163.558	212.438
162.872	212.809
162.202	213.169
161.557	213.52
160.926	213.855
160.309	214.169
159.711	214.467
159.128	214.753
158.564	215.022
158.019	215.273
157.483	215.517
156.948	215.754
156.405	215.974
155.853	216.171
155.293	216.346
154.732	216.499
154.17	216.631
153.608	216.737
153.046	216.824
152.487	216.891
151.923	216.937
151.352	216.963
150.779	216.966
150.197	216.949
149.603	216.924
148.997	216.897
148.38	216.86
147.751	216.812
147.116	216.754
146.47	216.692
145.81	216.634
145.135	216.58
144.444	216.527
143.739	216.468
143.023	216.409
142.289	216.352
141.536	216.291
140.762	216.225
139.969	216.159
139.162	216.094
138.348	216.025
137.521	215.959
136.677	215.903
135.81	215.855
134.926	215.808
134.027	215.758
133.116	215.711
132.189	215.669
131.25	215.623
130.303	215.589
129.345	215.562
128.378	215.521
127.396	215.484
126.402	215.448
125.391	215.396
124.368	215.346
123.345	215.298
122.332	215.249
121.326	215.204
120.317	215.153
119.301	215.098
118.278	215.039
117.256	214.973
116.234	214.909
115.213	214.843
114.208	214.771
113.213	214.702
112.218	214.638
111.223	214.571
110.224	214.506
109.226	214.441
108.239	214.378
107.261	214.314
106.289	214.252
105.32	214.196
104.354	214.143
103.386	214.088
102.413	214.037
101.439	213.987
100.477	213.933
99.5226	213.879
98.5707	213.835
97.622	213.787
96.6779	213.734
95.731	213.686
94.7874	213.635
93.8534	213.576
92.9289	213.515
92.0109	213.451
91.0991	213.381
90.2005	213.309
89.3181	213.236
88.449	213.165
87.5931	213.095
86.7554	213.021
85.9362	212.949
85.134	212.881
84.3528	212.812
83.5961	212.745
82.8601	212.686
82.1462	212.635
81.4522	212.59
80.7774	212.55
80.1229	212.521
79.4896	212.505
78.8739	212.502
78.2749	212.516
77.6865	212.542
77.101	212.58
76.5193	212.633
75.9448	212.707
75.3786	212.805
74.8204	212.919
74.2692	213.05
73.7259	213.207
73.193	213.392
72.6725	213.599
72.1655	213.834
71.6771	214.114
71.2032	214.426
70.7444	214.77
70.3054	215.147
69.893	215.553
69.5022	215.983
69.1258	216.43
68.7653	216.895
68.436	217.396
68.14	217.935
67.8655	218.499
67.6076	219.086
67.3713	219.692
67.1661	220.324
66.9847	220.976
66.8214	221.644
66.686	222.326
66.5879	223.021
66.5043	223.727
66.4236	224.453
66.3541	225.197
66.2988	225.953
66.2526	226.706
66.2199	227.46
66.2028	228.217
66.1856	228.977
66.1613	229.744
66.138	230.521
66.1155	231.309
66.0901	232.108
66.0722	232.913
66.0493	233.717
66.0244	234.523
66.0087	235.339
65.9956	236.168
65.9774	237.007
65.9517	237.86
65.917	238.723
65.873	239.596
65.8199	240.476
65.7631	241.362
65.7051	242.253
65.6541	243.147
65.6036	244.047
65.5533	244.961
65.5023	245.892
65.449	246.839
65.3939	247.793
65.3406	248.758
65.2901	249.731
65.2421	250.711
65.1983	251.692
65.1547	252.678
65.1121	253.684
65.0634	254.711
65.0121	255.75
64.9599	256.786
64.9053	257.821
64.855	258.859
64.7971	259.907
64.7392	260.961
64.6816	262.018
64.6177	263.076
64.5558	264.137
64.4964	265.199
64.4375	266.255
64.3822	267.308
64.3241	268.358
64.264	269.411
64.2061	270.46
64.1421	271.503
64.0763	272.548
64.0094	273.601
63.9429	274.651
63.8757	275.691
63.8092	276.72
63.7407	277.751
63.6752	278.784
63.6107	279.821
63.5474	280.856
63.4832	281.889
63.4224	282.914
63.3637	283.935
63.3036	284.955
63.2431	285.978
63.1834	287.001
63.1233	288.023
63.0625	289.038
63.008	290.052
62.9578	291.062
62.8984	292.067
62.8297	293.069
62.7702	294.073
62.6965	295.082
62.6166	296.088
62.5396	297.086
62.4654	298.075
62.3912	299.06
62.3134	300.043
62.2321	301.034
62.1444	302.023
62.0489	303.001
61.9499	303.977
61.8401	304.957
61.7295	305.943
61.6118	306.922
61.4916	307.898
61.3648	308.872
61.2243	309.845
61.0776	310.817
60.9336	311.791
60.7954	312.762
60.6636	313.733
60.5362	314.709
60.4125	315.691
60.2988	316.674
60.1885	317.661
60.0802	318.65
59.9724	319.64
59.8709	320.624
59.7785	321.606
59.6944	322.595
59.6237	323.594
59.5589	324.596
59.5013	325.596
59.4428	326.593
59.3791	327.597
59.3173	328.602
59.2553	329.604
59.1952	330.606
59.1445	331.613
59.0966	332.625
59.0451	333.626
58.9927	334.615
58.9435	335.6
58.8981	336.59
58.8537	337.587
58.8136	338.578
58.774	339.558
58.7299	340.535
58.6852	341.508
58.641	342.468
58.6003	343.41
58.5637	344.339
58.5316	345.256
58.4984	346.162
58.4656	347.056
58.4274	347.939
58.3936	348.812
58.3639	349.668
58.3433	350.506
58.3311	351.33
58.3267	352.142
58.3291	352.943
58.3393	353.724
58.3506	354.478
58.3563	355.204
58.3639	355.908
58.3778	356.594
58.3926	357.264
58.3991	357.928
58.4023	358.59
58.406	359.253
58.4152	359.919
58.4231	360.585
58.423	361.245
58.4132	361.895
58.3921	362.54
58.3612	363.181
58.3252	363.822
58.2761	364.472
58.2073	365.13
58.122	365.797
58.0315	366.475
57.9393	367.163
57.8331	367.863
57.7163	368.575
57.5966	369.301
57.4899	370.048
57.3778	370.815
57.2594	371.6
57.1498	372.397
57.0603	373.201
56.9727	374.016
56.8827	374.851
56.8008	375.706
56.7292	376.581
56.6675	377.466
56.6135	378.358
56.5725	379.26
56.5422	380.178
56.5151	381.115
56.493	382.071
56.4788	383.039
56.4664	384.019
56.4545	385.006
56.4452	386.006
56.439	387.025
56.4263	388.058
56.4059	389.101
56.3811	390.152
56.3594	391.213
56.3354	392.28
56.3073	393.345
56.276	394.398
56.2411	395.448
56.1975	396.505
56.1469	397.57
56.0918	398.634
56.0362	399.688
55.9818	400.737
55.9252	401.786
55.8671	402.835
55.8066	403.876
55.7448	404.913
55.6858	405.952
55.6277	406.993
55.5711	408.036
55.5156	409.075
55.4612	410.106
55.4054	411.128
55.3457	412.147
55.2846	413.164
55.2316	414.178
55.1818	415.186
55.1362	416.192
55.0902	417.194
55.047	418.182
55.0007	419.15
54.9515	420.1
54.8952	421.037
54.8404	421.962
54.7876	422.871
54.7274	423.763
54.6669	424.641
54.6046	425.505
54.531	426.356
54.4512	427.19
54.3687	428.004
54.2858	428.801
54.1961	429.583
54.1019	430.35
54.0029	431.102
53.897	431.839
53.7891	432.559
53.6751	433.261
53.5552	433.939
53.4312	434.595
53.304	435.226
53.1812	435.835
53.07	436.421
52.9757	436.987
52.9002	437.535
52.8418	438.068
52.8034	438.592
52.7931	439.105
52.8157	439.601
52.8712	440.081
52.9511	440.546
53.0566	441
53.2027	441.438
53.3905	441.855
53.6038	442.254
53.8368	442.635
54.0908	442.999
54.3778	443.342
54.6899	443.661
55.0248	443.956
55.3794	444.225
55.7469	444.466
56.1236	444.677
56.5156	444.867
56.9186	445.04
57.3352	445.196
57.7668	445.328
58.2178	445.42
58.6917	445.487
59.184	445.554
59.6917	445.623
60.2149	445.679
60.7588	445.714
61.3202	445.731
61.8947	445.739
62.4792	445.748
63.079	445.759
63.6946	445.778
64.3235	445.803
64.9671	445.833
65.6249	445.861
66.2979	445.891
66.9897	445.925
67.6964	445.962
68.4165	446.001
69.1485	446.045
69.8939	446.09
70.6552	446.138
71.4374	446.191
72.2389	446.25
73.0557	446.308
73.8827	446.365
74.7223	446.427
75.5774	446.489
76.4441	446.549
77.3227	446.611
78.207	446.676
79.0941	446.746
79.9921	446.815
80.9103	446.884
81.8448	446.954
82.7918	447.024
83.7373	447.084
84.6829	447.135
85.6318	447.186
86.5856	447.233
87.5485	447.284
88.5174	447.342
89.4904	447.402
90.4682	447.46
91.4485	447.523
92.429	447.586
93.4081	447.647
94.3853	447.706
95.3639	447.768
96.3422	447.827
97.323	447.887
98.3043	447.945
99.2832	448.001
100.257	448.059
101.223	448.117
102.185	448.172
103.148	448.221
104.112	448.269
105.077	448.313
106.039	448.356
106.995	448.405
107.942	448.459
108.885	448.515
109.822	448.576
110.76	448.632
111.706	448.683
112.646	448.739
113.583	448.79
114.506	448.837
115.422	448.884
116.336	448.938
117.238	448.997
118.141	449.054
119.038	449.112
119.934	449.176
120.829	449.24
121.724	449.305
122.617	449.373
123.503	449.448
124.385	449.526
125.259	449.615
126.127	449.722
126.991	449.837
127.844	449.956
128.704	450.091
129.564	450.233
130.416	450.378
131.261	450.531
132.098	450.689
132.934	450.853
133.776	451.023
134.619	451.201
135.459	451.38
136.283	451.569
137.095	451.765
137.909	451.965
138.726	452.174
139.546	452.395
140.348	452.618
141.149	452.851
141.942	453.091
142.705	453.33
143.481	453.588
144.254	453.861
145.03	454.134
145.804	454.407
146.574	454.689
147.332	454.981
148.084	455.271
148.834	455.56
149.584	455.864
150.335	456.18
151.087	456.493
151.828	456.805
152.559	457.127
153.287	457.454
154.016	457.79
154.739	458.134
155.452	458.483
156.156	458.837
156.862	459.197
157.56	459.562
158.252	459.933
158.936	460.309
159.61	460.685
160.276	461.064
160.937	461.449
161.597	461.843
162.256	462.242
162.908	462.642
163.547	463.042
164.167	463.438
164.767	463.835
165.354	464.231
165.924	464.625
166.48	465.016
167.021	465.401
167.544	465.778
168.053	466.143
168.543	466.496
169.014	466.835
169.468	467.16
169.907	467.469
170.334	467.761
170.75	468.035
171.154	468.29
171.54	468.52
171.908	468.727
172.26	468.915
172.603	469.092
172.944	469.255
173.283	469.414
173.627	469.566
173.978	469.71
174.336	469.832
174.698	469.934
175.059	470.019
175.422	470.083
175.781	470.134
176.136	470.177
176.492	470.211
176.856	470.228
177.231	470.219
177.614	470.189
178.005	470.135
178.406	470.064
178.817	469.975
179.23	469.865
179.644	469.727
180.058	469.559
180.477	469.362
180.902	469.136
181.339	468.871
181.774	468.574
182.213	468.236
182.651	467.86
183.1	467.443
183.553	466.997
184.013	466.522
184.482	466.02
184.959	465.493
185.444	464.941
185.936	464.364
186.435	463.768
186.942	463.148
187.458	462.507
187.983	461.845
188.519	461.167
189.066	460.475
189.624	459.769
190.197	459.046
190.782	458.299
191.381	457.531
191.985	456.752
192.595	455.965
193.208	455.17
193.821	454.371
194.438	453.569
195.059	452.768
195.679	451.966
196.302	451.166
196.927	450.367
197.553	449.571
198.179	448.777
198.805	447.987
199.434	447.197
200.066	446.407
200.697	445.619
201.326	444.835
201.959	444.052
202.595	443.27
203.228	442.491
203.86	441.712
204.487	440.939
205.117	440.166
205.744	439.394
206.369	438.621
206.992	437.849
207.613	437.076
208.229	436.307
208.843	435.541
209.456	434.776
210.069	434.012
210.685	433.251
211.298	432.495
211.909	431.742
212.519	430.991
213.132	430.245
213.751	429.496
214.377	428.74
215.009	427.98
215.644	427.217
216.283	426.445
216.932	425.666
217.589	424.881
218.253	424.095
218.921	423.303
219.595	422.503
220.27	421.696
220.942	420.882
221.614	420.065
222.284	419.25
222.954	418.435
223.623	417.627
224.294	416.821
224.961	416.02
225.63	415.223
226.298	414.428
226.965	413.635
227.63	412.848
228.295	412.067
228.959	411.288
229.623	410.511
230.285	409.738
230.945	408.969
231.598	408.209
232.24	407.456
232.873	406.711
233.494	405.984
234.098	405.268
234.685	404.57
235.257	403.886
235.808	403.218
236.338	402.566
236.846	401.929
237.328	401.306
237.785	400.698
238.214	400.107
238.615	399.531
238.985	398.964
239.323	398.405
239.63	397.85
239.904	397.295
240.141	396.737
240.343	396.169
240.512	395.59
240.643	395.002
240.73	394.414
240.776	393.825
240.779	393.237
240.735	392.659
240.647	392.082
240.515	391.514
240.339	390.961
240.122	390.422
239.869	389.893
239.58	389.374
239.256	388.873
238.901	388.389
238.519	387.917
238.107	387.459
237.67	387.01
237.207	386.571
236.723	386.139
236.218	385.716
235.69	385.304
235.139	384.902
234.561	384.516
233.959	384.148
233.332	383.792
232.676	383.451
231.997	383.124
231.291	382.809
230.564	382.508
229.813	382.222
229.037	381.953
228.235	381.698
227.409	381.454
226.56	381.22
225.694	380.99
224.812	380.767
223.914	380.553
222.992	380.348
222.049	380.154
221.082	379.981
220.097	379.823
219.099	379.674
218.087	379.531
217.056	379.392
216.006	379.257
214.938	379.118
213.854	378.984
212.761	378.856
211.66	378.726
210.551	378.599
209.435	378.476
208.314	378.355
207.186	378.232
206.056	378.112
204.922	377.996
203.789	377.884
202.648	377.774
201.502	377.666
200.354	377.561
199.203	377.46
198.043	377.36
196.877	377.262
195.712	377.166
194.548	377.072
193.385	376.983
192.223	376.896
191.066	376.816
189.911	376.741
188.757	376.666
187.61	376.59
186.465	376.517
185.325	376.446
184.188	376.379
183.054	376.314
181.925	376.251
180.799	376.189
179.678	376.128
178.564	376.068
177.452	376.01
176.342	375.954
175.235	375.899
174.133	375.845
173.034	375.79
171.943	375.734
170.855	375.678
169.771	375.622
168.694	375.564
167.621	375.508
166.555	375.455
165.492	375.403
164.435	375.352
163.385	375.301
162.343	375.253
161.31	375.206
160.284	375.164
159.266	375.128
158.259	375.091
157.266	375.061
156.288	375.034
155.329	375.008
154.389	374.987
153.469	374.97
152.57	374.957
151.689	374.947
150.83	374.94
149.99	374.934
149.168	374.924
148.364	374.909
147.575	374.893
146.807	374.87
146.06	374.837
145.334	374.793
144.628	374.74
143.946	374.676
143.291	374.601
142.665	374.514
142.072	374.411
141.513	374.285
140.985	374.134
140.485	373.957
140.014	373.753
139.563	373.522
139.131	373.263
138.716	372.976
138.328	372.656
137.971	372.305
137.651	371.924
137.357	371.522
137.091	371.098
136.856	370.654
136.655	370.187
136.484	369.701
136.332	369.203
136.201	368.69
136.091	368.163
136.003	367.624
135.935	367.075
135.885	366.509
135.837	365.928
135.789	365.332
135.744	364.727
135.713	364.113
135.696	363.49
135.688	362.854
135.674	362.204
135.658	361.537
135.647	360.853
135.643	360.153
135.638	359.438
135.633	358.706
135.626	357.955
135.623	357.186
135.632	356.397
135.651	355.591
135.67	354.768
135.694	353.928
135.726	353.071
135.755	352.195
135.782	351.298
135.815	350.382
135.851	349.449
135.891	348.5
135.944	347.534
136.005	346.549
136.068	345.548
136.128	344.537
136.182	343.522
136.232	342.498
136.279	341.459
136.327	340.414
136.384	339.367
136.444	338.311
136.499	337.249
136.554	336.182
136.606	335.113
136.658	334.039
136.714	332.964
136.774	331.889
136.839	330.81
136.905	329.735
136.971	328.666
137.033	327.6
137.087	326.531
137.139	325.455
137.194	324.382
137.253	323.316
137.312	322.257
137.375	321.202
137.435	320.143
137.491	319.077
137.549	318.008
137.603	316.944
137.653	315.878
137.703	314.803
137.756	313.72
137.804	312.63
137.852	311.54
137.898	310.446
137.946	309.344
137.994	308.236
138.042	307.123
138.091	306.008
138.14	304.888
138.194	303.761
138.252	302.623
138.306	301.478
138.363	300.328
138.417	299.171
138.468	298.012
138.518	296.854
138.569	295.692
138.621	294.525
138.672	293.35
138.726	292.182
138.78	291.013
138.833	289.84
138.889	288.665
138.946	287.488
139.002	286.315
139.065	285.151
139.129	283.999
139.196	282.853
139.258	281.7
139.321	280.543
139.382	279.388
139.448	278.236
139.514	277.087
139.579	275.944
139.644	274.797
139.707	273.651
139.766	272.513
139.828	271.382
139.888	270.246
139.95	269.104
140.017	267.963
140.08	266.823
140.134	265.688
140.192	264.566
140.237	263.46
140.278	262.363
140.327	261.259
140.376	260.143
140.426	259.024
140.48	257.911
140.536	256.806
140.594	255.708
140.653	254.618
140.713	253.538
140.769	252.46
140.821	251.385
140.869	250.314
140.914	249.243
140.956	248.174
141	247.106
141.047	246.046
141.099	245.002
141.153	243.979
141.206	242.973
141.25	241.984
141.295	241.009
141.338	240.039
141.38	239.081
141.425	238.143
141.469	237.23
141.516	236.341
141.562	235.464
141.617	234.603
141.671	233.757
141.72	232.929
141.776	232.117
141.84	231.321
141.897	230.543
141.948	229.791
142.002	229.068
142.058	228.371
142.108	227.698
142.161	227.044
142.216	226.41
142.276	225.805
142.327	225.222
142.374	224.656
142.415	224.108
142.447	223.58
142.472	223.07
142.49	222.573
142.49	222.092
142.467	221.629
142.425	221.183
142.374	220.744
142.31	220.308
142.226	219.877
142.109	219.455
141.971	219.049
141.818	218.646
141.656	218.252
141.479	217.874
141.284	217.504
141.066	217.143
140.827	216.786
140.564	216.432
140.274	216.086
139.962	215.742
139.626	215.413
139.268	215.097
138.885	214.797
138.477	214.513
138.043	214.245
137.585	213.993
137.103	213.753
136.596	213.532
136.067	213.335
135.517	213.16
134.95	212.999
134.371	212.852
133.769	212.725
133.151	212.618
132.514	212.526
131.859	212.446
131.186	212.373
130.493	212.303
129.781	212.243
129.046	212.187
128.286	212.138
127.512	212.089
126.705	212.037
125.894	211.997
125.06	211.968
124.208	211.938
123.332	211.913
122.434	211.89
121.51	211.863
120.565	211.827
119.6	211.794
118.62	211.752
117.64	211.717
116.656	211.686
115.66	211.656
114.653	211.626
113.638	211.595
112.623	211.556
111.604	211.517
110.581	211.475
109.564	211.424
108.555	211.37
107.548	211.317
106.54	211.26
105.53	211.202
104.517	211.142
103.514	211.079
102.522	211.015
101.534	210.949
100.551	210.884
99.5717	210.826
98.5939	210.764
97.6125	210.707
96.6156	210.651
95.6408	210.593
94.6756	210.533
93.7137	210.483
92.7553	210.432
91.7999	210.378
90.8455	210.329
89.8903	210.282
88.9429	210.224
88.0051	210.165
87.0731	210.107
86.1439	210.046
85.2266	209.982
84.3261	209.922
83.443	209.865
82.5772	209.809
81.7313	209.751
80.9085	209.695
80.1055	209.643
79.3247	209.589
78.5703	209.535
77.8439	209.488
77.1468	209.45
76.479	209.417
75.8424	209.385
75.2386	209.358
74.6688	209.338
74.1294	209.324
73.6144	209.315
73.1198	209.313
72.6392	209.313
72.1686	209.314
71.7032	209.324
71.241	209.348
70.7825	209.386
70.3292	209.443
69.8822	209.514
69.4402	209.595
69.0043	209.691
68.5743	209.805
68.153	209.939
67.7437	210.095
67.3472	210.267
66.957	210.452
66.568	210.668
66.1807	210.919
65.7983	211.199
65.4149	211.496
65.0406	211.816
64.6813	212.16
64.3402	212.526
64.0154	212.908
63.7106	213.307
63.4239	213.721
63.1683	214.165
62.9404	214.628
62.7267	215.103
62.521	215.584
62.3255	216.072
62.1526	216.57
62.0079	217.078
61.8825	217.594
61.7651	218.11
61.6556	218.631
61.5659	219.157
61.5035	219.687
61.4519	220.22
61.4046	220.76
61.3593	221.307
61.3289	221.852
61.3077	222.394
61.2844	222.933
61.2558	223.468
61.2334	224.001
61.2221	224.536
61.2089	225.067
61.1788	225.594
61.1328	226.119
61.0802	226.642
61.0223	227.157
60.951	227.669
60.855	228.176
60.7401	228.673
60.6089	229.155
60.4587	229.619
60.2829	230.072
60.0844	230.509
59.857	230.927
59.5992	231.328
59.3177	231.714
59.015	232.084
58.6936	232.441
58.3515	232.787
57.985	233.112
57.6002	233.4
57.1873	233.655
56.7676	233.878
56.339	234.086
55.8936	234.279
55.4256	234.446
54.9378	234.578
54.4358	234.673
53.9221	234.744
53.4034	234.797
52.8806	234.836
52.3526	234.859
51.8148	234.865
51.2677	234.858
50.705	234.844
50.1283	234.828
49.5427	234.811
48.9411	234.792
48.3203	234.767
47.6808	234.738
47.0218	234.71
46.3418	234.686
45.6421	234.663
44.9229	234.641
44.184	234.619
43.4225	234.595
42.6424	234.568
41.8416	234.54
41.0206	234.515
40.1813	234.494
39.3247	234.47
38.4498	234.444
37.556	234.415
36.6439	234.384
35.715	234.348
34.773	234.305
33.8168	234.256
32.8424	234.208
31.8456	234.157
30.8285	234.105
29.7965	234.051
28.7553	233.995
27.7026	233.934
26.6389	233.869
25.5613	233.804
24.4737	233.736
23.3872	233.666
22.3011	233.6
21.2169	233.536
20.1332	233.476
19.0493	233.418
17.9654	233.364
16.8811	233.318
15.8025	233.264
14.7266	233.207
13.6529	233.15
12.5786	233.079
11.5103	233.006
10.45	232.93
9.39836	232.851
8.35385	232.771
7.31486	232.693
6.28258	232.613
5.25839	232.531
4.25037	232.448
3.25975	232.365
2.28537	232.28
1.32456	232.198
0.383791	232.119
-0.539356	232.04
-1.44178	231.964
-2.32561	231.894
-3.18672	231.826
-4.02287	231.759
-4.83072	231.696
-5.61415	231.637
-6.37281	231.577
-7.10724	231.517
-7.81331	231.458
-8.49254	231.405
-9.14527	231.356
-9.76891	231.314
-10.3615	231.275
-10.9207	231.242
-11.4472	231.217
-11.9381	231.199
-12.3938	231.189
-12.8158	231.184
-13.2066	231.182
-13.5709	231.184
-13.9094	231.191
-14.2177	231.203
-14.5012	231.219
-14.7659	231.238
-15.013	231.258
-15.2493	231.279
-15.4813	231.305
-15.7099	231.334
-15.9356	231.369
-16.1583	231.409
-16.3784	231.453
-16.5955	231.506
-16.8111	231.564
-17.0231	231.624
-17.2316	231.687
-17.4422	231.761
-17.6649	231.851
-17.9052	231.958
-18.1608	232.088
-18.4327	232.231
-18.7185	232.389
-19.0129	232.568
-19.3113	232.769
-19.6089	232.998
-19.9009	233.257
-20.1882	233.542
-20.4699	233.852
-20.7408	234.187
-21.0045	234.554
-21.2587	234.955
-21.4947	235.396
-21.7069	235.872
-21.8977	236.382
-22.0706	236.919
-22.2226	237.483
-22.3539	238.077
-22.4613	238.702
-22.5443	239.358
-22.6023	240.038
-22.641	240.741
-22.6657	241.467
-22.6812	242.214
-22.6956	242.983
-22.7079	243.774
-22.7216	244.585
-22.7383	245.419
-22.7559	246.275
-22.7753	247.154
-22.794	248.055
-22.8145	248.979
-22.8385	249.918
-22.8631	250.877
-22.8934	251.853
-22.9337	252.849
-22.9767	253.873
-23.02	254.928
-23.0597	256.005
-23.0962	257.096
-23.1322	258.197
-23.1729	259.316
-23.2181	260.455
-23.2689	261.614
-23.3214	262.788
-23.3732	263.974
-23.425	265.161
-23.4762	266.351
-23.5292	267.548
-23.5835	268.756
-23.6422	269.979
-23.7012	271.211
-23.7644	272.451
-23.8231	273.686
-23.8837	274.919
-23.9473	276.153
-24.0145	277.393
-24.0849	278.638
-24.1563	279.889
-24.2275	281.143
-24.2954	282.394
-24.3579	283.643
-24.4181	284.889
-24.4768	286.136
-24.5344	287.387
-24.5926	288.645
-24.6527	289.903
-24.7114	291.163
-24.7703	292.428
-24.8293	293.694
-24.8882	294.952
-24.9471	296.207
-25.007	297.465
-25.0682	298.724
-25.1286	299.988
-25.1885	301.256
-25.2459	302.525
-25.3056	303.792
-25.3647	305.061
-25.4256	306.329
-25.4874	307.593
-25.5513	308.859
-25.6142	310.125
-25.6803	311.384
-25.7466	312.639
-25.8069	313.895
-25.8711	315.154
-25.9329	316.409
-25.9952	317.661
-26.0556	318.908
-26.111	320.15
-26.1677	321.386
-26.2222	322.622
-26.2779	323.856
-26.3328	325.09
-26.3883	326.321
-26.4443	327.54
-26.5004	328.75
-26.5596	329.949
-26.62	331.138
-26.6799	332.314
-26.7402	333.475
-26.7988	334.617
-26.8571	335.738
-26.9162	336.837
-26.979	337.921
-27.0426	338.988
-27.1059	340.047
-27.1678	341.096
-27.2269	342.128
-27.2798	343.144
-27.3273	344.144
-27.3727	345.126
-27.4134	346.089
-27.4491	347.032
-27.4836	347.953
-27.5115	348.855
-27.5407	349.734
-27.569	350.586
-27.5934	351.409
-27.6174	352.204
-27.6399	352.977
-27.6576	353.729
-27.6759	354.458
-27.6919	355.16
-27.7113	355.828
-27.7322	356.468
-27.7573	357.081
-27.7902	357.669
-27.8299	358.233
-27.8739	358.779
-27.9226	359.305
-27.9809	359.81
-28.056	360.301
-28.1543	360.776
-28.2797	361.241
-28.4304	361.689
-28.6088	362.122
-28.8159	362.536
-29.0517	362.93
-29.3143	363.305
-29.604	363.662
-29.9146	364.001
-30.2524	364.325
-30.6261	364.628
-31.0382	364.899
-31.4854	365.141
-31.9575	365.361
-32.4496	365.553
-32.965	365.698
-33.5005	365.796
-34.0541	365.852
-34.6239	365.876
-35.2085	365.864
-35.8081	365.822
-36.4137	365.756
-37.0142	365.672
-37.6145	365.568
-38.229	365.452
-38.8628	365.334
-39.5073	365.216
-40.1626	365.099
-40.8227	364.981
-41.4948	364.865
-42.1908	364.753
-42.9157	364.638
-43.6656	364.52
-44.4307	364.393
-45.2132	364.266
-46.011	364.139
-46.8232	364.013
-47.6559	363.896
-48.5102	363.787
-49.386	363.682
-50.278	363.585
-51.1844	363.499
-52.1065	363.424
-53.0502	363.356
-54.0129	363.29
-54.9947	363.226
-55.9879	363.164
-56.9927	363.098
-58.0055	363.026
-59.0296	362.957
-60.0672	362.891
-61.1171	362.826
-62.1792	362.765
-63.2485	362.703
-64.3245	362.64
-65.404	362.579
-66.4851	362.523
-67.5669	362.466
-68.6495	362.409
-69.7367	362.354
-70.831	362.296
-71.9272	362.236
-73.0194	362.172
-74.109	362.111
-75.195	362.054
-76.2824	361.991
-77.3723	361.926
-78.4586	361.863
-79.5381	361.795
-80.6153	361.723
-81.6911	361.651
-82.7651	361.581
-83.8355	361.514
-84.9021	361.453
-85.9625	361.396
-87.0177	361.342
-88.0688	361.289
-89.1166	361.242
-90.1613	361.199
-91.1982	361.159
-92.2233	361.126
-93.2348	361.098
-94.2272	361.076
-95.2003	361.058
-96.1575	361.044
-97.0996	361.034
-98.0229	361.025
-98.9266	361.015
-99.8129	361.005
-100.691	360.997
-101.564	360.987
-102.436	360.976
-103.307	360.957
-104.177	360.93
-105.042	360.886
-105.899	360.828
-106.75	360.759
-107.602	360.679
-108.459	360.584
-109.325	360.483
-110.197	360.381
-111.076	360.272
-111.96	360.162
-112.853	360.055
-113.756	359.954
-114.673	359.851
-115.61	359.747
-116.568	359.642
-117.534	359.54
-118.498	359.434
-119.482	359.337
-120.497	359.25
-121.542	359.175
-122.595	359.103
-123.65	359.032
-124.721	358.958
-125.822	358.881
-126.941	358.809
-128.06	358.747
-129.181	358.699
-130.323	358.667
-131.491	358.641
-132.674	358.615
-133.859	358.589
-135.041	358.566
-136.221	358.551
-137.4	358.545
-138.581	358.541
-139.762	358.532
-140.944	358.524
-142.118	358.516
-143.284	358.513
-144.451	358.509
-145.624	358.495
-146.797	358.466
-147.962	358.42
-149.116	358.361
-150.266	358.299
-151.415	358.237
-152.565	358.177
-153.719	358.121
-154.867	358.062
-156.011	357.997
-157.141	357.927
-158.268	357.859
-159.401	357.796
-160.536	357.733
-161.671	357.67
-162.8	357.603
-163.924	357.526
-165.043	357.443
-166.152	357.354
-167.255	357.264
-168.356	357.179
-169.456	357.091
-170.561	357.005
-171.663	356.92
-172.755	356.829
-173.838	356.738
-174.916	356.647
-175.993	356.554
-177.069	356.465
-178.134	356.383
-179.189	356.298
-180.244	356.215
-181.307	356.134
-182.369	356.044
-183.417	355.953
-184.465	355.858
-185.522	355.765
-186.586	355.68
-187.651	355.606
-188.714	355.541
-189.779	355.481
-190.846	355.429
-191.916	355.382
-192.99	355.34
-194.074	355.302
-195.163	355.267
-196.247	355.228
-197.331	355.192
-198.422	355.151
-199.517	355.108
-200.611	355.063
-201.707	355.023
-202.808	354.99
-203.915	354.964
-205.031	354.949
-206.15	354.939
-207.275	354.934
-208.402	354.933
-209.527	354.933
-210.652	354.933
-211.78	354.935
-212.907	354.938
-214.03	354.942
-215.148	354.952
-216.267	354.963
-217.385	354.973
-218.5	354.986
-219.61	355.004
-220.72	355.024
-221.829	355.049
-222.929	355.078
-224.019	355.108
-225.098	355.144
-226.16	355.188
-227.207	355.24
-228.238	355.3
-229.254	355.368
-230.248	355.439
-231.227	355.511
-232.197	355.583
-233.163	355.66
-234.109	355.737
-235.026	355.811
-235.921	355.884
-236.81	355.954
-237.692	356.027
-238.548	356.104
-239.369	356.185
-240.166	356.273
-240.941	356.373
-241.684	356.481
-242.395	356.595
-243.078	356.719
-243.743	356.858
-244.394	357.009
-245.025	357.166
-245.629	357.324
-246.212	357.483
-246.777	357.638
-247.324	357.786
-247.858	357.93
-248.38	358.067
-248.889	358.197
-249.385	358.317
-249.871	358.428
-250.341	358.531
-250.789	358.623
-251.222	358.708
-251.644	358.782
-252.068	358.845
-252.492	358.893
-252.913	358.927
-253.331	358.952
-253.743	358.97
-254.152	358.98
-254.557	358.983
-254.96	358.977
-255.361	358.966
-255.766	358.951
-256.178	358.933
-256.6	358.917
-257.027	358.905
-257.459	358.895
-257.893	358.887
-258.328	358.883
-258.761	358.88
-259.193	358.881
-259.622	358.888
-260.051	358.904
-260.479	358.927
-260.906	358.956
-261.332	358.986
-261.758	359.019
-262.178	359.059
-262.586	359.109
-262.981	359.164
-263.361	359.216
-263.727	359.264
-264.074	359.311
-264.405	359.362
-264.729	359.421
-265.054	359.483
-265.38	359.537
-265.703	359.58
-266.025	359.614
-266.345	359.638
-266.662	359.652
-266.975	359.658
-267.29	359.655
-267.612	359.639
-267.947	359.608
-268.296	359.56
-268.656	359.493
-269.025	359.412
-269.4	359.312
-269.783	359.192
-270.174	359.044
-270.568	358.87
-270.963	358.674
-271.363	358.451
-271.766	358.197
-272.173	357.912
-272.578	357.592
-272.975	357.231
-273.358	356.834
-273.731	356.404
-274.094	355.939
-274.439	355.439
-274.762	354.902
-275.066	354.33
-275.352	353.724
-275.621	353.087
-275.877	352.421
-276.115	351.729
-276.333	351.013
-276.537	350.272
-276.729	349.51
-276.904	348.729
-277.063	347.92
-277.211	347.084
-277.341	346.222
-277.449	345.336
-277.541	344.432
-277.617	343.505
-277.685	342.558
-277.759	341.586
-277.843	340.592
-277.93	339.579
-278.017	338.546
-278.103	337.492
-278.189	336.42
-278.272	335.333
-278.355	334.232
-278.436	333.12
-278.518	331.998
-278.598	330.87
-278.676	329.735
-278.753	328.587
-278.828	327.424
-278.898	326.248
-278.967	325.06
-279.033	323.858
-279.096	322.659
-279.15	321.47
-279.198	320.289
-279.242	319.107
-279.284	317.916
-279.326	316.718
-279.364	315.525
-279.393	314.342
-279.418	313.166
-279.436	311.992
-279.446	310.821
-279.452	309.65
-279.451	308.482
-279.445	307.318
-279.432	306.157
-279.413	305
-279.389	303.845
-279.354	302.694
-279.316	301.545
-279.273	300.403
-279.229	299.267
-279.176	298.132
-279.121	297.003
-279.059	295.877
-278.991	294.754
-278.918	293.631
-278.84	292.51
-278.756	291.391
-278.667	290.273
-278.573	289.156
-278.477	288.032
-278.377	286.91
-278.276	285.789
-278.171	284.668
-278.061	283.544
-277.944	282.416
-277.821	281.287
-277.694	280.158
-277.567	279.025
-277.436	277.89
-277.299	276.755
-277.16	275.621
-277.013	274.48
-276.861	273.338
-276.704	272.195
-276.542	271.052
-276.375	269.908
-276.203	268.76
-276.024	267.609
-275.842	266.455
-275.656	265.299
-275.466	264.143
-275.273	262.99
-275.075	261.833
-274.87	260.672
-274.656	259.508
-274.436	258.343
-274.209	257.182
-273.973	256.02
-273.732	254.854
-273.485	253.69
-273.229	252.516
-272.967	251.337
-272.693	250.154
-272.411	248.971
-272.125	247.79
-271.834	246.611
-271.541	245.434
-271.248	244.261
-270.944	243.086
-270.634	241.921
-270.316	240.756
-269.987	239.589
-269.654	238.427
-269.317	237.27
-268.979	236.115
-268.633	234.964
-268.286	233.81
-267.932	232.652
-267.573	231.499
-267.21	230.349
-266.843	229.202
-266.472	228.056
-266.097	226.912
-265.719	225.772
-265.336	224.633
-264.944	223.492
-264.545	222.352
-264.14	221.212
-263.733	220.073
-263.32	218.942
-262.904	217.814
-262.482	216.689
-262.053	215.569
-261.619	214.449
-261.18	213.328
-260.739	212.209
-260.298	211.095
-259.856	209.983
-259.41	208.871
-258.962	207.758
-258.511	206.644
-258.058	205.53
-257.602	204.422
-257.144	203.315
-256.678	202.212
-256.21	201.111
-255.738	200.012
-255.262	198.914
-254.78	197.82
-254.289	196.726
-253.793	195.637
-253.293	194.554
-252.79	193.473
-252.285	192.39
-251.779	191.31
-251.265	190.235
-250.747	189.164
-250.224	188.099
-249.697	187.045
-249.166	185.998
-248.634	184.958
-248.097	183.922
-247.555	182.89
-247.011	181.86
-246.464	180.836
-245.914	179.811
-245.365	178.791
-244.813	177.774
-244.26	176.761
-243.702	175.748
-243.14	174.741
-242.578	173.743
-242.011	172.748
-241.432	171.753
-240.847	170.755
-240.254	169.761
-239.657	168.769
-239.054	167.775
-238.444	166.775
-237.834	165.777
-237.217	164.776
-236.596	163.773
-235.968	162.768
-235.33	161.766
-234.681	160.761
-234.024	159.756
-233.357	158.75
-232.688	157.746
-232.013	156.749
-231.331	155.757
-230.647	154.772
-229.956	153.783
-229.266	152.796
-228.574	151.816
-227.877	150.833
-227.174	149.857
-226.466	148.887
-225.754	147.923
-225.042	146.959
-224.328	145.996
-223.616	145.039
-222.902	144.089
-222.18	143.14
-221.455	142.193
-220.73	141.249
-220.006	140.311
-219.282	139.384
-218.55	138.46
-217.808	137.54
-217.063	136.621
-216.317	135.705
-215.574	134.791
-214.824	133.882
-214.063	132.975
-213.293	132.075
-212.516	131.181
-211.745	130.289
-210.969	129.399
-210.187	128.508
-209.399	127.621
-208.606	126.736
-207.804	125.852
-206.997	124.968
-206.187	124.085
-205.375	123.203
-204.555	122.327
-203.728	121.454
-202.89	120.583
-202.046	119.714
-201.198	118.846
-200.346	117.978
-199.49	117.11
-198.628	116.245
-197.759	115.385
-196.889	114.524
-196.005	113.664
-195.117	112.803
-194.225	111.951
-193.328	111.096
-192.421	110.242
-191.506	109.389
-190.581	108.536
-189.65	107.691
-188.714	106.85
-187.772	106.011
-186.825	105.171
-185.877	104.328
-184.925	103.484
-183.972	102.64
-183.018	101.799
-182.061	100.964
-181.104	100.135
-180.141	99.3029
-179.175	98.4748
-178.21	97.644
-177.238	96.8087
-176.264	95.974
-175.289	95.1424
-174.316	94.307
-173.353	93.4662
-172.398	92.6214
-171.448	91.7679
-170.496	90.9142
-169.544	90.065
-168.591	89.2189
-167.635	88.3765
-166.68	87.5327
-165.725	86.689
-164.769	85.845
-163.817	84.9995
-162.869	84.1485
-161.919	83.2984
-160.973	82.4449
-160.028	81.5881
-159.081	80.7323
-158.135	79.8759
-157.188	79.0269
-156.241	78.1807
-155.288	77.338
-154.334	76.4978
-153.376	75.656
-152.421	74.8156
-151.464	73.9736
-150.509	73.1288
-149.554	72.2836
-148.595	71.4364
-147.638	70.587
-146.679	69.7405
-145.721	68.895
-144.763	68.0504
-143.804	67.2061
-142.848	66.3587
-141.889	65.5118
-140.932	64.6633
-139.974	63.8155
-139.016	62.9699
-138.057	62.1268
-137.1	61.2883
-136.144	60.4516
-135.192	59.6177
-134.241	58.7842
-133.289	57.9494
-132.336	57.1114
-131.383	56.2714
-130.426	55.4315
-129.473	54.5908
-128.52	53.7514
-127.57	52.9111
-126.618	52.0687
-125.667	51.2256
-124.714	50.3838
-123.757	49.5399
-122.793	48.6967
-121.83	47.8526
-120.871	47.0119
-119.916	46.171
-118.958	45.3293
-117.996	44.4864
-117.029	43.6407
-116.065	42.7931
-115.1	41.9463
-114.137	41.1061
-113.171	40.2653
-112.199	39.4252
-111.222	38.5798
-110.25	37.7329
-109.283	36.8847
-108.319	36.0357
-107.351	35.1861
-106.378	34.3381
-105.404	33.4901
-104.422	32.6346
-103.442	31.779
-102.464	30.9269
-101.488	30.0764
-100.508	29.2267
-99.5268	28.3741
-98.5471	27.5224
-97.5683	26.67
-96.5884	25.8189
-95.6104	24.9688
-94.6339	24.1229
-93.6568	23.2802
-92.6801	22.439
-91.7016	21.5983
-90.7247	20.7582
-89.7507	19.92
-88.7769	19.084
-87.8067	18.2508
-86.836	17.4169
-85.87	16.584
-84.9086	15.7494
-83.952	14.9129
-83	14.076
-82.0506	13.2406
-81.1022	12.4036
-80.1559	11.5648
-79.2079	10.729
-78.2659	9.89394
-77.3285	9.06196
-76.3979	8.23353
-75.4693	7.40419
-74.5432	6.57388
-73.6203	5.74498
-72.6996	4.92219
-71.7861	4.10492
-70.8773	3.29144
-69.9751	2.48857
-69.0829	1.69367
-68.2004	0.908215
-67.3258	0.132003
-66.4599	-0.634015
-65.6054	-1.39008
-64.7618	-2.13225
-63.929	-2.86202
-63.1003	-3.58494
-62.2772	-4.30564
-61.46	-5.01916
-60.6554	-5.72793
-59.8634	-6.4225
-59.0853	-7.10516
-58.3192	-7.77041
-57.5653	-8.41661
-56.8263	-9.04557
-56.1003	-9.65918
-55.3863	-10.2522
-54.6867	-10.8261
-54.0021	-11.3831
-53.3297	-11.9222
-52.668	-12.4434
-52.0135	-12.9457
-51.3613	-13.4305
-50.7105	-13.8975
-50.0604	-14.3438
-49.4098	-14.7666
-48.7576	-15.1647
-48.1003	-15.5409
-47.4371	-15.8946
-46.766	-16.2208
-46.091	-16.5149
-45.4101	-16.7753
-44.7224	-17.0069
-44.0289	-17.2041
-43.333	-17.3622
-42.6379	-17.4871
-41.9429	-17.5827
-41.2447	-17.642
-40.5467	-17.6606
-39.8543	-17.643
-39.1722	-17.5898
-38.4989	-17.4993
-37.8385	-17.3749
-37.1892	-17.2176
-36.5566	-17.0278
-35.94	-16.8014
-35.3396	-16.5459
-34.7547	-16.2622
-34.1837	-15.9584
-33.6315	-15.6314
-33.0952	-15.2875
-32.5687	-14.9342
-32.0453	-14.5808
-31.5219	-14.2263
-31.0002	-13.8738
-30.4809	-13.5199
-29.965	-13.1706
-29.4531	-12.823
-28.9425	-12.4812
-28.4361	-12.1417
-27.9368	-11.8102
-27.4369	-11.4844
-26.9443	-11.1711
-26.4571	-10.869
-25.9783	-10.5764
-25.5096	-10.2907
-25.0512	-10.0149
-24.6027	-9.74889
-24.1647	-9.4959
-23.7357	-9.25301
-23.3173	-9.01967
-22.9123	-8.7951
-22.5231	-8.57575
-22.1481	-8.36911
-21.7885	-8.17559
-21.445	-7.9966
-21.1197	-7.82904
-20.8158	-7.67208
-20.5339	-7.5259
-20.2746	-7.39042
-20.0361	-7.26637
-19.8066	-7.14816
-19.5801	-7.03261
-19.3549	-6.91715
-19.133	-6.79619
-18.9166	-6.67047
-18.711	-6.54255
-18.5128	-6.41563
-18.3195	-6.28795
-18.1291	-6.15742
-17.9423	-6.0214
-17.7616	-5.87913
-17.5821	-5.73208
-17.396	-5.57521
-17.1994	-5.40442
-16.995	-5.2145
-16.7881	-5.00101
-16.5781	-4.76769
-16.3604	-4.52064
-16.1372	-4.26359
-15.9182	-3.99153
-15.7054	-3.70169
-15.4983	-3.39321
-15.2916	-3.06935
-15.0846	-2.73056
-14.8786	-2.37282
-14.6777	-1.98704
-14.4852	-1.5721
-14.3029	-1.12821
-14.1276	-0.658614
-13.9522	-0.164079
-13.7845	0.356605
-13.6284	0.900991
-13.4935	1.47235
-13.3829	2.06781
-13.296	2.69065
-13.2248	3.33783
-13.1652	4.01084
-13.1192	4.70686
-13.0909	5.42601
-13.0788	6.16448
-13.083	6.92361
-13.1	7.70254
-13.1261	8.50026
-13.1644	9.31425
-13.2054	10.1434
-13.2405	10.9921
-13.2694	11.8613
-13.3028	12.7486
-13.3419	13.6514
-13.382	14.5657
-13.425	15.4985
-13.4697	16.4464
-13.512	17.4088
-13.5516	18.3788
-13.5984	19.3582
-13.6472	20.3448
-13.6986	21.3427
-13.7548	22.3517
-13.8188	23.374
-13.8874	24.4102
-13.9615	25.456
-14.0388	26.5089
-14.1207	27.5671
-14.2058	28.6309
-14.2915	29.7053
-14.3786	30.7914
-14.4663	31.8843
-14.5491	32.9754
-14.6353	34.0623
-14.729	35.1514
-14.8245	36.246
-14.9237	37.3483
-15.0208	38.4555
-15.1111	39.5662
-15.2002	40.681
-15.2952	41.7982
-15.3862	42.9134
-15.4718	44.0302
-15.5604	45.1465
-15.6415	46.2711
-15.7186	47.3996
-15.7971	48.5297
-15.8767	49.6561
-15.9512	50.7868
-16.024	51.9273
-16.0952	53.0734
-16.1657	54.2189
-16.2342	55.3669
-16.3068	56.5192
-16.3731	57.6789
-16.4434	58.8462
-16.5157	60.0117
-16.5896	61.1727
-16.6663	62.3347
-16.7482	63.5067
-16.8266	64.6851
-16.9042	65.8653
-16.9794	67.0488
-17.0522	68.2282
-17.1259	69.409
-17.2049	70.5938
-17.2828	71.774
-17.3608	72.9416
-17.4358	74.1024
-17.5108	75.2656
-17.5803	76.4297
-17.6442	77.5888
-17.7175	78.7447
-17.7834	79.9039
-17.8524	81.0613
-17.9281	82.2122
-18.0028	83.3569
-18.079	84.4979
-18.1548	85.63
-18.2294	86.7523
-18.3023	87.871
-18.3646	88.991
-18.4286	90.1135
-18.4875	91.2354
-18.5418	92.3556
-18.5964	93.4688
-18.6516	94.5775
-18.7074	95.685
-18.7628	96.7927
