origin_r1:
f4: 25 - 21s
f5: 32 - 27s
f6: 42 - 38s
f7: 38 - 37s
f8: 35 - 30s
f9: 38 - 39s
f10: 33 - 33s


origin_r2:
f4: 37 - 94s
f5: 20 - 47s
f6: 35 - 77s
f7: 34 - 65s
f8: 26 - 48s
f9: 19 - 37s
f10: 17 - 42s

new_01_r1:
f4: 
f5:
f6:
f7:
f8:
f9:
f10:

new_01_r2:
f4: 26 - 179s
f5:
f6:
f7:
f8:
f9:
f10:

new_02_r1:
f4: 26 - 179s
f5:
f6:
f7:
f8:
f9:
f10:

new_02_r2:
f4: 26 - 179s
f5:
f6:
f7:
f8:
f9:
f10:

new_03_r2:
f4: 21 - 111s
f5: 19 - 103s
f6: 20 - 94s
f7: 22 -103
f8: 23 - 112
f9: 14 -66
f10: 21 - 108

new_03_r1:
f4: 20 -37
f5: 16-30
f6: 23 - 40
f7: 25 -47
f8: 15 - 25
f9: 14 -27
f10:19 - 41

new_04_r1:
f4: 26 - 179s
f5:
f6:
f7:
f8:
f9:
f10:

new_04_r2:
f4: 26 - 179s
f5:
f6:
f7:
f8:
f9:
f10:

frame 4 :
iter      cost      cost_change  |gradient|   |step|    tr_ratio  tr_radius  ls_iter  iter_time  total_time
   0  7.803990e+04    0.00e+00    3.42e+06   0.00e+00   0.00e+00  1.00e+04        0    5.96e+00    6.02e+00
   1  7.650541e+04    1.53e+03    1.47e+06   1.77e+01   8.67e-01  1.65e+04        1    6.76e+00    1.28e+01
   2  7.414718e+04    2.36e+03    9.77e+05   1.76e+01   8.68e-01  2.76e+04        1    7.16e+00    1.99e+01
   3  7.076152e+04    3.39e+03    8.36e+05   2.98e+01   9.22e-01  6.92e+04        1    7.93e+00    2.79e+01
   4  6.724185e+04    3.52e+03    8.31e+05   7.25e+01   9.65e-01  2.08e+05        1    7.88e+00    3.58e+01
   5  6.496589e+04    2.28e+03    6.37e+05   1.90e+02   9.37e-01  6.23e+05        1    8.43e+00    4.42e+01
   6  6.386826e+04    1.10e+03    6.47e+05   5.11e+02   8.56e-01  9.75e+05        1    8.08e+00    5.23e+01
   7  6.338272e+04    4.86e+02    5.94e+05   6.73e+02   7.34e-01  1.09e+06        1    8.04e+00    6.03e+01
   8  6.311841e+04    2.64e+02    5.30e+05   9.21e+02   6.29e-01  1.10e+06        1    7.55e+00    6.79e+01
   9  6.295375e+04    1.65e+02    4.76e+05   1.16e+03   5.41e-01  1.11e+06        1    7.54e+00    7.54e+01
  10  6.285943e+04    9.43e+01    4.23e+05   1.37e+03   4.25e-01  1.10e+06        1    7.50e+00    8.29e+01
  11  6.282247e+04    3.70e+01    3.81e+05   1.57e+03   2.21e-01  9.39e+05        1    7.56e+00    9.05e+01
  12  6.281934e+04    3.13e+00    3.51e+05   1.55e+03   2.36e-02  5.04e+05        1    7.65e+00    9.81e+01
  13  6.281934e+04   -6.38e-02    0.00e+00   9.92e+02  -5.83e-04  2.52e+05        1    6.20e-01    9.87e+01
  14  6.281934e+04   -4.80e+00    0.00e+00   5.16e+02  -4.70e-02  6.30e+04        1    5.85e-01    9.93e+01
  15  6.281934e+04   -1.15e+01    0.00e+00   1.44e+02  -1.25e-01  7.87e+03        1    5.65e-01    9.99e+01
  16  6.281934e+04   -1.65e+01    0.00e+00   2.30e+01  -2.00e-01  4.92e+02        1    5.63e-01    1.00e+02
  17  6.281934e+04   -2.33e+01    0.00e+00   6.26e+00  -3.23e-01  1.54e+01        1    5.71e-01    1.01e+02
  18  6.281934e+04   -2.12e+01    0.00e+00   5.18e+00  -3.29e-01  2.40e-01        1    5.67e-01    1.02e+02
  19  6.281791e+04    1.43e+00    2.82e+05   1.52e+00   6.86e-02  1.46e-01        1    7.77e+00    1.09e+02
  20  6.281791e+04   -8.36e-01    0.00e+00   1.08e+00  -6.55e-02  7.31e-02        1    5.67e-01    1.10e+02
  21  6.281791e+04   -3.32e-01    0.00e+00   6.05e-01  -4.61e-02  1.83e-02        1    5.75e-01    1.10e+02
  
  Test : /refined_test.txtFrame 00005
[ photobundle.cc:0621 ]: updated 9736 [59.42%] max 12455 new 4096
[ photobundle.cc:0882 ]: Using 7985 points (31207 residual blocks) [id start 1]
iter      cost      cost_change  |gradient|   |step|    tr_ratio  tr_radius  ls_iter  iter_time  total_time
   0  4.990182e+04    0.00e+00    6.29e+06   0.00e+00   0.00e+00  1.00e+04        0    6.56e+00    6.61e+00
   1  4.653611e+04    3.37e+03    3.38e+06   4.33e+01   1.29e+00  3.00e+04        1    7.45e+00    1.41e+01
   2  4.564055e+04    8.96e+02    1.90e+06   5.01e+01   1.08e+00  9.00e+04        1    6.93e+00    2.10e+01
   3  4.528139e+04    3.59e+02    9.97e+05   1.03e+02   9.62e-01  2.70e+05        1    7.01e+00    2.80e+01
   4  4.508850e+04    1.93e+02    5.69e+05   3.24e+02   8.80e-01  4.81e+05        1    7.00e+00    3.50e+01
   5  4.499457e+04    9.39e+01    5.13e+05   7.40e+02   6.59e-01  4.97e+05        1    6.83e+00    4.18e+01
   6  4.494226e+04    5.23e+01    4.68e+05   1.05e+03   5.32e-01  4.97e+05        1    7.26e+00    4.91e+01
   7  4.490516e+04    3.71e+01    4.11e+05   1.38e+03   4.89e-01  4.97e+05        1    6.97e+00    5.61e+01
   8  4.488276e+04    2.24e+01    3.54e+05   1.75e+03   3.52e-01  4.85e+05        1    6.96e+00    6.30e+01
   9  4.486774e+04    1.50e+01    3.14e+05   1.97e+03   2.51e-01  4.31e+05        1    7.24e+00    7.03e+01
  10  4.486401e+04    3.73e+00    2.79e+05   1.80e+03   8.20e-02  2.72e+05        1    7.19e+00    7.75e+01
  11  4.485602e+04    7.99e+00    2.53e+05   1.03e+03   1.97e-01  2.23e+05        1    7.27e+00    8.47e+01
  12  4.485602e+04   -5.69e+00    0.00e+00   7.45e+02  -1.39e-01  1.11e+05        1    5.85e-01    8.53e+01
  13  4.485602e+04   -6.80e+00    0.00e+00   3.81e+02  -1.79e-01  2.78e+04        1    5.19e-01    8.58e+01
  14  4.485602e+04   -9.70e+00    0.00e+00   1.07e+02  -2.81e-01  3.48e+03        1    5.19e-01    8.63e+01
  15  4.485602e+04   -7.64e+00    0.00e+00   2.56e+01  -2.55e-01  2.18e+02        1    5.36e-01    8.69e+01
  16  4.485602e+04   -8.52e+00    0.00e+00   1.46e+01  -4.05e-01  6.80e+00        1    5.63e-01    8.74e+01
  17  4.485602e+04   -7.05e+00    0.00e+00   1.30e+01  -4.20e-01  1.06e-01        1    5.90e-01    8.80e+01
  18  4.485567e+04    3.52e-01    2.26e+05   2.39e+00   9.85e-02  7.00e-02        1    7.65e+00    9.57e+01
  19  4.485560e+04    6.90e-02    2.09e+05   1.52e+00   3.00e-02  3.82e-02        1    7.38e+00    1.03e+02
  
  Test : /refined_test.txtFrame 00006
[ photobundle.cc:0621 ]: updated 9143 [55.80%] max 11541 new 4096
[ photobundle.cc:0882 ]: Using 7038 points (27332 residual blocks) [id start 2]
iter      cost      cost_change  |gradient|   |step|    tr_ratio  tr_radius  ls_iter  iter_time  total_time
   0  4.475665e+04    0.00e+00    6.17e+06   0.00e+00   0.00e+00  1.00e+04        0    6.05e+00    6.09e+00
   1  4.010652e+04    4.65e+03    3.73e+06   4.35e+01   1.40e+00  3.00e+04        1    6.72e+00    1.28e+01
   2  3.889923e+04    1.21e+03    2.32e+06   5.09e+01   1.18e+00  9.00e+04        1    6.87e+00    1.97e+01
   3  3.851257e+04    3.87e+02    1.39e+06   9.39e+01   1.03e+00  2.70e+05        1    6.92e+00    2.66e+01
   4  3.837634e+04    1.36e+02    8.05e+05   2.11e+02   7.92e-01  3.37e+05        1    6.25e+00    3.28e+01
   5  3.830577e+04    7.06e+01    4.57e+05   2.22e+02   6.74e-01  3.52e+05        1    6.76e+00    3.96e+01
   6  3.827176e+04    3.40e+01    4.07e+05   2.15e+02   5.02e-01  3.52e+05        1    7.05e+00    4.67e+01
   7  3.825485e+04    1.69e+01    3.26e+05   2.07e+02   2.92e-01  3.29e+05        1    6.50e+00    5.32e+01
   8  3.824492e+04    9.92e+00    2.48e+05   1.86e+02   2.85e-01  3.04e+05        1    6.26e+00    5.94e+01
   9  3.823890e+04    6.03e+00    2.05e+05   1.67e+02   1.96e-01  2.49e+05        1    6.61e+00    6.60e+01
  10  3.823306e+04    5.83e+00    1.86e+05   1.33e+02   1.82e-01  1.98e+05        1    6.54e+00    7.26e+01
  11  3.823306e+04   -5.19e+00    0.00e+00   1.06e+02  -1.51e-01  9.90e+04        1    5.02e-01    7.31e+01
  12  3.823306e+04   -5.35e+00    0.00e+00   5.92e+01  -1.60e-01  2.47e+04        1    4.57e-01    7.35e+01
  13  3.823306e+04   -4.67e+00    0.00e+00   2.51e+01  -1.48e-01  3.09e+03        1    4.59e-01    7.40e+01
  14  3.823239e+04    6.72e-01    1.73e+05   7.09e+00   2.58e-02  1.67e+03        1    6.14e+00    8.01e+01
  15  3.822597e+04    6.42e+00    1.73e+05   4.39e+00   2.89e-01  1.55e+03        1    6.23e+00    8.63e+01
  16  3.822597e+04   -1.28e-01    0.00e+00   4.15e+00  -8.47e-03  7.76e+02        1    4.61e-01    8.68e+01
  17  3.822597e+04   -4.16e-01    0.00e+00   2.31e+00  -2.94e-02  1.94e+02        1    4.60e-01    8.73e+01
  18  3.822597e+04   -7.76e-01    0.00e+00   7.78e-01  -6.21e-02  2.43e+01        1    4.57e-01    8.77e+01
  19  3.822597e+04   -5.18e-01    0.00e+00   3.09e-01  -4.58e-02  1.52e+00        1    4.55e-01    8.82e+01
  20  3.822512e+04    8.53e-01    1.39e+05   1.91e-01   9.85e-02  9.99e-01        1    6.05e+00    9.42e+01


Test : /refined_test.txtFrame 00007
[ photobundle.cc:0621 ]: updated 9110 [55.60%] max 11257 new 4096
[ photobundle.cc:0882 ]: Using 6972 points (25946 residual blocks) [id start 3]
iter      cost      cost_change  |gradient|   |step|    tr_ratio  tr_radius  ls_iter  iter_time  total_time
   0  4.739098e+04    0.00e+00    1.11e+07   0.00e+00   0.00e+00  1.00e+04        0    5.32e+00    5.36e+00
   1  4.237843e+04    5.01e+03    6.16e+06   5.94e+01   1.26e+00  3.00e+04        1    5.79e+00    1.11e+01
   2  4.099737e+04    1.38e+03    3.64e+06   5.63e+01   1.05e+00  9.00e+04        1    5.76e+00    1.69e+01
   3  4.048769e+04    5.10e+02    2.14e+06   1.09e+02   9.55e-01  2.70e+05        1    5.85e+00    2.28e+01
   4  4.029057e+04    1.97e+02    1.02e+06   2.85e+02   8.32e-01  3.82e+05        1    6.07e+00    2.88e+01
   5  4.020107e+04    8.95e+01    9.14e+05   3.98e+02   7.23e-01  4.19e+05        1    5.76e+00    3.46e+01
   6  4.015536e+04    4.57e+01    8.51e+05   4.40e+02   6.03e-01  4.22e+05        1    5.84e+00    4.04e+01
   7  4.013068e+04    2.47e+01    7.80e+05   4.47e+02   4.48e-01  4.22e+05        1    5.77e+00    4.62e+01
   8  4.010841e+04    2.23e+01    6.78e+05   4.48e+02   5.49e-01  4.22e+05        1    5.78e+00    5.20e+01
   9  4.009112e+04    1.73e+01    5.83e+05   4.50e+02   4.79e-01  4.22e+05        1    5.75e+00    5.77e+01
  10  4.007982e+04    1.13e+01    5.07e+05   4.51e+02   4.10e-01  4.20e+05        1    5.77e+00    6.35e+01
  11  4.007824e+04    1.57e+00    4.39e+05   4.48e+02   6.04e-02  2.50e+05        1    6.45e+00    6.99e+01
  12  4.007824e+04   -2.20e+00    0.00e+00   2.68e+02  -8.88e-02  1.25e+05        1    4.78e-01    7.04e+01
  13  4.007824e+04   -2.24e+00    0.00e+00   1.35e+02  -9.59e-02  3.12e+04        1    5.13e-01    7.09e+01
  14  4.007824e+04   -1.25e+00    0.00e+00   3.41e+01  -5.86e-02  3.91e+03        1    4.80e-01    7.14e+01
  15  4.007742e+04    8.25e-01    4.04e+05   4.81e+00   4.35e-02  2.22e+03        1    6.32e+00    7.77e+01
  16  4.007428e+04    3.14e+00    3.71e+05   2.94e+00   1.85e-01  1.77e+03        1    6.03e+00    8.38e+01
  17  4.007069e+04    3.59e+00    3.33e+05   2.47e+00   2.66e-01  1.61e+03        1    5.98e+00    8.97e+01
  18  4.006680e+04    3.89e+00    2.91e+05   2.34e+00   2.93e-01  1.50e+03        1    6.00e+00    9.57e+01
  19  4.006521e+04    1.58e+00    2.84e+05   2.27e+00   1.35e-01  1.08e+03        1    6.07e+00    1.02e+02
  20  4.006521e+04   -2.56e-01    0.00e+00   1.76e+00  -2.67e-02  5.41e+02        1    5.05e-01    1.02e+02
  21  4.006521e+04   -4.15e-01    0.00e+00   9.43e-01  -4.63e-02  1.35e+02        1    5.07e-01    1.03e+02
  22  4.006521e+04   -5.68e-01    0.00e+00   2.62e-01  -7.06e-02  1.69e+01        1    4.68e-01    1.03e+02


Test : /refined_test.txtFrame 00008
[ photobundle.cc:0621 ]: updated 9464 [57.76%] max 11650 new 4096
[ photobundle.cc:0882 ]: Using 7323 points (27227 residual blocks) [id start 4]
iter      cost      cost_change  |gradient|   |step|    tr_ratio  tr_radius  ls_iter  iter_time  total_time
   0  5.280366e+04    0.00e+00    4.16e+06   0.00e+00   0.00e+00  1.00e+04        0    5.93e+00    5.97e+00
   1  4.885979e+04    3.94e+03    2.96e+06   5.47e+01   1.28e+00  3.00e+04        1    6.37e+00    1.23e+01
   2  4.766783e+04    1.19e+03    2.19e+06   7.45e+01   1.10e+00  9.00e+04        1    6.61e+00    1.90e+01
   3  4.719799e+04    4.70e+02    1.64e+06   1.87e+02   9.94e-01  2.70e+05        1    6.32e+00    2.53e+01
   4  4.697544e+04    2.23e+02    1.30e+06   5.44e+02   8.80e-01  4.82e+05        1    6.26e+00    3.15e+01
   5  4.687223e+04    1.03e+02    1.07e+06   9.61e+02   6.91e-01  5.11e+05        1    6.27e+00    3.78e+01
   6  4.680581e+04    6.64e+01    9.17e+05   1.01e+03   6.57e-01  5.27e+05        1    6.34e+00    4.41e+01
   7  4.675029e+04    5.55e+01    7.93e+05   1.04e+03   6.97e-01  5.62e+05        1    6.34e+00    5.05e+01
   8  4.672308e+04    2.72e+01    6.75e+05   1.11e+03   4.99e-01  5.62e+05        1    6.23e+00    5.67e+01
   9  4.669531e+04    2.78e+01    5.76e+05   1.12e+03   5.97e-01  5.66e+05        1    6.13e+00    6.28e+01
  10  4.667180e+04    2.35e+01    5.00e+05   1.14e+03   5.66e-01  5.67e+05        1    6.32e+00    6.92e+01
  11  4.665709e+04    1.47e+01    4.21e+05   1.16e+03   4.56e-01  5.67e+05        1    6.17e+00    7.53e+01
  12  4.664536e+04    1.17e+01    3.47e+05   1.19e+03   4.01e-01  5.63e+05        1    6.09e+00    8.14e+01
  13  4.662736e+04    1.80e+01    2.92e+05   1.21e+03   7.33e-01  6.26e+05        1    6.32e+00    8.77e+01
  14  4.661567e+04    1.17e+01    2.57e+05   1.38e+03   5.00e-01  6.26e+05        1    6.25e+00    9.40e+01
  15  4.660886e+04    6.80e+00    2.28e+05   1.41e+03   4.12e-01  6.23e+05        1    6.47e+00    1.00e+02
  16  4.660580e+04    3.07e+00    2.08e+05   1.43e+03   2.29e-01  5.38e+05        1    6.81e+00    1.07e+02
  17  4.660580e+04   -1.08e-01    0.00e+00   1.25e+03  -1.01e-02  2.69e+05        1    5.37e-01    1.08e+02
  18  4.660580e+04   -1.23e+00    0.00e+00   6.25e+02  -1.36e-01  6.72e+04        1    7.19e-01    1.09e+02
  19  4.660580e+04   -2.42e+00    0.00e+00   1.57e+02  -3.27e-01  8.40e+03        1    5.87e-01    1.09e+02
  20  4.660580e+04   -2.77e+00    0.00e+00   1.99e+01  -4.21e-01  5.25e+02        1    7.07e-01    1.10e+02
  21  4.660580e+04   -3.43e+00    0.00e+00   1.57e+00  -6.02e-01  1.64e+01        1    6.09e-01    1.10e+02
  22  4.660580e+04   -3.67e+00    0.00e+00   4.60e-01  -7.46e-01  2.56e-01        1    6.95e-01    1.11e+02
  23  4.660580e+04   -4.32e-01    0.00e+00   1.59e-01  -2.49e-01  2.00e-03        1    5.83e-01    1.12e+02
  
  Test : /refined_test.txtFrame 00009
[ photobundle.cc:0621 ]: updated 9871 [60.25%] max 12254 new 4096
[ photobundle.cc:0882 ]: Using 7853 points (30152 residual blocks) [id start 5]
iter      cost      cost_change  |gradient|   |step|    tr_ratio  tr_radius  ls_iter  iter_time  total_time
   0  6.011987e+04    0.00e+00    4.87e+06   0.00e+00   0.00e+00  1.00e+04        0    6.29e+00    6.33e+00
   1  5.663982e+04    3.48e+03    3.07e+06   6.48e+01   1.22e+00  3.00e+04        1    6.78e+00    1.31e+01
   2  5.579130e+04    8.49e+02    2.19e+06   7.20e+01   9.80e-01  9.00e+04        1    7.28e+00    2.04e+01
   3  5.546705e+04    3.24e+02    1.57e+06   1.44e+02   8.57e-01  1.42e+05        1    6.79e+00    2.72e+01
   4  5.531630e+04    1.51e+02    1.15e+06   2.09e+02   7.71e-01  1.69e+05        1    6.83e+00    3.40e+01
   5  5.524480e+04    7.15e+01    8.95e+05   2.42e+02   6.05e-01  1.70e+05        1    6.92e+00    4.09e+01
   6  5.521213e+04    3.27e+01    7.45e+05   2.42e+02   4.29e-01  1.70e+05        1    7.30e+00    4.82e+01
   7  5.519814e+04    1.40e+01    6.54e+05   2.39e+02   2.59e-01  1.53e+05        1    7.27e+00    5.55e+01
   8  5.519814e+04   -9.44e-01    0.00e+00   2.14e+02  -2.52e-02  7.63e+04        1    5.81e-01    5.61e+01
   9  5.519814e+04   -2.93e+00    0.00e+00   1.08e+02  -8.51e-02  1.91e+04        1    5.22e-01    5.66e+01
  10  5.519814e+04   -5.19e+00    0.00e+00   2.78e+01  -1.74e-01  2.38e+03        1    5.11e-01    5.71e+01
  11  5.519814e+04   -6.55e+00    0.00e+00   3.78e+00  -2.52e-01  1.49e+02        1    5.22e-01    5.76e+01
  12  5.519814e+04   -7.99e+00    0.00e+00   3.55e-01  -3.57e-01  4.66e+00        1    5.37e-01    5.82e+01
  13  5.519814e+04   -4.84e+00    0.00e+00   1.53e-01  -2.51e-01  7.28e-02        1    5.16e-01    5.87e+01
  14  5.519799e+04    1.55e-01    5.99e+05   1.56e-02   5.65e-02  4.29e-02        1    7.35e+00    6.61e+01

Test : /refined_test.txtFrame 00010
[ photobundle.cc:0621 ]: updated 9271 [56.59%] max 11959 new 4096
[ photobundle.cc:0882 ]: Using 7477 points (28659 residual blocks) [id start 6]
iter      cost      cost_change  |gradient|   |step|    tr_ratio  tr_radius  ls_iter  iter_time  total_time
   0  5.332346e+04    0.00e+00    5.53e+06   0.00e+00   0.00e+00  1.00e+04        0    6.38e+00    6.44e+00
   1  5.063653e+04    2.69e+03    2.67e+06   5.17e+01   1.16e+00  3.00e+04        1    6.73e+00    1.32e+01
   2  4.988503e+04    7.52e+02    1.63e+06   6.05e+01   9.43e-01  9.00e+04        1    6.57e+00    1.97e+01
   3  4.957132e+04    3.14e+02    1.25e+06   8.35e+01   8.44e-01  1.33e+05        1    6.55e+00    2.63e+01
   4  4.943346e+04    1.38e+02    9.85e+05   1.02e+02   6.78e-01  1.40e+05        1    6.97e+00    3.33e+01
   5  4.936043e+04    7.30e+01    7.76e+05   1.01e+02   5.70e-01  1.40e+05        1    6.72e+00    4.00e+01
^C   6  4.931636e+04    4.41e+01    6.34e+05   9.82e+01   4.83e-01  1.40e+05        1    6.75e+00    4.67e+01
   7  4.929036e+04    2.60e+01    5.27e+05   9.51e+01   3.93e-01  1.39e+05        1    6.68e+00    5.34e+01
   8  4.927256e+04    1.78e+01    4.35e+05   9.28e+01   3.13e-01  1.32e+05        1    6.65e+00    6.01e+01
   9  4.925828e+04    1.43e+01    3.62e+05   8.99e+01   2.92e-01  1.23e+05        1    6.66e+00    6.67e+01
  10  4.925408e+04    4.20e+00    2.95e+05   8.94e+01   9.77e-02  8.09e+04        1    6.66e+00    7.34e+01
  11  4.924819e+04    5.89e+00    2.48e+05   6.73e+01   1.64e-01  6.20e+04        1    6.51e+00    7.99e+01
  12  4.924819e+04   -6.74e-01    0.00e+00   6.14e+01  -2.32e-02  3.10e+04        1    4.85e-01    8.04e+01
  13  4.924819e+04   -1.59e+00    0.00e+00   3.15e+01  -5.81e-02  7.76e+03        1    4.83e-01    8.09e+01
  14  4.924819e+04   -2.34e+00    0.00e+00   8.29e+00  -9.60e-02  9.70e+02        1    4.73e-01    8.13e+01
  15  4.924819e+04   -1.74e+00    0.00e+00   1.31e+00  -8.37e-02  6.06e+01        1    4.76e-01    8.18e+01
  16  4.924819e+04   -2.99e+00    0.00e+00   3.09e-01  -1.68e-01  1.89e+00        1    4.77e-01    8.23e+01
  17  4.924819e+04   -7.51e-01    0.00e+00   1.83e-01  -6.00e-02  2.96e-02        1    5.21e-01    8.28e+01
  18  4.924801e+04    1.83e-01    2.41e+05   8.84e-03   1.89e-01  2.38e-02        1    6.41e+00    8.92e+01
  19  4.924787e+04    1.37e-01    2.30e+05   7.28e-03   1.80e-01  1.89e-02        1    6.35e+00    9.56e+01
  20  4.924777e+04    9.69e-02    2.23e+05   5.88e-03   1.64e-01  1.45e-02        1    6.37e+00    1.02e+02
  21  4.924769e+04    8.40e-02    2.19e+05   4.59e-03   1.88e-01  1.17e-02        1    6.39e+00    1.08e+02




