0 0 -0
0.0456905 -0.0217784 1.05735
0.144424 -0.046853 2.11334
0.287326 -0.0738288 3.1692
0.47859 -0.10446 4.22481
0.72701 -0.137945 5.27807
1.02476 -0.173983 6.32081
1.37182 -0.211521 7.3445
1.77263 -0.247332 8.35606
2.21265 -0.28475 9.35352
2.69753 -0.322224 10.3329
3.22627 -0.361905 11.2863
3.79651 -0.399815 12.2136
4.41171 -0.438546 13.1137
5.06953 -0.472602 13.9875
5.77012 -0.507327 14.8317
6.5109 -0.538425 15.6433
7.29085 -0.570051 16.4271
8.10262 -0.603871 17.1729
8.95567 -0.634681 17.8783
9.84384 -0.666353 18.5546
10.7648 -0.700223 19.1823
11.7211 -0.732426 19.7693
12.708 -0.760511 20.3191
13.729 -0.790527 20.8242
14.7691 -0.823013 21.2849
15.8305 -0.851249 21.7138
16.9266 -0.875269 22.1115
18.0525 -0.900474 22.4742
19.2034 -0.91386 22.8109
20.3573 -0.929009 23.1111
21.53 -0.945294 23.3685
22.7202 -0.962369 23.5944
23.9331 -0.980709 23.7825
25.1672 -0.994075 23.9453
26.4235 -1.01063 24.0636
27.6918 -1.0131 24.1525
28.9865 -1.02456 24.1965
30.2953 -1.02505 24.2175
31.6321 -1.02633 24.1981
32.9766 -1.02467 24.1651
34.3287 -1.02083 24.1167
35.698 -1.01969 24.0429
37.0635 -1.01512 23.9604
38.4354 -1.00994 23.8615
39.8199 -1.00131 23.7482
41.2211 -0.993469 23.6141
42.6407 -0.9857 23.4662
44.09 -0.978126 23.3061
45.5563 -0.973043 23.1339
47.0433 -0.967576 22.9508
48.5505 -0.963236 22.7614
50.0727 -0.960993 22.5601
51.6169 -0.957404 22.3515
53.182 -0.954125 22.1346
54.7679 -0.947845 21.9155
56.369 -0.94101 21.6864
57.9841 -0.932161 21.4584
59.6161 -0.924707 21.2217
61.2685 -0.918552 20.9853
62.9342 -0.91591 20.7472
64.6238 -0.913103 20.506
66.3332 -0.910533 20.2669
68.0587 -0.907212 20.0238
69.7971 -0.90465 19.7855
71.558 -0.902241 19.544
73.3425 -0.900752 19.3025
75.1452 -0.900481 19.0558
76.9577 -0.897865 18.8086
78.7763 -0.899751 18.5653
80.6158 -0.899548 18.3179
82.4712 -0.901976 18.0725
84.336 -0.905254 17.826
86.2193 -0.905239 17.5772
88.1163 -0.90418 17.3262
90.0335 -0.901734 17.0684
91.9422 -0.901286 16.8152
93.862 -0.903338 16.5609
95.7962 -0.906555 16.301
97.7314 -0.910047 16.0424
99.6743 -0.915455 15.7793
101.622 -0.919655 15.5177
103.589 -0.920515 15.2514
105.565 -0.921571 14.9776
107.548 -0.922114 14.6981
109.543 -0.927464 14.4145
111.542 -0.933825 14.1235
113.549 -0.941348 13.8213
115.556 -0.948534 13.5082
117.559 -0.957837 13.1854
119.58 -0.968313 12.8477
121.604 -0.980552 12.5052
123.624 -0.993321 12.1533
125.66 -1.00387 11.7897
127.702 -1.01317 11.4111
129.746 -1.02166 11.0173
131.795 -1.03091 10.6098
133.851 -1.03963 10.1898
135.915 -1.04781 9.75414
137.982 -1.0583 9.30647
140.058 -1.06854 8.8456
142.147 -1.07694 8.37385
144.293 -1.08977 7.8856
146.365 -1.09562 7.39344
148.406 -1.10084 6.89765
150.452 -1.10697 6.38975
152.505 -1.11337 5.87607
154.563 -1.12284 5.35438
156.622 -1.13158 4.82381
158.686 -1.13972 4.27845
160.74 -1.15177 3.72562
162.786 -1.16729 3.16164
164.828 -1.17823 2.59111
166.866 -1.18681 2.01267
168.91 -1.19672 1.42517
170.952 -1.20422 0.828053
172.997 -1.2069 0.217366
175.042 -1.21733 -0.394474
177.086 -1.22228 -1.02284
179.133 -1.23283 -1.65664
181.184 -1.24349 -2.30066
183.238 -1.25297 -2.95508
185.296 -1.26196 -3.62172
187.361 -1.26936 -4.30186
189.427 -1.27615 -4.9892
191.502 -1.28167 -5.68473
193.58 -1.28605 -6.38796
195.652 -1.29338 -7.09699
197.721 -1.30286 -7.81177
199.798 -1.3153 -8.53664
201.875 -1.32924 -9.2669
203.949 -1.34546 -10.0052
206.027 -1.36305 -10.7546
208.116 -1.37691 -11.5207
210.205 -1.38933 -12.297
212.3 -1.40195 -13.0826
214.391 -1.41704 -13.8771
216.48 -1.43378 -14.6807
218.568 -1.45044 -15.4938
220.657 -1.46611 -16.3158
222.748 -1.47819 -17.1467
224.838 -1.4901 -17.9836
226.927 -1.5019 -18.8268
229.012 -1.51647 -19.6742
231.098 -1.53321 -20.5272
233.182 -1.55206 -21.3885
235.267 -1.57297 -22.2545
237.348 -1.59577 -23.1281
239.427 -1.61744 -24.012
241.493 -1.63546 -24.894
243.563 -1.65051 -25.7827
245.631 -1.66658 -26.6789
247.701 -1.68148 -27.5856
249.765 -1.6976 -28.4992
251.829 -1.7128 -29.4226
253.891 -1.72721 -30.3549
255.945 -1.7413 -31.2906
257.995 -1.75592 -32.2344
260.039 -1.77133 -33.1898
262.083 -1.78664 -34.1571
264.124 -1.80148 -35.13
266.166 -1.81494 -36.114
268.21 -1.82684 -37.1115
270.255 -1.83874 -38.1193
272.298 -1.85081 -39.1371
274.34 -1.86456 -40.1681
276.383 -1.87858 -41.2051
278.428 -1.89142 -42.2522
280.478 -1.90428 -43.312
282.535 -1.91632 -44.3823
284.6 -1.92686 -45.4636
286.67 -1.93784 -46.5555
288.745 -1.9503 -47.6615
290.824 -1.9656 -48.777
292.911 -1.98171 -49.9057
295.006 -1.9975 -51.0514
297.111 -2.01098 -52.2125
299.232 -2.02388 -53.386
300.116 -2.03515 -53.8238
302.272 -2.04541 -55.0292
302.819 -2.05228 -55.2681
303.521 -2.06657 -55.6192
304.032 -2.1861 -55.9878
304.675 -2.28663 -56.3898
305.39 -2.37742 -56.8019
306.197 -2.45501 -57.2648
307.131 -2.51434 -57.8157
308.205 -2.55793 -58.4585
309.358 -2.59262 -59.1567
310.501 -2.6227 -59.8588
311.608 -2.65658 -60.5501
312.72 -2.68708 -61.2478
313.799 -2.71825 -61.937
315.06 -2.7234 -62.7442
316.25 -2.70887 -63.4845
318.315 -2.67163 -64.8337
320.373 -2.63023 -66.1931
321.363 -2.61412 -66.8348
322.39 -2.59219 -67.5152
323.421 -2.56514 -68.2133
324.444 -2.53704 -68.9131
325.452 -2.51295 -69.5988
326.489 -2.49014 -70.3021
327.549 -2.46843 -71.026
328.615 -2.44803 -71.7625
329.702 -2.42307 -72.5261
330.781 -2.39874 -73.2855
332.843 -2.34966 -74.7781
334.904 -2.29856 -76.2816
336.968 -2.23734 -77.7966
339.028 -2.17243 -79.322
341.077 -2.11004 -80.8519
343.121 -2.04995 -82.3856
345.166 -1.98889 -83.9358
347.207 -1.92654 -85.4904
349.244 -1.86983 -87.0449
351.268 -1.82433 -88.5969
353.282 -1.79464 -90.1785
355.29 -1.76668 -91.7718
357.311 -1.71549 -93.3697
359.341 -1.6365 -94.9774
361.352 -1.54593 -96.5754
363.346 -1.45735 -98.1805
365.327 -1.37488 -99.7967
367.309 -1.29908 -101.427
369.301 -1.2285 -103.076
371.294 -1.15893 -104.731
373.28 -1.08565 -106.393
375.263 -1.0108 -108.064
377.252 -0.932872 -109.751
379.258 -0.85552 -111.462
380.829 -0.795554 -112.821
381.865 -0.755149 -113.762
382.884 -0.704852 -114.695
383.886 -0.649752 -115.618
384.899 -0.588722 -116.546
385.891 -0.537112 -117.462
386.88 -0.495032 -118.38
387.865 -0.457942 -119.308
388.843 -0.425199 -120.237
389.816 -0.393702 -121.164
390.792 -0.365036 -122.094
391.78 -0.334486 -123.035
392.816 -0.295906 -123.998
394.798 -0.197788 -125.761
396.778 -0.0855421 -127.519
398.758 0.0300974 -129.26
400.749 0.135855 -130.994
402.741 0.228684 -132.726
404.738 0.318198 -134.455
406.731 0.40884 -136.178
408.729 0.502533 -137.895
410.738 0.591637 -139.604
412.752 0.675532 -141.3
414.777 0.758648 -142.992
416.807 0.843255 -144.683
418.833 0.925525 -146.377
420.862 1.00658 -148.077
422.891 1.09353 -149.773
424.93 1.186 -151.466
426.968 1.27978 -153.152
429.005 1.3699 -154.833
431.047 1.45358 -156.516
433.091 1.53617 -158.203
435.137 1.62076 -159.887
436.398 1.67424 -160.921
436.912 1.69707 -161.35
437.417 1.72673 -161.777
437.91 1.7562 -162.189
438.211 1.77667 -162.439
438.318 1.78398 -162.528
438.685 1.79682 -162.821
438.642 1.795 -162.782
438.963 1.80953 -163.036
439.479 1.83472 -163.45
439.547 1.84161 -163.514
439.813 1.85248 -163.737
440.257 1.87269 -164.102
440.746 1.89642 -164.499
441.187 1.91907 -164.856
441.412 1.93116 -165.032
441.679 1.94526 -165.244
442.094 1.96465 -165.582
442.366 1.97564 -165.801
442.659 1.98823 -166.039
443.292 2.01403 -166.549
443.47 2.01565 -166.69
443.71 2.02234 -166.884
443.935 2.03225 -167.066
444.081 2.03951 -167.186
444.216 2.04523 -167.298
444.345 2.05035 -167.408
444.547 2.06055 -167.578
444.749 2.07184 -167.746
445.087 2.08567 -168.022
445.247 2.09089 -168.153
445.429 2.09987 -168.295
445.56 2.11058 -168.4
445.814 2.12571 -168.605
446.294 2.14695 -168.999
446.804 2.1631 -169.422
447.114 2.17222 -169.686
447.339 2.18309 -169.874
447.566 2.19895 -170.072
447.983 2.21963 -170.417
448.223 2.22909 -170.614
448.451 2.23176 -170.811
448.714 2.24062 -171.045
448.986 2.25259 -171.283
448.927 2.24999 -171.255
449.02 2.25411 -171.352
449.216 2.26204 -171.523
449.61 2.28391 -171.857
450.07 2.30821 -172.239
450.566 2.33401 -172.651
451.068 2.35831 -173.068
451.439 2.3717 -173.374
451.936 2.39568 -173.787
452.429 2.42307 -174.199
452.936 2.45051 -174.617
453.402 2.4722 -174.994
453.86 2.49194 -175.361
454.355 2.51473 -175.752
454.587 2.52716 -175.931
455.134 2.55316 -176.365
455.631 2.57628 -176.756
455.991 2.59264 -177.038
456.07 2.59474 -177.107
456.544 2.61924 -177.484
457.04 2.64705 -177.872
457.542 2.67584 -178.27
458.022 2.70142 -178.656
458.453 2.71959 -179.003
458.922 2.73738 -179.379
459.392 2.75639 -179.756
459.873 2.77783 -180.146
460.069 2.78673 -180.306
460.558 2.81297 -180.698
461.036 2.83455 -181.079
461.488 2.85476 -181.448
461.925 2.87616 -181.804
462.397 2.89889 -182.189
462.893 2.92262 -182.592
463.38 2.9461 -182.983
463.837 2.96601 -183.347
464.155 2.98221 -183.602
464.17 2.98466 -183.617
463.139 2.93933 -182.811
463.652 2.96161 -183.225
464.172 2.98151 -183.643
464.679 3.0039 -184.057
465.191 3.02842 -184.469
465.705 3.05465 -184.881
466.221 3.08416 -185.292
466.724 3.11464 -185.69
467.002 3.13102 -185.909
467.51 3.15581 -186.305
468.027 3.17835 -186.705
468.54 3.20135 -187.103
469.078 3.22477 -187.524
469.628 3.24763 -187.954
470.157 3.26964 -188.367
470.895 3.30054 -188.945
471.441 3.32382 -189.374
473.448 3.40904 -190.942
475.471 3.49727 -192.523
477.502 3.58691 -194.109
479.528 3.67608 -195.694
481.552 3.7638 -197.278
483.583 3.84944 -198.87
485.609 3.93392 -200.458
487.632 4.01797 -202.043
489.159 4.08209 -203.244
489.806 4.11091 -203.764
490.44 4.1385 -204.273
491.045 4.16047 -204.762
491.668 4.18429 -205.267
492.201 4.20937 -205.708
492.748 4.2378 -206.151
493.336 4.26915 -206.623
493.901 4.29858 -207.072
494.457 4.32935 -207.514
494.983 4.35867 -207.938
495.513 4.38562 -208.366
496.017 4.4105 -208.773
496.532 4.434 -209.184
497.058 4.45744 -209.596
497.579 4.48185 -209.997
498.112 4.5063 -210.411
498.672 4.52971 -210.849
499.179 4.55209 -211.245
499.707 4.57235 -211.652
500.046 4.58486 -211.916
500.565 4.60852 -212.314
501.074 4.63209 -212.71
501.583 4.65217 -213.106
502.115 4.67049 -213.523
502.663 4.69544 -213.955
503.211 4.72485 -214.38
503.473 4.74424 -214.595
504.01 4.76958 -215.007
504.371 4.7832 -215.291
504.931 4.79874 -215.719
505.429 4.81587 -216.101
505.638 4.82648 -216.261
506.185 4.8476 -216.664
506.727 4.86794 -217.057
506.925 4.87584 -217.199
507.117 4.88028 -217.334
507.694 4.89749 -217.753
508.263 4.91396 -218.167
508.826 4.93165 -218.573
509.458 4.95155 -219.028
509.995 4.97199 -219.42
510.529 4.99106 -219.804
511.054 5.00814 -220.187
511.598 5.02407 -220.585
512.143 5.04141 -220.995
512.722 5.05844 -221.424
513.296 5.07688 -221.856
513.878 5.09987 -222.3
514.583 5.12811 -222.829
515.152 5.15072 -223.26
515.84 5.17141 -223.781
516.068 5.17551 -223.985
516.676 5.18649 -224.451
518.811 5.24017 -225.98
520.942 5.29583 -227.505
523.077 5.35316 -229.031
525.214 5.41148 -230.556
527.357 5.47055 -232.078
529.509 5.53011 -233.605
531.677 5.5906 -235.137
533.854 5.65237 -236.673
536.052 5.71578 -238.216
538.26 5.7819 -239.759
540.47 5.8489 -241.298
542.664 5.91553 -242.824
544.861 5.98093 -244.349
547.061 6.04849 -245.873
549.256 6.11591 -247.394
551.456 6.18552 -248.916
553.654 6.25956 -250.436
555.853 6.3337 -251.957
558.052 6.40498 -253.477
558.228 6.41773 -253.601
558.099 6.41657 -253.535
558.051 6.41624 -253.522
557.988 6.41009 -253.496
557.791 6.39742 -253.396
557.557 6.38518 -253.29
557.534 6.3827 -253.327
557.63 6.39058 -253.454
557.661 6.39751 -253.54
557.657 6.40151 -253.596
557.642 6.40369 -253.648
557.722 6.40804 -253.762
557.482 6.39795 -253.665
557.248 6.38212 -253.543
557.036 6.36813 -253.421
556.834 6.35458 -253.295
556.646 6.34052 -253.164
556.465 6.32725 -253.041
556.271 6.3148 -252.921
556.066 6.3027 -252.799
555.861 6.29291 -252.682
555.642 6.27924 -252.55
555.438 6.2669 -252.434
555.259 6.25713 -252.326
555.08 6.24951 -252.224
554.946 6.24919 -252.127
554.807 6.24431 -252.04
554.677 6.23836 -251.964
554.563 6.23072 -251.895
554.488 6.21942 -251.809
554.39 6.20939 -251.73
554.301 6.20556 -251.649
554.229 6.20786 -251.57
554.155 6.20805 -251.514
554.091 6.20342 -251.481
554.046 6.17952 -251.446
553.994 6.14982 -251.414
553.939 6.13334 -251.39
553.877 6.12903 -251.365
553.824 6.12729 -251.361
553.747 6.12253 -251.337
553.678 6.11974 -251.33
553.61 6.12093 -251.319
553.542 6.1209 -251.298
553.478 6.12091 -251.284
553.415 6.11865 -251.272
553.352 6.1135 -251.25
553.276 6.1059 -251.22
553.199 6.0955 -251.192
553.107 6.0731 -251.114
553.011 6.04664 -251.036
552.92 6.01881 -250.966
552.827 5.98812 -250.911
552.725 5.9539 -250.805
552.623 5.9243 -250.659
553.004 5.92799 -250.788
553.428 5.95179 -251.03
554.481 6.00631 -251.598
555.218 6.04197 -252
555.966 6.07989 -252.401
556.368 6.10181 -252.619
556.446 6.10492 -252.665
557.112 6.13699 -253.028
557.791 6.16995 -253.41
558.458 6.20161 -253.795
559.188 6.23439 -254.214
560.089 6.27951 -254.706
560.99 6.32989 -255.199
562.726 6.41752 -256.11
564.851 6.51956 -257.215
566.983 6.62007 -258.323
569.115 6.71952 -259.43
571.247 6.82165 -260.535
573.393 6.92885 -261.644
575.552 7.03884 -262.755
577.723 7.14807 -263.871
579.911 7.25435 -264.997
582.149 7.362 -266.151
584.46 7.47328 -267.341
586.792 7.58622 -268.542
588.654 7.67194 -269.524
590.319 7.74881 -270.418
591.917 7.82139 -271.283
593.811 7.91173 -272.285
595.567 7.99659 -273.208
597.353 8.08454 -274.129
599.129 8.16972 -275.039
600.897 8.25519 -275.933
602.782 8.34142 -276.886
604.557 8.4204 -277.791
606.318 8.49742 -278.687
608.25 8.5872 -279.659
610.214 8.68149 -280.646
612.173 8.77331 -281.631
613.758 8.83962 -282.438
615.699 8.91963 -283.404
617.497 8.99655 -284.3
619.425 9.08637 -285.252
621.378 9.1845 -286.207
623.332 9.28369 -287.159
625.304 9.38106 -288.114
627.297 9.47706 -289.084
629.375 9.56979 -290.112
631.409 9.65421 -291.247
633.189 9.71807 -292.325
634.957 9.79254 -293.332
636.803 9.87353 -294.348
638.707 9.96005 -295.382
640.521 10.0453 -296.405
642.265 10.1241 -297.386
644.006 10.1973 -298.35
645.797 10.2694 -299.338
647.704 10.3452 -300.269
649.701 10.4298 -301.208
651.702 10.5145 -302.154
653.746 10.6146 -303.108
655.81 10.7242 -304.077
657.887 10.8313 -305.062
659.843 10.9203 -305.99
661.845 11.0108 -306.921
663.894 11.1057 -307.868
665.959 11.2023 -308.811
668.045 11.3009 -309.76
670.142 11.4028 -310.709
672.232 11.5058 -311.654
674.339 11.6073 -312.603
676.462 11.706 -313.556
678.567 11.8065 -314.497
680.646 11.9081 -315.435
682.793 12.0093 -316.39
684.964 12.1077 -317.351
687.163 12.2054 -318.317
687.927 12.2418 -318.752
690.122 12.3342 -319.7
692.313 12.4244 -320.642
694.5 12.5158 -321.581
696.69 12.6087 -322.517
698.893 12.7032 -323.456
701.106 12.7988 -324.399
703.309 12.8929 -325.335
705.567 12.9895 -326.293
707.296 13.0701 -327.082
709.504 13.1648 -328.016
711.733 13.261 -328.961
713.96 13.3586 -329.908
716.187 13.4542 -330.853
718.423 13.5487 -331.804
720.672 13.6475 -332.76
722.922 13.7506 -333.716
725.175 13.8512 -334.676
727.429 13.9453 -335.635
729.7 14.0358 -336.6
731.985 14.1311 -337.566
734.27 14.233 -338.53
736.575 14.3439 -339.504
738.876 14.4556 -340.473
741.198 14.5672 -341.45
743.526 14.676 -342.43
745.854 14.7825 -343.411
748.187 14.8863 -344.391
750.529 14.9875 -345.371
752.876 15.0856 -346.351
755.227 15.1816 -347.33
757.59 15.28 -348.311
759.958 15.3797 -349.293
762.337 15.4809 -350.276
764.714 15.5834 -351.254
767.092 15.6855 -352.232
769.473 15.7878 -353.209
771.865 15.89 -354.187
774.266 15.9908 -355.164
776.664 16.0881 -356.136
779.066 16.1804 -357.105
781.482 16.2699 -358.075
783.906 16.3582 -359.041
786.334 16.449 -360.005
788.766 16.5398 -360.964
791.184 16.627 -361.914
793.636 16.7129 -362.882
796.074 16.7922 -363.836
798.498 16.87 -364.786
800.925 16.9487 -365.736
803.301 17.0268 -366.666
805.633 17.1057 -367.587
807.515 17.1888 -368.394
809.055 17.2711 -369.092
811.597 17.36 -370.034
814.151 17.4517 -370.98
816.681 17.5396 -371.908
819.236 17.6174 -372.847
821.795 17.6812 -373.785
824.37 17.733 -374.727
826.954 17.7862 -375.668
829.536 17.8468 -376.607
832.127 17.9124 -377.544
834.719 17.9812 -378.481
837.308 18.05 -379.418
839.895 18.1201 -380.352
842.481 18.1877 -381.282
845.058 18.2517 -382.205
847.636 18.3114 -383.128
850.215 18.3673 -384.051
852.787 18.4222 -384.971
855.364 18.4789 -385.89
857.936 18.5353 -386.799
860.518 18.5911 -387.717
863.149 18.6476 -388.653
865.914 18.7022 -389.625
868.591 18.7499 -390.564
871.274 18.796 -391.511
873.948 18.8396 -392.452
876.61 18.8861 -393.388
879.26 18.935 -394.318
881.9 18.9841 -395.245
884.547 19.0314 -396.169
887.182 19.0782 -397.088
889.805 19.1219 -398
892.419 19.1604 -398.908
895.027 19.1928 -399.814
897.637 19.2235 -400.72
900.24 19.2567 -401.621
902.834 19.293 -402.518
905.425 19.3281 -403.409
908.017 19.3606 -404.301
910.604 19.3885 -405.188
913.184 19.4131 -406.074
915.762 19.4351 -406.959
918.325 19.4558 -407.837
920.874 19.4779 -408.709
923.41 19.5 -409.572
925.942 19.5209 -410.431
928.463 19.541 -411.286
930.972 19.5606 -412.137
933.478 19.5808 -412.984
935.973 19.6 -413.827
938.462 19.6182 -414.666
940.951 19.6351 -415.506
943.447 19.6502 -416.345
945.93 19.6628 -417.178
948.42 19.6724 -418.009
950.905 19.6781 -418.835
953.407 19.6798 -419.663
955.905 19.6812 -420.487
958.399 19.6834 -421.309
960.897 19.6865 -422.129
963.396 19.6897 -422.949
965.898 19.6937 -423.768
968.401 19.6959 -424.584
970.921 19.6964 -425.404
973.444 19.6954 -426.222
975.968 19.6934 -427.038
978.488 19.6873 -427.85
981.01 19.6796 -428.659
983.526 19.6684 -429.466
986.043 19.6561 -430.271
988.559 19.6441 -431.07
991.08 19.6337 -431.869
993.599 19.6227 -432.664
996.119 19.6092 -433.458
998.635 19.5915 -434.249
1001.15 19.5714 -435.04
1003.67 19.5482 -435.826
1006.18 19.5265 -436.608
1008.68 19.5048 -437.386
1011.17 19.4818 -438.159
1013.67 19.4579 -438.931
1016.16 19.4352 -439.701
1018.65 19.411 -440.47
1021.15 19.3862 -441.237
1023.64 19.3625 -442.002
1026.15 19.3395 -442.77
1028.64 19.3167 -443.529
1031.13 19.2959 -444.288
1033.63 19.2746 -445.046
1036.12 19.2519 -445.799
1038.62 19.2279 -446.551
1041.12 19.2035 -447.302
1043.62 19.1764 -448.05
1046.11 19.1487 -448.796
1048.61 19.1225 -449.541
1051.1 19.097 -450.284
1053.59 19.0736 -451.026
1056.08 19.0531 -451.768
1058.57 19.0343 -452.509
1061.05 19.0166 -453.249
1063.53 18.9985 -453.987
1066.01 18.981 -454.722
1068.47 18.9646 -455.453
1070.92 18.9487 -456.18
1073.36 18.9302 -456.904
1075.81 18.9103 -457.628
1078.25 18.8949 -458.352
1080.69 18.8837 -459.071
1083.13 18.8737 -459.788
1085.56 18.8606 -460.5
1087.98 18.846 -461.208
1090.41 18.8309 -461.915
1092.82 18.8166 -462.615
1095.23 18.8047 -463.314
1097.63 18.7955 -464.008
1100.02 18.7876 -464.696
1102.4 18.7758 -465.379
1104.78 18.7579 -466.06
1107.17 18.7381 -466.741
1109.54 18.7222 -467.417
1111.92 18.7137 -468.091
1114.29 18.7106 -468.759
1116.66 18.7058 -469.424
1119.03 18.695 -470.089
1120.09 18.6885 -470.381
1120.43 18.6843 -470.464
1121.11 18.6774 -470.641
1121.93 18.6728 -470.859
1122.41 18.6693 -470.974
1123.19 18.6667 -471.179
1123.4 18.6643 -471.212
1123.31 18.661 -471.163
1123.33 18.6582 -471.159
1122.97 18.6572 -471.047
1123.09 18.6586 -471.074
1123.6 18.6584 -471.222
1123.76 18.6588 -471.262
1124.12 18.66 -471.359
1125.18 18.6595 -471.667
1126 18.6585 -471.912
1126.47 18.6578 -472.055
1126.89 18.6571 -472.189
1127.29 18.6557 -472.317
1129.5 18.6523 -472.975
1131.71 18.6511 -473.638
1133.92 18.6514 -474.306
1136.12 18.6516 -474.978
1138.33 18.6513 -475.656
1140.54 18.6499 -476.344
1142.75 18.6479 -477.036
1144.96 18.6465 -477.735
1147.15 18.6475 -478.439
1149.34 18.6518 -479.145
1151.53 18.6568 -479.856
1153.73 18.6616 -480.576
1155.91 18.6663 -481.299
1158.09 18.6716 -482.025
1160.27 18.6773 -482.752
1162.44 18.682 -483.482
1164.39 18.6868 -484.153
1166.54 18.6879 -484.875
1168.69 18.6862 -485.596
1170.84 18.6818 -486.319
1172.98 18.6756 -487.043
1175.13 18.6682 -487.771
1177.28 18.661 -488.498
1179.42 18.655 -489.22
1181.57 18.6488 -489.943
1183.57 18.6428 -490.627
1185.67 18.6392 -491.331
1187.77 18.6377 -492.038
1189.88 18.642 -492.739
1191.98 18.6543 -493.436
1194.07 18.6704 -494.124
1196.08 18.6824 -494.788
1197.12 18.6824 -495.186
1198.11 18.6661 -495.565
1199.06 18.649 -495.928
1199.98 18.6425 -496.275
1199.96 18.6385 -496.361
1199.58 18.6357 -496.34
1199.5 18.63 -496.405
1199.56 18.6262 -496.52
1199.74 18.6243 -496.656
1199.32 18.6228 -496.615
1198.91 18.622 -496.58
1198.5 18.6166 -496.545
1198.49 18.6183 -496.618
1198.71 18.6193 -496.745
1199.65 18.6292 -497.024
1200.77 18.6384 -497.345
1201.8 18.6433 -497.643
1202.86 18.6486 -497.937
1203.81 18.6527 -498.201
1203.34 18.6418 -498.11
1202.88 18.6373 -498.026
1202.41 18.6325 -497.936
1201.95 18.6339 -497.857
1201.48 18.6328 -497.775
1201 18.6306 -497.685
1200.51 18.6311 -497.587
1200.04 18.638 -497.499
1199.55 18.6434 -497.404
1199.08 18.6418 -497.308
1198.6 18.6339 -497.206
1198.56 18.6249 -497.204
1198.51 18.6207 -497.187
1199.32 18.628 -497.371
1201.18 18.6439 -497.809
1203.07 18.6609 -498.249
1204.95 18.6761 -498.681
1206.86 18.6897 -499.118
1208.76 18.704 -499.549
1210.69 18.7175 -499.986
1212.62 18.7296 -500.422
1214.57 18.7417 -500.863
1216.51 18.7508 -501.302
1218.45 18.7603 -501.741
1220.39 18.7728 -502.176
1222.32 18.7889 -502.609
1224.25 18.8055 -503.039
1226.18 18.8215 -503.467
1228.1 18.8356 -503.896
1230.03 18.8506 -504.33
1231.95 18.8672 -504.763
1233.86 18.8856 -505.196
1235.78 18.9062 -505.629
1237.68 18.928 -506.061
1239.57 18.9517 -506.496
1241.45 18.9765 -506.933
1243.32 19.0026 -507.373
1245.18 19.03 -507.811
1247.02 19.0579 -508.249
1248.83 19.0846 -508.685
1250.64 19.1101 -509.119
1252.43 19.1342 -509.551
1254.2 19.158 -509.981
1255.96 19.1814 -510.41
1257.7 19.2046 -510.839
1259.43 19.2274 -511.267
1261.15 19.2505 -511.699
1262.85 19.2734 -512.129
1264.53 19.2961 -512.559
1266.2 19.3188 -512.988
1267.85 19.3412 -513.418
1269.48 19.365 -513.851
1271.09 19.3901 -514.292
1272.69 19.417 -514.739
1274.26 19.4437 -515.194
1275.82 19.4704 -515.66
1277.36 19.4971 -516.142
1278.88 19.5237 -516.644
1280.38 19.5524 -517.166
1281.86 19.5834 -517.71
1283.32 19.6167 -518.276
1284.76 19.6526 -518.863
1286.19 19.6907 -519.47
1287.6 19.7295 -520.102
1288.99 19.771 -520.759
1290.36 19.8146 -521.445
1291.72 19.8645 -522.158
1293.06 19.9175 -522.899
1294.38 19.9735 -523.67
1295.68 20.0305 -524.466
1296.96 20.089 -525.294
1298.21 20.1494 -526.155
1299.45 20.213 -527.049
1300.66 20.2826 -527.974
1301.85 20.3574 -528.929
1303 20.4364 -529.912
1304.13 20.5178 -530.923
1305.23 20.5997 -531.965
1306.3 20.6807 -533.034
1307.34 20.7634 -534.133
1308.35 20.849 -535.261
1309.33 20.9382 -536.417
1310.28 21.0304 -537.599
1311.19 21.1241 -538.809
1312.07 21.219 -540.046
1312.91 21.3157 -541.308
1313.72 21.4154 -542.592
1314.49 21.5183 -543.896
1315.22 21.6231 -545.218
1315.91 21.7305 -546.563
1316.57 21.8398 -547.928
1317.19 21.951 -549.311
1317.77 22.0651 -550.713
1318.31 22.182 -552.131
1318.82 22.2994 -553.563
1319.28 22.4193 -555.01
1319.71 22.5395 -556.471
1320.1 22.6604 -557.943
1320.45 22.7831 -559.43
1320.77 22.9082 -560.93
1321.04 23.0351 -562.441
1321.28 23.1646 -563.963
1321.49 23.2926 -565.493
1321.65 23.4198 -567.03
1321.77 23.5462 -568.579
1321.85 23.6717 -570.138
1321.89 23.7999 -571.708
1321.88 23.9298 -573.282
1321.83 24.0629 -574.858
1321.74 24.1974 -576.434
1321.6 24.3326 -578.013
1321.42 24.4676 -579.596
1321.18 24.6038 -581.182
1320.91 24.7413 -582.768
1320.59 24.8792 -584.348
1320.22 25.0185 -585.927
1319.8 25.1574 -587.498
1319.33 25.2959 -589.06
1318.82 25.4338 -590.609
1318.26 25.5726 -592.148
1317.66 25.7121 -593.674
1317 25.8525 -595.185
1316.3 25.993 -596.676
1315.56 26.1328 -598.146
1314.77 26.2719 -599.596
1313.94 26.4104 -601.025
1313.06 26.5485 -602.432
1312.14 26.6878 -603.816
1311.18 26.8265 -605.175
1310.17 26.9629 -606.506
1309.12 27.0973 -607.812
1308.03 27.2295 -609.094
1306.89 27.3602 -610.347
1305.72 27.4911 -611.573
1304.5 27.6229 -612.771
1303.26 27.7529 -613.933
1301.97 27.8827 -615.067
1300.65 28.0109 -616.17
1299.3 28.1381 -617.24
1297.92 28.2659 -618.287
1296.51 28.3904 -619.296
1295.06 28.5168 -620.282
1293.6 28.6412 -621.232
1292.11 28.7656 -622.147
1290.59 28.89 -623.034
1289.06 29.0112 -623.891
1287.5 29.1299 -624.715
1285.93 29.2485 -625.512
1284.33 29.3662 -626.286
1282.73 29.4823 -627.035
1281.11 29.596 -627.763
1279.48 29.7071 -628.472
1277.83 29.8172 -629.164
1276.18 29.9265 -629.838
1274.51 30.0356 -630.499
1272.83 30.1431 -631.139
1271.14 30.2523 -631.767
1269.44 30.3621 -632.382
1267.75 30.4722 -632.985
1266.04 30.5816 -633.58
1264.34 30.6907 -634.167
1262.63 30.7983 -634.745
1260.93 30.9053 -635.313
1259.22 31.0124 -635.875
1257.52 31.1187 -636.427
1255.82 31.2239 -636.973
1254.12 31.3296 -637.516
1252.42 31.4331 -638.056
1250.71 31.5362 -638.592
1249.01 31.6387 -639.126
1247.31 31.7416 -639.656
1245.61 31.8457 -640.186
1243.91 31.9513 -640.712
1242.22 32.0582 -641.236
1240.52 32.1657 -641.757
1238.83 32.2727 -642.276
1237.14 32.3791 -642.792
1235.46 32.4846 -643.305
1233.79 32.589 -643.813
1232.12 32.6925 -644.316
1230.47 32.7928 -644.814
1228.82 32.8907 -645.306
1227.18 32.9842 -645.796
1225.54 33.0765 -646.279
1223.91 33.1657 -646.757
1222.28 33.2557 -647.228
1220.66 33.3439 -647.69
1219.06 33.4311 -648.141
1217.46 33.5165 -648.578
1215.86 33.6008 -648.999
1214.27 33.6836 -649.4
1212.68 33.765 -649.783
1211.11 33.8442 -650.143
1209.55 33.9216 -650.476
1207.99 33.9965 -650.782
1206.45 34.0674 -651.057
1204.91 34.1345 -651.3
1203.37 34.1971 -651.511
1201.84 34.2569 -651.687
1200.32 34.3144 -651.829
1198.79 34.3702 -651.933
1197.28 34.4246 -651.999
1195.76 34.4766 -652.022
1194.24 34.5251 -652
1192.73 34.5693 -651.931
1191.22 34.6082 -651.821
1189.72 34.6432 -651.663
1188.22 34.6747 -651.461
1186.73 34.7047 -651.211
1185.25 34.7325 -650.911
1183.78 34.7584 -650.562
1182.33 34.7791 -650.162
1180.89 34.7968 -649.711
1179.47 34.8092 -649.208
1178.06 34.8187 -648.656
1176.68 34.8241 -648.056
1175.31 34.8267 -647.406
1173.98 34.8253 -646.708
1172.67 34.8226 -645.963
1171.39 34.8143 -645.172
1170.15 34.8011 -644.335
1168.93 34.784 -643.455
1167.76 34.7596 -642.543
1166.61 34.7312 -641.574
1165.49 34.6967 -640.563
1164.41 34.6594 -639.516
1163.36 34.6143 -638.425
1162.34 34.5657 -637.304
1161.35 34.5136 -636.136
1160.38 34.4614 -634.931
1159.46 34.4105 -633.695
1158.56 34.351 -632.427
1157.71 34.2915 -631.134
1156.88 34.2242 -629.812
1156.11 34.1587 -628.465
1155.37 34.0921 -627.094
1154.68 34.0246 -625.699
1154.04 33.9451 -624.288
1153.45 33.851 -622.842
1152.9 33.7536 -621.36
1152.41 33.6637 -619.847
1151.95 33.5788 -618.313
1151.55 33.4949 -616.757
1151.21 33.3947 -615.204
1150.9 33.2956 -613.609
1150.66 33.1821 -612.018
1150.47 33.0702 -610.391
1150.32 32.9469 -608.752
1150.21 32.8332 -607.076
1150.18 32.6962 -605.411
1149.63 32.6162 -605.728
1149.65 32.4685 -603.844
1149.48 32.3046 -602.475
1149.45 32.1344 -600.925
1149.43 31.9613 -599.411
1149.41 31.7867 -597.916
1149.47 31.603 -596.357
1149.56 31.4135 -594.751
1149.62 31.2237 -593.171
1149.77 31.0364 -591.595
1149.93 30.8593 -590.086
1150.1 30.6856 -588.614
1150.26 30.5177 -587.12
1150.46 30.3446 -585.682
1150.68 30.1781 -584.323
1150.88 30.0152 -583.013
1151.09 29.8508 -581.674
1151.31 29.6899 -580.316
1151.56 29.5253 -578.92
1151.79 29.3564 -577.52
1152.02 29.1938 -576.104
1152.26 29.0295 -574.653
1152.48 28.851 -573.202
1152.8 28.7006 -571.721
1153.18 28.5704 -570.22
1153.6 28.4441 -568.681
1153.98 28.3071 -567.185
