0 0 -0
-0.00191549 -0.00467936 0.671528
-0.0118832 -0.00741453 1.36018
-0.0263246 -0.0107788 2.06565
-0.0433022 -0.0178308 2.78675
-0.0618841 -0.0276071 3.52471
-0.087538 -0.0363034 4.27607
-0.118371 -0.0457219 5.04152
-0.151284 -0.0543601 5.82256
-0.185228 -0.06312 6.61533
-0.222114 -0.0733003 7.41654
-0.265664 -0.083338 8.22322
-0.308457 -0.0903214 9.03774
-0.348527 -0.0973111 9.86074
-0.39309 -0.106101 10.6949
-0.438532 -0.116295 11.5367
-0.490368 -0.126906 12.3856
-0.543637 -0.137509 13.2426
-0.601853 -0.148525 14.1077
-0.659005 -0.16212 14.9834
-0.714981 -0.176617 15.8678
-0.773621 -0.189225 16.757
-0.832925 -0.202969 17.6495
-0.893226 -0.215943 18.5454
-0.953756 -0.228619 19.4478
-1.01651 -0.240927 20.3564
-1.08245 -0.253766 21.2744
-1.14747 -0.264089 22.1966
-1.20812 -0.270714 23.1252
-1.26819 -0.276931 24.0548
-1.32828 -0.283634 24.9887
-1.38778 -0.290073 25.9246
-1.44504 -0.298549 26.8678
-1.49979 -0.309642 27.8197
-1.55516 -0.3202 28.7787
-1.60951 -0.331297 29.7415
-1.65827 -0.339784 30.701
-1.71422 -0.345936 31.6622
-1.77775 -0.355839 32.6268
-1.84285 -0.36704 33.5989
-1.90936 -0.379448 34.5782
-1.98163 -0.393305 35.56
-2.0509 -0.404539 36.5422
-2.11968 -0.412899 37.5251
-2.18946 -0.4218 38.5106
-2.26747 -0.427128 39.4929
-2.34019 -0.43418 40.4705
-2.41022 -0.437754 41.4461
-2.48571 -0.444729 42.4186
-2.55636 -0.4536 43.3911
-2.62533 -0.461029 44.3648
-2.69984 -0.470189 45.3336
-2.77756 -0.481397 46.2931
-2.85476 -0.490479 47.2494
-2.93032 -0.501108 48.2061
-3.00324 -0.514847 49.1652
-3.07399 -0.526795 50.1202
-3.14611 -0.537133 51.0678
-3.21638 -0.54683 52.0107
-3.28576 -0.556631 52.9489
-3.35792 -0.565438 53.8882
-3.4283 -0.572367 54.8267
-3.49971 -0.577082 55.7635
-3.57819 -0.580549 56.6925
-3.65586 -0.585031 57.608
-3.73375 -0.589637 58.5114
-3.81269 -0.597811 59.4066
-3.89715 -0.609472 60.2978
-3.97973 -0.623864 61.177
-4.05926 -0.638445 62.0408
-4.13799 -0.647283 62.889
-4.21751 -0.657412 63.7267
-4.29561 -0.670171 64.5498
-4.3726 -0.68094 65.3611
-4.44924 -0.687997 66.1595
-4.5305 -0.69426 66.9461
-4.61015 -0.700053 67.7199
-4.6901 -0.704818 68.4751
-4.77089 -0.712282 69.208
-4.8476 -0.72132 69.9172
-4.91873 -0.72834 70.6098
-4.99266 -0.734694 71.2862
-5.06782 -0.746908 71.9465
-5.13687 -0.764172 72.5844
-5.20118 -0.777042 73.1995
-5.25517 -0.790073 73.797
-5.30973 -0.801528 74.378
-5.36975 -0.813215 74.9469
-5.43164 -0.825533 75.5028
-5.47824 -0.836724 76.0466
-5.51383 -0.848472 76.5793
-5.54315 -0.862306 77.1
-5.57665 -0.870765 77.6047
-5.6058 -0.87792 78.097
-5.62014 -0.883478 78.5791
-5.61144 -0.888454 79.049
-5.58445 -0.895801 79.5062
-5.54484 -0.902955 79.9551
-5.49064 -0.909634 80.3964
-5.41837 -0.915303 80.8294
-5.32761 -0.919114 81.2546
-5.21713 -0.925048 81.6675
-5.08808 -0.934369 82.0663
-4.937 -0.943084 82.4483
-4.76226 -0.949637 82.8145
-4.56579 -0.954017 83.1647
-4.34705 -0.958403 83.4952
-4.10628 -0.966928 83.8032
-3.84597 -0.978671 84.095
-3.56779 -0.989218 84.3713
-3.2737 -0.996997 84.6317
-2.96326 -1.00449 84.8682
-2.63831 -1.01336 85.0801
-2.29932 -1.023 85.2683
-1.95631 -1.03388 85.4466
-1.60725 -1.04451 85.6128
-1.25016 -1.05444 85.7566
-0.881325 -1.06075 85.8727
-0.499559 -1.06417 85.9655
-0.116596 -1.0675 86.0602
0.265269 -1.07501 86.1604
0.648315 -1.08987 86.2652
1.04305 -1.10792 86.3537
1.44958 -1.1236 86.422
1.86735 -1.13451 86.4747
2.2925 -1.13462 86.5196
2.72705 -1.13539 86.5698
3.1783 -1.14984 86.625
3.64689 -1.17394 86.6738
4.1264 -1.19517 86.7145
4.62006 -1.21266 86.7473
5.12725 -1.22772 86.7741
5.64753 -1.24282 86.7984
6.18381 -1.25855 86.823
6.73806 -1.27488 86.8464
7.30879 -1.29139 86.8688
7.89795 -1.30846 86.89
8.50362 -1.3271 86.9071
9.12788 -1.34619 86.9238
9.76934 -1.36587 86.9419
10.4274 -1.38582 86.9577
11.1014 -1.40593 86.97
11.7914 -1.42705 86.9842
12.496 -1.44797 87.0045
13.2159 -1.46984 87.0282
13.9528 -1.49065 87.0565
14.7054 -1.51199 87.0886
15.4728 -1.53368 87.1274
16.2545 -1.55645 87.1735
17.0478 -1.57758 87.2234
17.8447 -1.60093 87.2778
18.6444 -1.62786 87.3335
19.4461 -1.65528 87.3952
20.2538 -1.68655 87.4532
21.0615 -1.72071 87.5102
21.8731 -1.7576 87.5685
22.6816 -1.78992 87.6222
23.4901 -1.82415 87.6787
24.2958 -1.85845 87.7363
25.0999 -1.89236 87.7943
25.9011 -1.92605 87.8513
26.703 -1.95911 87.9068
27.505 -1.99191 87.9585
28.3078 -2.02389 88.0052
29.1075 -2.05545 88.0461
29.9015 -2.0867 88.0782
30.6921 -2.11566 88.1019
31.4811 -2.14375 88.1174
32.2688 -2.17322 88.1235
33.054 -2.20306 88.1235
33.8351 -2.2306 88.1111
34.6112 -2.25904 88.0926
35.3834 -2.28813 88.0654
36.1492 -2.3164 88.0321
36.9084 -2.3436 87.9887
37.6612 -2.37146 87.937
38.4055 -2.40127 87.8789
39.1424 -2.43067 87.8152
39.8716 -2.45874 87.7444
40.5939 -2.48708 87.6678
41.3077 -2.5141 87.5876
42.01 -2.53962 87.5058
42.7043 -2.56372 87.4276
43.3815 -2.58766 87.3492
44.0441 -2.61099 87.2731
44.6918 -2.63391 87.197
45.322 -2.65687 87.1276
45.9381 -2.67873 87.0651
46.5352 -2.70146 87.0119
47.1127 -2.72494 86.9695
47.6712 -2.74821 86.9386
48.2131 -2.7708 86.9204
48.7435 -2.7938 86.9159
49.271 -2.81782 86.9278
49.7961 -2.84131 86.9568
50.3218 -2.8631 87.0042
50.8426 -2.88466 87.0711
51.3587 -2.90919 87.1633
51.8682 -2.93248 87.2828
52.3655 -2.95304 87.43
52.8498 -2.97158 87.6054
53.3202 -2.98806 87.8056
53.7692 -3.00464 88.0305
54.195 -3.02337 88.2832
54.5962 -3.04271 88.5587
54.9736 -3.05904 88.8657
55.324 -3.07618 89.1981
55.6526 -3.0946 89.5506
55.9558 -3.11599 89.9217
56.2339 -3.13384 90.3192
56.4853 -3.14949 90.7371
56.7089 -3.1631 91.1696
56.9096 -3.17589 91.6142
57.0794 -3.18825 92.0672
57.2275 -3.20024 92.5274
57.3551 -3.20779 93.0001
57.4721 -3.20895 93.4785
57.5874 -3.20961 93.966
57.7091 -3.21314 94.4582
57.8224 -3.22129 94.9569
57.9222 -3.22476 95.4653
58.0165 -3.22385 95.981
58.1119 -3.22422 96.5108
58.2098 -3.23018 97.0413
58.3196 -3.24164 97.5808
58.4385 -3.25111 98.1303
58.5611 -3.2571 98.6858
58.6907 -3.26427 99.2602
58.814 -3.27632 99.8386
58.9452 -3.28858 100.441
59.0876 -3.30216 101.047
59.2435 -3.31413 101.672
59.3992 -3.32399 102.301
59.5598 -3.33018 102.937
59.7255 -3.339 103.58
59.8884 -3.34872 104.232
60.0483 -3.35856 104.897
60.2088 -3.36707 105.58
60.3765 -3.37894 106.281
60.5492 -3.39385 106.996
60.7174 -3.40999 107.721
60.8799 -3.42173 108.452
61.0393 -3.43098 109.191
61.2064 -3.44026 109.938
61.3762 -3.45292 110.699
61.5466 -3.46859 111.474
61.7192 -3.48634 112.261
61.8885 -3.50354 113.058
62.0624 -3.51657 113.861
62.2395 -3.52918 114.67
62.4109 -3.54236 115.487
62.5751 -3.55608 116.308
62.7405 -3.57013 117.132
62.9066 -3.58378 117.965
63.0744 -3.60045 118.805
63.2501 -3.61973 119.649
63.4339 -3.63695 120.492
63.6212 -3.65386 121.334
63.8203 -3.67301 122.178
64.0206 -3.6954 123.02
64.2131 -3.71834 123.864
64.4026 -3.73611 124.71
64.5894 -3.75068 125.559
64.7772 -3.76911 126.403
64.9674 -3.78707 127.233
65.1643 -3.80836 128.048
65.362 -3.83052 128.867
65.5564 -3.84928 129.706
65.7523 -3.87152 130.555
65.9455 -3.89279 131.395
66.1231 -3.9028 132.213
66.2941 -3.90863 133.019
66.4733 -3.91664 133.829
66.6579 -3.93894 134.644
66.8352 -3.96607 135.463
67.0066 -3.98324 136.278
67.1749 -4.00339 137.089
67.3307 -4.02847 137.9
67.4815 -4.04797 138.71
67.6383 -4.07073 139.519
67.7991 -4.09246 140.328
67.9582 -4.11299 141.131
68.1159 -4.13458 141.927
68.2749 -4.15531 142.722
68.4269 -4.17413 143.518
68.5692 -4.19334 144.321
68.706 -4.2108 145.128
68.8437 -4.2219 145.935
68.9628 -4.2308 146.737
69.0808 -4.23976 147.533
69.2011 -4.24844 148.325
69.3196 -4.25432 149.125
69.43 -4.2673 149.937
69.5237 -4.28587 150.756
69.6075 -4.30264 151.574
69.6926 -4.31813 152.39
69.776 -4.3338 153.21
69.8512 -4.35048 154.039
69.9138 -4.36891 154.874
69.968 -4.38178 155.71
70.0234 -4.39156 156.542
70.0736 -4.39891 157.373
70.1218 -4.4079 158.2
70.1591 -4.41753 159.023
70.1888 -4.42905 159.846
70.2222 -4.43978 160.67
70.2562 -4.45142 161.505
70.2834 -4.45963 162.343
70.311 -4.46838 163.177
70.341 -4.47595 163.996
70.3786 -4.48201 164.809
70.4035 -4.48275 165.625
70.4083 -4.49057 166.451
70.4134 -4.5016 167.284
70.4223 -4.50827 168.118
70.4269 -4.50726 168.954
70.4236 -4.51263 169.787
70.4115 -4.52135 170.614
70.4014 -4.52652 171.438
70.3934 -4.53294 172.271
70.3601 -4.54186 173.117
70.3073 -4.54765 173.97
70.2576 -4.55451 174.819
70.2119 -4.55482 175.659
70.1631 -4.55413 176.489
70.1 -4.55661 177.323
70.0493 -4.56427 178.164
70.0094 -4.57438 179.017
69.9583 -4.58205 179.876
69.9016 -4.58764 180.731
69.8485 -4.59237 181.581
69.7967 -4.59879 182.421
69.7569 -4.60926 183.259
69.7168 -4.62077 184.104
69.6564 -4.6346 184.957
69.5897 -4.65006 185.812
69.5281 -4.66585 186.659
69.4705 -4.67582 187.496
69.4087 -4.68347 188.328
69.3385 -4.69354 189.162
69.273 -4.70773 189.997
69.2062 -4.72097 190.83
69.1402 -4.72977 191.66
69.0729 -4.73893 192.482
69.0135 -4.75345 193.294
68.9478 -4.76353 194.096
68.8828 -4.77086 194.897
68.8197 -4.77912 195.698
68.7602 -4.79021 196.489
68.7048 -4.79879 197.259
68.6464 -4.80176 198.006
68.5852 -4.80339 198.736
68.5281 -4.81421 199.446
68.4785 -4.83023 200.138
68.4326 -4.84462 200.816
68.3885 -4.85376 201.488
68.3435 -4.86485 202.161
68.2953 -4.88123 202.841
68.2509 -4.89392 203.511
68.2189 -4.90316 204.168
68.1967 -4.91448 204.817
68.1769 -4.92467 205.461
68.1567 -4.93438 206.106
68.1443 -4.94783 206.754
68.1424 -4.96486 207.404
68.1501 -4.98335 208.051
68.1582 -4.99923 208.689
68.1599 -5.01111 209.326
68.1574 -5.0165 209.965
68.1582 -5.02013 210.607
68.1603 -5.02915 211.254
68.1599 -5.03726 211.902
68.1466 -5.04409 212.545
68.1352 -5.0526 213.184
68.1337 -5.06521 213.827
68.138 -5.07464 214.477
68.1296 -5.08317 215.141
68.1062 -5.0942 215.814
68.0966 -5.10507 216.494
68.0921 -5.11111 217.173
68.0786 -5.10972 217.843
68.0498 -5.11055 218.513
68.0288 -5.10912 219.184
68.0195 -5.10477 219.866
68.0082 -5.10621 220.56
67.9957 -5.11152 221.255
67.9759 -5.12084 221.95
67.9539 -5.1244 222.638
67.9357 -5.12539 223.323
67.9222 -5.13002 224.012
67.8996 -5.1343 224.701
67.8733 -5.13871 225.393
67.8485 -5.14426 226.079
67.8237 -5.15026 226.758
67.8004 -5.15753 227.429
67.7773 -5.16476 228.09
67.7507 -5.17229 228.751
67.7184 -5.18235 229.406
67.6957 -5.1954 230.057
67.6747 -5.20876 230.696
67.6517 -5.21734 231.318
67.6235 -5.22355 231.922
67.599 -5.22742 232.509
67.5795 -5.23193 233.073
67.5525 -5.23638 233.616
67.5155 -5.24206 234.139
67.4677 -5.24694 234.645
67.4104 -5.24951 235.138
67.3447 -5.25409 235.626
67.2594 -5.25912 236.106
67.1616 -5.265 236.576
67.0531 -5.27266 237.034
66.924 -5.28151 237.472
66.7689 -5.28893 237.896
66.595 -5.2929 238.308
66.4008 -5.29673 238.706
66.1811 -5.30422 239.082
65.9394 -5.31632 239.438
65.6803 -5.32556 239.776
65.4076 -5.32917 240.1
65.1199 -5.32926 240.41
64.8129 -5.32676 240.709
64.4848 -5.32208 240.991
64.1423 -5.31439 241.249
63.7903 -5.3032 241.48
63.4305 -5.28922 241.689
63.064 -5.27603 241.876
62.688 -5.25709 242.048
62.3099 -5.23405 242.2
61.9159 -5.20819 242.333
61.4975 -5.1801 242.447
61.0606 -5.15494 242.537
60.6066 -5.13304 242.608
60.1368 -5.11145 242.665
59.6555 -5.08835 242.705
59.1648 -5.06663 242.729
58.6625 -5.04538 242.742
58.1485 -5.01794 242.743
57.6228 -4.99154 242.735
57.0852 -4.96753 242.718
56.5351 -4.94442 242.691
55.9732 -4.92209 242.658
55.4018 -4.89944 242.62
54.8158 -4.87622 242.583
54.2113 -4.8537 242.545
53.5901 -4.83061 242.505
52.9496 -4.80595 242.465
52.2894 -4.7811 242.422
51.6085 -4.75559 242.381
50.9084 -4.73043 242.338
50.1878 -4.7039 242.298
49.4444 -4.67582 242.254
48.6789 -4.64789 242.208
47.8905 -4.62207 242.162
47.0792 -4.59469 242.119
46.2479 -4.56589 242.079
45.3982 -4.5387 242.039
44.5323 -4.51035 241.997
43.6515 -4.47961 241.955
42.7596 -4.4493 241.915
41.8641 -4.41913 241.876
40.9722 -4.38767 241.835
40.0843 -4.35767 241.79
39.1981 -4.32884 241.746
38.309 -4.29974 241.703
37.4143 -4.27066 241.658
36.5197 -4.24211 241.609
35.6294 -4.20923 241.557
34.7454 -4.17197 241.503
33.8651 -4.13636 241.444
32.9892 -4.10286 241.379
32.1142 -4.06924 241.313
31.2411 -4.03788 241.248
30.3706 -4.01009 241.177
29.5064 -3.98462 241.103
28.6446 -3.95823 241.032
27.7853 -3.93322 240.964
26.9278 -3.91244 240.899
26.0738 -3.89191 240.838
25.2223 -3.86824 240.781
24.3754 -3.84648 240.726
23.5309 -3.82445 240.679
22.6922 -3.7986 240.635
21.8602 -3.77566 240.584
21.0312 -3.75355 240.532
20.205 -3.72785 240.489
19.3792 -3.70401 240.445
18.5563 -3.6781 240.392
17.7402 -3.65137 240.337
16.9303 -3.62612 240.283
16.1253 -3.59888 240.226
15.3225 -3.57124 240.166
14.5229 -3.5466 240.103
13.7263 -3.52522 240.035
12.9322 -3.50204 239.962
12.1407 -3.47851 239.886
11.3527 -3.45574 239.807
10.571 -3.43214 239.723
9.79775 -3.40754 239.636
9.03318 -3.38282 239.549
8.27783 -3.35796 239.46
7.53122 -3.33377 239.374
6.79777 -3.31154 239.291
6.08061 -3.29084 239.21
5.37667 -3.26893 239.13
4.68891 -3.24625 239.053
4.01375 -3.22545 238.98
3.35234 -3.2058 238.913
2.70384 -3.18665 238.848
2.07128 -3.16752 238.785
1.4531 -3.14826 238.728
0.848301 -3.12951 238.676
0.256899 -3.11167 238.628
-0.321251 -3.09457 238.58
-0.885339 -3.07841 238.535
-1.42972 -3.06347 238.494
-1.95637 -3.04913 238.46
-2.46494 -3.03442 238.429
-2.95928 -3.01884 238.402
-3.43683 -3.00357 238.381
-3.89773 -2.98929 238.359
-4.34331 -2.97666 238.34
-4.77199 -2.9649 238.325
-5.18326 -2.95234 238.315
-5.57807 -2.93884 238.307
-5.95409 -2.92714 238.304
-6.31243 -2.91648 238.305
-6.65355 -2.90621 238.306
-6.97466 -2.89732 238.308
-7.27366 -2.88918 238.311
-7.55027 -2.88041 238.315
-7.80126 -2.87301 238.32
-8.02448 -2.86765 238.327
-8.21841 -2.86614 238.335
-8.38769 -2.86454 238.342
-8.53387 -2.86133 238.347
-8.65324 -2.85769 238.351
-8.74623 -2.85519 238.354
-8.8217 -2.85285 238.357
-8.88507 -2.85132 238.36
-8.93815 -2.84937 238.362
-8.97997 -2.84878 238.362
-9.00965 -2.8481 238.363
-9.02668 -2.84749 238.364
-9.03276 -2.84733 238.364
-9.02884 -2.84754 238.364
-9.02371 -2.8488 238.363
-9.02291 -2.85039 238.363
-9.02332 -2.85089 238.363
-9.02271 -2.85045 238.363
-9.02238 -2.85048 238.363
-9.02421 -2.85045 238.363
-9.02977 -2.84969 238.364
-9.03905 -2.84889 238.364
-9.05306 -2.84837 238.366
-9.07089 -2.84844 238.367
-9.09274 -2.84805 238.367
-9.11794 -2.84739 238.368
-9.14982 -2.84632 238.369
-9.19272 -2.84469 238.37
-9.25142 -2.84348 238.373
-9.32961 -2.84203 238.377
-9.42859 -2.84043 238.382
-9.54727 -2.83921 238.389
-9.6846 -2.83797 238.4
-9.84074 -2.83606 238.414
-10.0159 -2.83247 238.431
-10.2073 -2.82836 238.452
-10.413 -2.82495 238.478
-10.6331 -2.82258 238.512
-10.8672 -2.82293 238.558
-11.1128 -2.82279 238.608
-11.3618 -2.82165 238.665
-11.615 -2.82047 238.739
-11.8765 -2.81796 238.825
-12.1439 -2.81596 238.926
-12.4162 -2.81522 239.044
-12.6957 -2.81197 239.174
-12.9818 -2.80752 239.318
-13.2696 -2.8025 239.477
-13.5562 -2.79674 239.657
-13.8361 -2.79236 239.867
-14.1088 -2.79106 240.101
-14.3746 -2.78999 240.357
-14.6343 -2.78406 240.635
-14.8863 -2.77541 240.937
-15.1345 -2.76548 241.267
-15.3709 -2.75858 241.628
-15.5912 -2.75331 242.025
-15.7899 -2.75242 242.45
-15.9701 -2.75447 242.902
-16.1363 -2.75519 243.38
-16.2846 -2.75367 243.878
-16.418 -2.74681 244.397
-16.5362 -2.74568 244.94
-16.6353 -2.75029 245.508
-16.7202 -2.75534 246.099
-16.7929 -2.75886 246.708
-16.8501 -2.76199 247.333
-16.8991 -2.76461 247.974
-16.9428 -2.76825 248.63
-16.9828 -2.77255 249.302
-17.0198 -2.77628 249.987
-17.0535 -2.77959 250.688
-17.0832 -2.78324 251.404
-17.112 -2.78846 252.137
-17.1406 -2.79458 252.885
-17.1705 -2.80013 253.65
-17.2007 -2.80525 254.431
-17.2296 -2.80967 255.229
-17.2593 -2.8135 256.042
-17.2908 -2.81669 256.867
-17.3245 -2.81916 257.703
-17.3638 -2.82401 258.552
-17.4085 -2.83389 259.414
-17.4541 -2.84361 260.292
-17.4975 -2.85345 261.188
-17.5393 -2.86014 262.099
-17.5773 -2.86428 263.015
-17.613 -2.86678 263.938
-17.651 -2.86661 264.869
-17.6936 -2.86923 265.812
-17.7402 -2.87903 266.769
-17.7901 -2.89461 267.74
-17.8445 -2.91001 268.726
-17.8979 -2.92283 269.726
-17.9502 -2.93227 270.736
-18.0017 -2.93712 271.753
-18.052 -2.9395 272.773
-18.102 -2.94153 273.799
-18.1539 -2.94774 274.834
-18.2059 -2.95743 275.878
-18.2614 -2.97127 276.927
-18.3166 -2.98263 277.983
-18.3761 -2.99547 279.042
-18.435 -3.00774 280.098
-18.4947 -3.01771 281.153
-18.5605 -3.03254 282.211
-18.6294 -3.05343 283.276
-18.7008 -3.07524 284.342
-18.7747 -3.09586 285.408
-18.8504 -3.11315 286.473
-18.9273 -3.12789 287.532
-19.0055 -3.14021 288.585
-19.0817 -3.15038 289.633
-19.1553 -3.16203 290.677
-19.2288 -3.17632 291.713
-19.3001 -3.19245 292.745
-19.3731 -3.21132 293.774
-19.447 -3.23143 294.802
-19.5219 -3.25107 295.827
-19.596 -3.26895 296.847
-19.6695 -3.28281 297.865
-19.7426 -3.29277 298.886
-19.8154 -3.30148 299.906
-19.8889 -3.30875 300.92
-19.9616 -3.31647 301.926
-20.0323 -3.32382 302.932
-20.1043 -3.33617 303.939
-20.1762 -3.35281 304.947
-20.2481 -3.36752 305.954
-20.3175 -3.38416 306.965
-20.3868 -3.39988 307.978
-20.4545 -3.41405 308.993
-20.5232 -3.42659 310.01
-20.5937 -3.43767 311.03
-20.6626 -3.44787 312.054
-20.7304 -3.45896 313.083
-20.7967 -3.46948 314.116
-20.8636 -3.48023 315.151
-20.9316 -3.48957 316.193
-20.9956 -3.50333 317.235
-21.0629 -3.5153 318.277
-21.1292 -3.52912 319.324
-21.1931 -3.54517 320.384
-21.2605 -3.56211 321.448
-21.3292 -3.57498 322.509
-21.3945 -3.58371 323.569
-21.4616 -3.59274 324.626
-21.5244 -3.60241 325.679
-21.5852 -3.61202 326.725
-21.6475 -3.62362 327.77
-21.7082 -3.63488 328.815
-21.7712 -3.6481 329.86
-21.8331 -3.66001 330.903
-21.8936 -3.66906 331.943
-21.9539 -3.6784 332.977
-22.0147 -3.68732 334.004
-22.0754 -3.69517 335.023
-22.1383 -3.70621 336.04
-22.2017 -3.72037 337.051
-22.2638 -3.73387 338.054
-22.3282 -3.7449 339.049
-22.392 -3.75494 340.034
-22.4558 -3.76353 341.01
-22.5201 -3.77152 341.975
-22.5851 -3.77796 342.933
-22.654 -3.78557 343.884
-22.7253 -3.79414 344.822
-22.7951 -3.80276 345.748
-22.8649 -3.81256 346.664
-22.9364 -3.82257 347.568
-23.007 -3.83351 348.457
-23.0756 -3.84295 349.333
-23.1394 -3.85164 350.195
-23.2032 -3.8629 351.043
-23.2649 -3.87588 351.874
-23.3198 -3.88684 352.687
-23.3713 -3.89629 353.48
-23.4217 -3.90605 354.252
-23.4669 -3.91368 355.005
-23.5104 -3.9207 355.734
-23.5559 -3.92857 356.442
-23.5968 -3.93621 357.126
-23.634 -3.94452 357.785
-23.6704 -3.95383 358.419
-23.7061 -3.96079 359.036
-23.7395 -3.9651 359.635
-23.7706 -3.97213 360.214
-23.8022 -3.98424 360.772
-23.835 -3.99485 361.303
-23.8695 -4.00174 361.811
-23.9082 -4.00631 362.296
-23.9498 -4.01157 362.763
-23.9969 -4.01634 363.214
-24.052 -4.02315 363.653
-24.1216 -4.03003 364.085
-24.2038 -4.03835 364.509
-24.2972 -4.04474 364.929
-24.3996 -4.04756 365.343
-24.5154 -4.0523 365.74
-24.6496 -4.0568 366.124
-24.8057 -4.05852 366.495
-24.9798 -4.05773 366.855
-25.1679 -4.05334 367.202
-25.3659 -4.04639 367.542
-25.5854 -4.04311 367.868
-25.8266 -4.04105 368.183
-26.0946 -4.03642 368.492
-26.3838 -4.0242 368.804
-26.697 -4.00946 369.114
-27.0325 -3.99762 369.415
-27.3989 -3.98545 369.702
-27.7983 -3.96571 369.965
-28.2238 -3.93837 370.208
-28.6764 -3.9121 370.426
-29.1574 -3.89356 370.607
-29.6614 -3.87768 370.754
-30.1824 -3.85985 370.876
-30.7207 -3.8387 370.98
-31.2824 -3.82073 371.041
-31.8621 -3.8081 371.054
-32.453 -3.79542 371.034
-33.0488 -3.77875 370.994
-33.6518 -3.75785 370.94
-34.2681 -3.73276 370.875
-34.8936 -3.70607 370.802
-35.5241 -3.68312 370.723
-36.1538 -3.66138 370.634
-36.7813 -3.63523 370.547
-37.4208 -3.60458 370.467
-38.0792 -3.57903 370.391
-38.7579 -3.56186 370.317
-39.45 -3.54904 370.242
-40.1487 -3.53123 370.16
-40.8573 -3.51179 370.075
-41.5768 -3.48982 369.988
-42.3069 -3.46923 369.902
-43.0519 -3.44957 369.819
-43.813 -3.4271 369.74
-44.5937 -3.4019 369.664
-45.3908 -3.3779 369.587
-46.199 -3.35443 369.514
-47.0224 -3.32649 369.443
-47.8605 -3.29457 369.375
-48.7187 -3.26297 369.311
-49.5936 -3.23275 369.245
-50.4815 -3.20148 369.181
-51.3773 -3.1644 369.122
-52.2764 -3.1263 369.065
-53.1801 -3.0889 369.005
-54.0884 -3.05093 368.944
-55.005 -3.01599 368.889
-55.9281 -2.98222 368.834
-56.8569 -2.94979 368.778
-57.7871 -2.91878 368.722
-58.7153 -2.88678 368.665
-59.6413 -2.85424 368.602
-60.5637 -2.82297 368.538
-61.4828 -2.79108 368.473
-62.401 -2.75786 368.411
-63.3138 -2.72701 368.344
-64.2228 -2.69672 368.277
-65.132 -2.66478 368.211
-66.0428 -2.63152 368.139
-66.9546 -2.59891 368.062
-67.8604 -2.56593 367.981
-68.7599 -2.52992 367.893
-69.6564 -2.49227 367.804
-70.5488 -2.46101 367.719
-71.441 -2.4301 367.636
-72.3358 -2.39592 367.549
-73.2303 -2.36637 367.46
-74.122 -2.33734 367.376
-75.0061 -2.30516 367.289
-75.8905 -2.27258 367.205
-76.7766 -2.24353 367.123
-77.6643 -2.21546 367.047
-78.5489 -2.18547 366.976
-79.431 -2.15412 366.909
-80.3118 -2.12154 366.849
-81.1901 -2.08885 366.794
-82.065 -2.05762 366.744
-82.9382 -2.02653 366.697
-83.8095 -1.99587 366.654
-84.6804 -1.9676 366.617
-85.5492 -1.93994 366.583
-86.4168 -1.91208 366.554
-87.2829 -1.88386 366.528
-88.1464 -1.85342 366.507
-89.0042 -1.82266 366.492
-89.8491 -1.79374 366.481
-90.6777 -1.76407 366.472
-91.4872 -1.73533 366.465
-92.2796 -1.70972 366.458
-93.0534 -1.68741 366.453
-93.8038 -1.66794 366.447
-94.5337 -1.64843 366.439
-95.2404 -1.62564 366.432
-95.9248 -1.6064 366.42
-96.5837 -1.5906 366.406
-97.2156 -1.57286 366.387
-97.8244 -1.55522 366.365
-98.4232 -1.5369 366.336
-99.0194 -1.51907 366.303
-99.6153 -1.50064 366.264
-100.21 -1.48183 366.223
-100.8 -1.46424 366.176
-101.384 -1.44726 366.125
-101.965 -1.43017 366.068
-102.543 -1.41279 366.011
-103.119 -1.39697 365.952
-103.696 -1.38284 365.888
-104.28 -1.37068 365.818
-104.869 -1.35816 365.745
-105.464 -1.34605 365.672
-106.066 -1.33399 365.598
-106.672 -1.32207 365.517
-107.284 -1.30971 365.427
-107.903 -1.29754 365.339
-108.531 -1.28509 365.253
-109.17 -1.27316 365.17
-109.819 -1.25924 365.081
-110.483 -1.24407 364.99
-111.161 -1.2256 364.895
-111.858 -1.19926 364.801
-112.568 -1.16805 364.705
-113.283 -1.13884 364.612
-114 -1.11561 364.517
-114.725 -1.08041 364.424
-115.477 -1.03699 364.331
-116.263 -1.00088 364.245
-117.075 -0.971869 364.158
-117.888 -0.937149 364.077
-118.697 -0.898811 363.995
-119.515 -0.860617 363.912
-120.354 -0.822633 363.829
-121.226 -0.792314 363.744
-122.121 -0.762917 363.66
-123.023 -0.733928 363.583
-123.921 -0.703874 363.516
-124.828 -0.674469 363.462
-125.754 -0.653084 363.423
-126.707 -0.637767 363.386
-127.681 -0.616727 363.355
-128.663 -0.591552 363.326
-129.643 -0.559783 363.3
-130.626 -0.525427 363.275
-131.615 -0.495594 363.253
-132.611 -0.46981 363.234
-133.611 -0.445235 363.215
-134.611 -0.418048 363.192
-135.616 -0.389108 363.164
-136.622 -0.358065 363.135
-137.623 -0.328875 363.102
-138.616 -0.299526 363.07
-139.605 -0.273446 363.037
-140.599 -0.25101 363.004
-141.599 -0.232341 362.966
-142.594 -0.208991 362.919
-143.581 -0.183059 362.867
-144.56 -0.15729 362.808
-145.533 -0.132692 362.745
-146.506 -0.112058 362.685
-147.478 -0.0937857 362.629
-148.45 -0.0721934 362.57
-149.422 -0.0503915 362.512
-150.393 -0.0234905 362.45
-151.359 0.00582525 362.383
-152.317 0.0366795 362.31
-153.264 0.0656387 362.231
-154.213 0.0932582 362.152
-155.165 0.11867 362.076
-156.119 0.14087 361.998
-157.067 0.167728 361.918
-158.008 0.199153 361.841
-158.945 0.230657 361.761
-159.878 0.263595 361.677
-160.807 0.295577 361.593
-161.733 0.327508 361.508
-162.652 0.358625 361.425
-163.568 0.385493 361.348
-164.48 0.4105 361.275
-165.393 0.437262 361.202
-166.305 0.464008 361.131
-167.214 0.490513 361.064
-168.112 0.522026 360.998
-168.998 0.553583 360.929
-169.87 0.584999 360.864
-170.731 0.614664 360.8
-171.581 0.644486 360.736
-172.419 0.674524 360.673
-173.239 0.700508 360.615
-174.033 0.723349 360.565
-174.804 0.748146 360.515
-175.559 0.773827 360.462
-176.304 0.796991 360.415
-177.031 0.815773 360.374
-177.733 0.835395 360.323
-178.405 0.852972 360.269
-179.05 0.870894 360.213
-179.678 0.888272 360.158
-180.291 0.906448 360.096
-180.895 0.921616 360.036
-181.49 0.932873 359.976
-182.071 0.943907 359.915
-182.64 0.958949 359.851
-183.193 0.975646 359.78
-183.733 0.991447 359.7
-184.263 1.00637 359.606
-184.786 1.02015 359.496
-185.299 1.03333 359.366
-185.804 1.04714 359.215
-186.297 1.05979 359.044
-186.777 1.07121 358.851
-187.241 1.08078 358.635
-187.689 1.09069 358.392
-188.119 1.1024 358.125
-188.531 1.11551 357.83
-188.922 1.1255 357.506
-189.294 1.13555 357.154
-189.645 1.14451 356.772
-189.973 1.15422 356.364
-190.282 1.16575 355.927
-190.563 1.18067 355.461
-190.812 1.19875 354.965
-191.035 1.21398 354.442
-191.231 1.22544 353.9
-191.403 1.23602 353.342
-191.541 1.24937 352.765
-191.643 1.26582 352.172
-191.712 1.28047 351.566
-191.756 1.29128 350.947
-191.781 1.30049 350.315
-191.796 1.31469 349.667
-191.807 1.32952 349.009
-191.811 1.33909 348.346
-191.81 1.34103 347.677
-191.802 1.34698 347.001
-191.783 1.35856 346.314
-191.748 1.36215 345.61
-191.698 1.35669 344.892
-191.644 1.35309 344.159
-191.589 1.35104 343.419
-191.524 1.34677 342.666
-191.452 1.34201 341.902
-191.379 1.33737 341.127
-191.305 1.33359 340.337
-191.228 1.33126 339.533
-191.141 1.32912 338.716
-191.044 1.3269 337.887
-190.947 1.32724 337.047
-190.845 1.32749 336.196
-190.739 1.32539 335.336
-190.63 1.32265 334.464
-190.521 1.31877 333.578
-190.417 1.31144 332.679
-190.311 1.30342 331.766
-190.203 1.29496 330.847
-190.1 1.28966 329.925
-189.997 1.28558 328.996
-189.896 1.27873 328.064
-189.8 1.27475 327.126
-189.706 1.27575 326.183
-189.615 1.27763 325.238
-189.525 1.28338 324.298
-189.435 1.29005 323.362
-189.345 1.29791 322.426
-189.261 1.30592 321.489
-189.178 1.31063 320.551
-189.1 1.31282 319.615
-189.026 1.31781 318.682
-188.95 1.32182 317.75
-188.87 1.32313 316.816
-188.788 1.32481 315.88
-188.71 1.32827 314.939
-188.635 1.3301 313.992
-188.56 1.33346 313.043
-188.491 1.33868 312.092
-188.435 1.34417 311.135
-188.384 1.34774 310.18
-188.326 1.35506 309.222
-188.267 1.36341 308.256
-188.212 1.36821 307.286
-188.154 1.37499 306.325
-188.084 1.38463 305.375
-188.014 1.39162 304.43
-187.956 1.39223 303.482
-187.896 1.39074 302.532
-187.832 1.38805 301.582
-187.771 1.38523 300.634
-187.708 1.38301 299.692
-187.647 1.3799 298.757
-187.59 1.37696 297.822
-187.539 1.37572 296.887
-187.488 1.37007 295.957
-187.437 1.36498 295.031
-187.395 1.36696 294.103
-187.349 1.36325 293.17
-187.305 1.35932 292.236
-187.261 1.35715 291.309
-187.215 1.35652 290.387
-187.169 1.35498 289.462
-187.126 1.35306 288.533
-187.078 1.34699 287.6
-187.026 1.3417 286.667
-186.959 1.33853 285.736
-186.883 1.33426 284.803
-186.813 1.33217 283.859
-186.743 1.3294 282.912
-186.673 1.32818 281.964
-186.605 1.32611 281.024
-186.543 1.32551 280.083
-186.478 1.32129 279.133
-186.403 1.31247 278.174
-186.328 1.3057 277.207
-186.254 1.30588 276.242
-186.186 1.30847 275.279
-186.121 1.31169 274.315
-186.061 1.31323 273.347
-186.001 1.31582 272.369
-185.945 1.31732 271.381
-185.89 1.32105 270.394
-185.83 1.32894 269.41
-185.77 1.33395 268.428
-185.716 1.33799 267.443
-185.658 1.33824 266.458
-185.593 1.34202 265.473
-185.524 1.34616 264.484
-185.453 1.35085 263.497
-185.381 1.35422 262.516
-185.309 1.35835 261.538
-185.237 1.36005 260.559
-185.161 1.35688 259.574
-185.082 1.35513 258.579
-184.994 1.35542 257.582
-184.908 1.35842 256.588
-184.825 1.36154 255.597
-184.744 1.35402 254.611
-184.661 1.34042 253.618
-184.578 1.32098 252.613
-184.49 1.30009 251.595
-184.395 1.28976 250.579
-184.301 1.28673 249.569
-184.208 1.28602 248.567
-184.12 1.2847 247.574
-184.038 1.28119 246.583
-183.959 1.27133 245.595
-183.88 1.26204 244.609
-183.805 1.24994 243.623
-183.73 1.23872 242.637
-183.655 1.22723 241.655
-183.58 1.21762 240.682
-183.505 1.20897 239.715
-183.432 1.20232 238.752
-183.364 1.19477 237.792
-183.298 1.18635 236.839
-183.233 1.17997 235.896
-183.177 1.17789 234.96
-183.12 1.17615 234.037
-183.057 1.17117 233.133
-183.006 1.17214 232.243
-182.955 1.17357 231.361
-182.882 1.16012 230.494
-182.81 1.14734 229.644
-182.756 1.14023 228.804
-182.705 1.12943 227.971
-182.65 1.11786 227.144
-182.604 1.10916 226.337
-182.567 1.10403 225.543
-182.536 1.09952 224.77
-182.506 1.09371 224.014
-182.478 1.08877 223.279
-182.452 1.08659 222.561
-182.431 1.0831 221.869
-182.415 1.07856 221.195
-182.402 1.07405 220.545
-182.389 1.07036 219.919
-182.372 1.0668 219.31
-182.357 1.06207 218.723
-182.339 1.05708 218.159
-182.314 1.05154 217.618
-182.281 1.04721 217.101
-182.242 1.04368 216.607
-182.201 1.03836 216.14
-182.153 1.03205 215.691
-182.092 1.02431 215.251
-182.013 1.01688 214.819
-181.917 1.01131 214.394
-181.805 1.0059 213.978
-181.672 0.999219 213.572
-181.518 0.99127 213.18
-181.34 0.981096 212.802
-181.142 0.971448 212.44
-180.93 0.962712 212.085
-180.699 0.956479 211.731
-180.448 0.949793 211.375
-180.169 0.940509 211.021
-179.861 0.929798 210.67
-179.524 0.919467 210.322
-179.159 0.91114 209.978
-178.766 0.90159 209.649
-178.343 0.889562 209.341
-177.887 0.876873 209.052
-177.401 0.865959 208.782
-176.892 0.8532 208.529
-176.358 0.835788 208.299
-175.793 0.814601 208.091
-175.204 0.7937 207.914
-174.588 0.777283 207.77
-173.953 0.760503 207.659
-173.298 0.740924 207.571
-172.625 0.72023 207.498
-171.945 0.700147 207.444
-171.258 0.679187 207.412
-170.555 0.660052 207.395
-169.845 0.645164 207.388
-169.117 0.623929 207.382
-168.374 0.596552 207.378
-167.628 0.567374 207.378
-166.878 0.539798 207.38
-166.126 0.514424 207.383
-165.372 0.487058 207.389
-164.607 0.457662 207.401
-163.825 0.429307 207.412
-163.028 0.397446 207.425
-162.219 0.359485 207.44
-161.408 0.327263 207.457
-160.593 0.299226 207.474
-159.771 0.272541 207.493
-158.938 0.244708 207.517
-158.096 0.214141 207.544
-157.246 0.180641 207.578
-156.389 0.147092 207.612
-155.519 0.115689 207.644
-154.637 0.0852875 207.674
-153.748 0.0536424 207.707
-152.856 0.0215149 207.743
-151.962 -0.00638963 207.775
-151.061 -0.032946 207.811
-150.155 -0.0626188 207.856
-149.247 -0.0947908 207.91
-148.346 -0.125102 207.966
-147.447 -0.153209 208.025
-146.545 -0.178291 208.092
-145.644 -0.204793 208.163
-144.748 -0.232181 208.238
-143.863 -0.256434 208.325
-142.975 -0.282732 208.413
-142.08 -0.311748 208.5
-141.187 -0.344966 208.595
-140.297 -0.377825 208.696
-139.416 -0.404355 208.791
-138.538 -0.430576 208.884
-137.662 -0.458038 208.979
-136.789 -0.486144 209.076
-135.923 -0.517426 209.174
-135.061 -0.546945 209.267
-134.212 -0.578314 209.353
-133.371 -0.612938 209.441
-132.539 -0.644894 209.519
-131.718 -0.680783 209.592
-130.911 -0.717672 209.665
-130.12 -0.750728 209.738
-129.344 -0.77891 209.81
-128.586 -0.810062 209.875
-127.847 -0.843946 209.93
-127.13 -0.875102 209.98
-126.434 -0.903156 210.024
-125.757 -0.934304 210.059
-125.102 -0.967018 210.086
-124.468 -0.999569 210.108
-123.848 -1.02917 210.125
-123.233 -1.05826 210.145
-122.625 -1.08911 210.159
-122.018 -1.12071 210.169
-121.412 -1.15039 210.181
-120.81 -1.17463 210.189
-120.208 -1.20095 210.191
-119.604 -1.22835 210.189
-119.007 -1.25717 210.189
-118.414 -1.28217 210.193
-117.819 -1.29738 210.205
