0 0 -0
-0.00191549 -0.00467936 0.671528
-0.0118832 -0.00741453 1.36018
-0.0263292 -0.0107833 2.06565
-0.0433026 -0.0178246 2.78677
-0.0620542 -0.0275074 3.52469
-0.0876414 -0.0361698 4.27612
-0.118475 -0.0456035 5.04155
-0.151359 -0.0543015 5.82258
-0.18536 -0.0630411 6.61532
-0.222227 -0.0732027 7.4164
-0.265738 -0.0832319 8.22304
-0.308537 -0.0901983 9.03756
-0.348676 -0.0972343 9.86046
-0.39317 -0.106065 10.6946
-0.438605 -0.116262 11.5364
-0.490464 -0.126938 12.3852
-0.543682 -0.137486 13.2422
-0.601951 -0.148527 14.1072
-0.659009 -0.162032 14.9829
-0.714932 -0.176538 15.8671
-0.773596 -0.189125 16.7562
-0.83286 -0.202896 17.6489
-0.89317 -0.215835 18.5447
-0.953628 -0.228528 19.447
-1.01613 -0.240776 20.3555
-1.08215 -0.253599 21.2734
-1.14725 -0.263922 22.1954
-1.20784 -0.27049 23.1239
-1.26794 -0.276748 24.0535
-1.32799 -0.283527 24.9872
-1.38757 -0.290033 25.9233
-1.44482 -0.298448 26.8664
-1.49957 -0.309583 27.8185
-1.55479 -0.320134 28.7777
-1.60913 -0.331172 29.7409
-1.65793 -0.339749 30.7006
-1.71388 -0.345908 31.6623
-1.77743 -0.355827 32.6271
-1.84243 -0.367038 33.5995
-1.90897 -0.379382 34.5791
-1.9812 -0.393227 35.5608
-2.05037 -0.404549 36.543
-2.11983 -0.412926 37.526
-2.18937 -0.421765 38.5116
-2.26737 -0.426993 39.494
-2.34019 -0.433977 40.4717
-2.41025 -0.437549 41.4473
-2.48572 -0.444503 42.4198
-2.55637 -0.453435 43.3924
-2.62531 -0.460852 44.3664
-2.69997 -0.470062 45.3354
-2.77766 -0.481195 46.2956
-2.85479 -0.490252 47.2519
-2.93035 -0.500859 48.2086
-3.00309 -0.514598 49.1679
-3.07392 -0.52653 50.1229
-3.14603 -0.5369 51.0708
-3.21631 -0.546512 52.0136
-3.28565 -0.556355 52.952
-3.35774 -0.565146 53.8911
-3.42813 -0.572108 54.8296
-3.49953 -0.576946 55.7662
-3.57793 -0.580425 56.6951
-3.65556 -0.584938 57.6107
-3.73358 -0.589561 58.514
-3.81255 -0.597724 59.4093
-3.89714 -0.609252 60.3006
-3.97962 -0.623663 61.1797
-4.05922 -0.638341 62.0432
-4.13802 -0.647123 62.8915
-4.2176 -0.657307 63.7289
-4.2956 -0.67014 64.5517
-4.37268 -0.680902 65.3629
-4.44928 -0.68788 66.1612
-4.53062 -0.694118 66.9478
-4.61011 -0.699915 67.7213
-4.69013 -0.704748 68.4764
-4.77078 -0.712212 69.2091
-4.84742 -0.721314 69.9183
-4.91849 -0.728352 70.6108
-4.99223 -0.73467 71.2873
-5.06731 -0.746982 71.9475
-5.13657 -0.764233 72.5854
-5.20083 -0.777132 73.2005
-5.25492 -0.790291 73.7979
-5.30955 -0.801761 74.3791
-5.36958 -0.813472 74.948
-5.43128 -0.825743 75.5039
-5.47772 -0.836867 76.0478
-5.51331 -0.848663 76.581
-5.54276 -0.862494 77.1021
-5.57633 -0.871002 77.6073
-5.60547 -0.878137 78.1001
-5.61987 -0.883682 78.5827
-5.61101 -0.888687 79.0531
-5.58407 -0.896071 79.5107
-5.5444 -0.903169 79.9598
-5.49001 -0.909745 80.4015
-5.41755 -0.91535 80.8349
-5.32676 -0.919156 81.2603
-5.21605 -0.92511 81.6734
-5.0869 -0.934512 82.0723
-4.93546 -0.94322 82.4548
-4.76078 -0.949886 82.8209
-4.56441 -0.954363 83.1705
-4.34558 -0.958788 83.5004
-4.10483 -0.967284 83.8079
-3.8445 -0.979109 84.0984
-3.56636 -0.989797 84.3736
-3.27232 -0.997703 84.6335
-2.96212 -1.00523 84.8696
-2.63744 -1.01413 85.0813
-2.29859 -1.02368 85.2694
-1.95583 -1.03459 85.4476
-1.60708 -1.04519 85.6136
-1.25017 -1.05495 85.7573
-0.881251 -1.06128 85.8735
-0.499729 -1.06474 85.9663
-0.116925 -1.06809 86.0609
0.26496 -1.07563 86.1613
0.648016 -1.09048 86.2662
1.04278 -1.10844 86.3549
1.44977 -1.12404 86.4235
1.86782 -1.13488 86.4767
2.29344 -1.1348 86.522
2.72878 -1.13533 86.5724
3.18035 -1.1497 86.6278
3.64917 -1.17364 86.6768
4.12895 -1.19488 86.7177
4.62266 -1.21233 86.7507
5.12991 -1.22744 86.7777
5.65015 -1.2424 86.8022
6.18657 -1.25805 86.827
6.7405 -1.2744 86.8508
7.31065 -1.29083 86.8735
7.89936 -1.30808 86.8949
8.50546 -1.32663 86.9123
9.12922 -1.3456 86.9291
9.77032 -1.36513 86.9475
10.4285 -1.38491 86.9636
11.1021 -1.40519 86.9761
11.7916 -1.42629 86.9906
12.4964 -1.44701 87.0113
13.2164 -1.46883 87.0353
13.9537 -1.48966 87.064
14.7062 -1.51096 87.0965
15.4738 -1.53267 87.1353
16.2559 -1.55529 87.1819
17.0496 -1.57634 87.2322
17.8476 -1.59959 87.287
18.6477 -1.62665 87.343
19.4499 -1.65413 87.405
20.2583 -1.68537 87.4635
21.0663 -1.71953 87.5206
21.8782 -1.75635 87.5792
22.6873 -1.78868 87.6332
23.4963 -1.82281 87.6902
24.3025 -1.85703 87.7479
25.1073 -1.89097 87.8064
25.9091 -1.92451 87.8638
26.7117 -1.95755 87.9198
27.5141 -1.99025 87.9718
28.3174 -2.02213 88.0188
29.1176 -2.05363 88.0601
29.912 -2.08482 88.0925
30.7032 -2.11371 88.1167
31.493 -2.1417 88.1327
32.2812 -2.17104 88.1392
33.067 -2.20074 88.1396
33.8485 -2.22814 88.1277
34.6251 -2.25645 88.1094
35.3977 -2.28539 88.0825
36.164 -2.31334 88.0492
36.9232 -2.34049 88.0063
37.6765 -2.36812 87.9549
38.421 -2.39782 87.8971
39.1581 -2.42713 87.8338
39.8878 -2.45511 87.7633
40.6104 -2.4833 87.6871
41.3241 -2.51028 87.6074
42.0263 -2.53566 87.5261
42.7204 -2.55959 87.4482
43.3977 -2.58337 87.3702
44.0601 -2.6066 87.2943
44.7078 -2.62949 87.2187
45.3385 -2.65234 87.1496
45.955 -2.67416 87.0874
46.5525 -2.69679 87.0346
47.1301 -2.72028 86.9924
47.6888 -2.74348 86.9619
48.2306 -2.76593 86.9438
48.7611 -2.78879 86.9395
49.288 -2.81266 86.9515
49.8125 -2.8361 86.9808
50.3373 -2.85796 87.0282
50.8571 -2.87949 87.0952
51.3718 -2.9041 87.1869
51.8796 -2.9274 87.3059
52.376 -2.94783 87.4532
52.8591 -2.96626 87.628
53.3285 -2.98249 87.8277
53.7769 -2.99859 88.0518
54.2018 -3.0172 88.3035
54.602 -3.03627 88.5782
54.9781 -3.05236 88.8847
55.3275 -3.06957 89.2165
55.6548 -3.08791 89.5685
55.9561 -3.10914 89.9393
56.2337 -3.12689 90.3368
56.4849 -3.14241 90.7548
56.7068 -3.15727 91.1867
56.9079 -3.16907 91.6316
57.0773 -3.18136 92.0846
57.2254 -3.19301 92.5454
57.3529 -3.20054 93.0182
57.4693 -3.20175 93.4968
57.5844 -3.20259 93.9843
57.7061 -3.20598 94.4766
57.819 -3.21418 94.9758
57.9186 -3.21777 95.4848
58.0125 -3.21683 96.002
58.1073 -3.21723 96.532
58.2047 -3.22328 97.0627
58.3137 -3.23488 97.6025
58.4323 -3.24442 98.152
58.5542 -3.25046 98.7078
58.6832 -3.25765 99.2826
58.8064 -3.26955 99.863
58.9372 -3.28235 100.465
59.0798 -3.29613 101.071
59.2357 -3.30806 101.697
59.391 -3.31797 102.326
59.5511 -3.32436 102.963
59.7163 -3.33338 103.606
59.8787 -3.34329 104.259
60.0379 -3.3532 104.925
60.198 -3.36184 105.607
60.3651 -3.3737 106.309
60.5373 -3.38884 107.024
60.705 -3.40512 107.749
60.8669 -3.41703 108.48
61.0254 -3.42641 109.218
61.1919 -3.43593 109.966
61.361 -3.44867 110.726
61.5308 -3.46451 111.502
61.7026 -3.48239 112.289
61.8713 -3.49982 113.085
62.0444 -3.51294 113.889
62.2209 -3.52574 114.698
62.3917 -3.53919 115.515
62.5552 -3.55318 116.336
62.7201 -3.56723 117.161
62.8855 -3.58103 117.993
63.0528 -3.59789 118.834
63.2279 -3.61728 119.678
63.4111 -3.63472 120.522
63.5978 -3.65187 121.363
63.7963 -3.67117 122.207
63.996 -3.69362 123.05
64.188 -3.71664 123.894
64.3766 -3.73453 124.74
64.5627 -3.74937 125.588
64.7497 -3.76796 126.431
64.9391 -3.78604 127.261
65.1353 -3.80749 128.075
65.3323 -3.82972 128.895
65.5261 -3.84871 129.734
65.7213 -3.8711 130.582
65.9135 -3.89246 131.422
66.0903 -3.90254 132.24
66.2606 -3.90847 133.046
66.4391 -3.91666 133.855
66.6228 -3.93908 134.671
66.7991 -3.96643 135.49
66.9697 -3.98387 136.304
67.1377 -4.00404 137.116
67.2931 -4.0292 137.927
67.4434 -4.0487 138.737
67.5997 -4.07168 139.547
67.7598 -4.09355 140.356
67.9183 -4.11417 141.159
68.0755 -4.13587 141.956
68.2337 -4.15681 142.751
68.385 -4.17579 143.547
68.5266 -4.19526 144.351
68.6626 -4.2129 145.159
68.8 -4.22406 145.966
68.9183 -4.23335 146.768
69.0358 -4.24243 147.565
69.1556 -4.25128 148.356
69.2735 -4.25726 149.157
69.3832 -4.2704 149.969
69.4762 -4.28905 150.789
69.5593 -4.30589 151.607
69.6437 -4.32145 152.423
69.7265 -4.33729 153.243
69.801 -4.35414 154.072
69.8629 -4.37274 154.908
69.9164 -4.38578 155.743
69.9711 -4.39568 156.575
70.0206 -4.40323 157.406
70.0681 -4.41233 158.234
70.1048 -4.42208 159.056
70.1338 -4.43376 159.879
70.1665 -4.44455 160.704
70.1997 -4.45637 161.539
70.2263 -4.4646 162.377
70.2532 -4.47349 163.211
70.2825 -4.48122 164.03
70.3196 -4.48746 164.843
70.3439 -4.48838 165.66
70.3481 -4.49624 166.486
70.3526 -4.50742 167.319
70.3611 -4.51412 168.154
70.3649 -4.51332 168.99
70.361 -4.51885 169.823
70.3483 -4.52776 170.651
70.3375 -4.53298 171.476
70.3288 -4.5395 172.309
70.2948 -4.54855 173.156
70.2411 -4.5544 174.009
70.1908 -4.56139 174.859
70.1443 -4.56172 175.699
70.0947 -4.56116 176.53
70.0309 -4.56366 177.364
69.9796 -4.57137 178.205
69.9389 -4.58179 179.058
69.8869 -4.5896 179.918
69.8295 -4.59532 180.774
69.7756 -4.60018 181.624
69.7231 -4.60675 182.464
69.6825 -4.61738 183.302
69.6416 -4.62918 184.148
69.5807 -4.64306 185.002
69.5132 -4.6587 185.857
69.4508 -4.67478 186.704
69.3925 -4.68482 187.541
69.33 -4.69258 188.373
69.2591 -4.70282 189.207
69.1929 -4.71716 190.043
69.1256 -4.7304 190.877
69.0587 -4.73931 191.706
68.9908 -4.74861 192.529
68.9306 -4.76328 193.341
68.8642 -4.7735 194.144
68.7984 -4.78087 194.945
68.7346 -4.78942 195.746
68.6743 -4.80074 196.537
68.6184 -4.80918 197.307
68.5594 -4.81226 198.055
68.4975 -4.8138 198.784
68.4399 -4.82478 199.495
68.3897 -4.84095 200.187
68.3434 -4.8555 200.864
68.2987 -4.86472 201.537
68.2533 -4.87587 202.21
68.2046 -4.89227 202.89
68.1595 -4.9051 203.56
68.1269 -4.91441 204.218
68.1042 -4.9258 204.866
68.0839 -4.93611 205.51
68.0631 -4.94586 206.156
68.0501 -4.9594 206.804
68.0478 -4.97649 207.454
68.055 -4.99508 208.101
68.0626 -5.01103 208.739
68.0637 -5.02299 209.376
68.0606 -5.02846 210.015
68.0606 -5.0322 210.658
68.0623 -5.04122 211.304
68.0617 -5.04938 211.952
68.0478 -5.05636 212.595
68.0359 -5.06496 213.234
68.0339 -5.0777 213.877
68.0377 -5.08721 214.527
68.0286 -5.09585 215.191
68.0046 -5.10698 215.864
67.9944 -5.11795 216.544
67.9893 -5.12413 217.223
67.9752 -5.12287 217.892
67.946 -5.12377 218.562
67.9244 -5.12251 219.233
67.9145 -5.11823 219.915
67.9025 -5.11978 220.609
67.8892 -5.12521 221.304
67.8687 -5.13462 221.998
67.8461 -5.1383 222.686
67.8275 -5.13934 223.371
67.8133 -5.14408 224.06
67.7904 -5.14844 224.749
67.7634 -5.15296 225.44
67.7382 -5.15866 226.127
67.7128 -5.16476 226.805
67.689 -5.17215 227.476
67.6651 -5.17967 228.137
67.638 -5.18717 228.797
67.6053 -5.19725 229.453
67.5819 -5.21033 230.104
67.5606 -5.22368 230.743
67.537 -5.23278 231.364
67.5084 -5.23917 231.969
67.4837 -5.24304 232.556
67.4636 -5.24769 233.12
67.4362 -5.25221 233.662
67.3989 -5.25805 234.185
67.3506 -5.26288 234.69
67.2928 -5.26559 235.183
67.2268 -5.26999 235.671
67.1411 -5.27492 236.15
67.0429 -5.28088 236.619
66.9336 -5.28853 237.078
66.804 -5.29744 237.516
66.6483 -5.30497 237.939
66.474 -5.3088 238.352
66.2793 -5.31268 238.749
66.0592 -5.32019 239.126
65.817 -5.33214 239.482
65.5571 -5.34128 239.82
65.2836 -5.34493 240.144
64.9952 -5.34519 240.455
64.6874 -5.34287 240.753
64.3586 -5.33825 241.035
64.0153 -5.33063 241.294
63.6627 -5.31953 241.526
63.3024 -5.3057 241.735
62.9352 -5.29231 241.922
62.5588 -5.27342 242.094
62.1808 -5.25026 242.246
61.7864 -5.22429 242.379
61.3678 -5.19622 242.492
60.9309 -5.1712 242.582
60.4772 -5.14951 242.652
60.008 -5.12809 242.71
59.5273 -5.1049 242.749
59.0367 -5.08294 242.773
58.5347 -5.06155 242.785
58.0209 -5.03386 242.785
57.4957 -5.00723 242.776
56.9586 -4.98304 242.758
56.4094 -4.96054 242.731
55.8473 -4.93785 242.697
55.276 -4.91515 242.659
54.6905 -4.89212 242.621
54.0865 -4.8695 242.582
53.4658 -4.84647 242.542
52.8255 -4.82195 242.501
52.1663 -4.79749 242.458
51.4855 -4.77205 242.416
50.7855 -4.74693 242.373
50.0653 -4.72057 242.331
49.3218 -4.69247 242.287
48.5565 -4.6647 242.241
47.7682 -4.63897 242.194
46.957 -4.6118 242.15
46.1257 -4.58305 242.109
45.2761 -4.55603 242.069
44.4104 -4.52756 242.026
43.5296 -4.49691 241.983
42.6378 -4.46668 241.943
41.7424 -4.43661 241.903
40.8507 -4.40529 241.861
39.9627 -4.37529 241.815
39.0766 -4.34659 241.771
38.1877 -4.31741 241.727
37.2928 -4.28844 241.681
36.398 -4.25992 241.631
35.5073 -4.22694 241.579
34.6232 -4.18969 241.524
33.7429 -4.15416 241.465
32.8668 -4.12101 241.399
31.9919 -4.08722 241.332
31.119 -4.05586 241.267
30.2486 -4.02802 241.195
29.3847 -4.00255 241.12
28.5231 -3.97623 241.049
27.6642 -3.95122 240.98
26.8071 -3.93037 240.914
25.9535 -3.9099 240.853
25.1023 -3.88627 240.794
24.2558 -3.8646 240.74
23.4116 -3.84265 240.691
22.5727 -3.81675 240.647
21.7409 -3.79393 240.595
20.9121 -3.7719 240.542
20.086 -3.74623 240.499
19.2603 -3.72246 240.454
18.4374 -3.69671 240.4
17.6215 -3.66992 240.344
16.8114 -3.64468 240.29
16.0061 -3.61755 240.232
15.2029 -3.58982 240.171
14.4028 -3.56523 240.108
13.6058 -3.54391 240.039
12.8114 -3.52069 239.966
12.0195 -3.49728 239.889
11.2311 -3.47449 239.809
10.4491 -3.45088 239.724
9.67538 -3.42631 239.638
8.91033 -3.40163 239.549
8.15442 -3.37685 239.46
7.40717 -3.35267 239.373
6.67312 -3.33045 239.29
5.95515 -3.30974 239.208
5.25066 -3.28788 239.127
4.56215 -3.26518 239.049
3.88666 -3.24445 238.976
3.2248 -3.22482 238.908
2.57589 -3.20565 238.843
1.94296 -3.18652 238.779
1.32434 -3.16717 238.721
0.719437 -3.14849 238.67
0.127956 -3.13075 238.621
-0.450692 -3.11367 238.572
-1.01476 -3.09751 238.527
-1.5595 -3.08235 238.485
-2.0864 -3.06788 238.451
