0 0 -0
-0.00191549 -0.00467936 0.671528
-0.0118832 -0.00741453 1.36018
-0.0263553 -0.0107629 2.0657
-0.0433678 -0.0177959 2.78693
-0.0618317 -0.0276359 3.52514
-0.0874778 -0.0363068 4.27669
-0.118321 -0.045741 5.04228
-0.151181 -0.0544348 5.82344
-0.185222 -0.0632194 6.61627
-0.222137 -0.0733811 7.41754
-0.265649 -0.0833964 8.22429
-0.308516 -0.0903797 9.03897
-0.348553 -0.0973885 9.8621
-0.393159 -0.106181 10.6965
-0.438655 -0.116399 11.5384
-0.49053 -0.127053 12.3874
-0.543789 -0.137639 13.2446
-0.602098 -0.148659 14.1097
-0.659242 -0.162175 14.9855
-0.715059 -0.176663 15.87
-0.773791 -0.189288 16.7592
-0.833017 -0.203036 17.6521
-0.893316 -0.216046 18.5479
-0.953753 -0.228743 19.4503
-1.01641 -0.241021 20.3588
-1.08235 -0.253871 21.2766
-1.14754 -0.264201 22.1988
-1.20821 -0.270752 23.1273
-1.26819 -0.27697 24.0567
-1.32816 -0.283727 24.9905
-1.38766 -0.290193 25.9263
-1.44489 -0.298528 26.8697
-1.49963 -0.309647 27.8216
-1.55501 -0.320106 28.7809
-1.60936 -0.331171 29.7438
-1.65819 -0.339759 30.7035
-1.71414 -0.345865 31.665
-1.77772 -0.355725 32.6298
-1.84293 -0.366868 33.6022
-1.90957 -0.379286 34.5816
-1.98178 -0.393044 35.5635
-2.05114 -0.404244 36.5459
-2.12009 -0.412645 37.5287
-2.18981 -0.421561 38.5144
-2.26787 -0.426793 39.4967
-2.34065 -0.43368 40.4746
-2.41079 -0.437176 41.4506
-2.48621 -0.444177 42.4234
-2.55681 -0.453053 43.396
-2.62578 -0.460506 44.37
-2.70032 -0.469626 45.3393
-2.77799 -0.480828 46.2992
-2.85517 -0.489774 47.2556
-2.93063 -0.500423 48.2128
-3.00361 -0.514069 49.1721
