1 0 -0 0 -0 1 0 0 0 -0 1 -0 
0.999999 0.000829483 0.00150256 -0.00662508 -0.000822499 0.999989 -0.00464304 -0.00267466 -0.00150639 0.0046418 0.999988 0.958859 
0.999997 -0.0013252 0.00226765 -0.00603648 0.00133762 0.999984 -0.00548534 -0.00177107 -0.00226034 0.00548835 0.999982 1.91862 
0.999993 -0.00289102 0.00232434 -0.00649686 0.00289456 0.999995 -0.00152281 -0.00239354 -0.00231993 0.00152953 0.999996 2.87908 
0.999985 -0.00526634 0.00164137 -0.0052443 0.00525896 0.999976 0.00446707 -0.00410563 -0.00166485 -0.00445837 0.999989 3.83856 
0.999961 -0.00884375 0.000299933 -0.00324839 0.00884234 0.999951 0.00442461 -0.00116819 -0.000339049 -0.00442179 0.99999 4.78685 
0.999935 -0.0114125 -0.000698914 -0.00408678 0.0114136 0.999934 0.00158894 0.00156537 0.000680734 -0.00159681 0.999998 5.72688 
0.999927 -0.0119731 -0.00139748 -0.0086927 0.0119705 0.999927 -0.00188377 0.00258547 0.00141993 0.0018669 0.999997 6.66222 
0.99993 -0.011606 -0.00217623 -0.0156273 0.0116006 0.99993 -0.00246363 0.00220421 0.00220466 0.00243821 0.999995 7.59644 
0.999932 -0.0111942 -0.00314987 -0.023473 0.0111921 0.999937 -0.000655764 0.00179292 0.00315702 0.000620466 0.999995 8.53035 
0.999932 -0.0110046 -0.00385825 -0.0317754 0.0110135 0.999937 0.00230722 0.00102762 0.00383262 -0.00234956 0.99999 9.46116 
0.999926 -0.0111912 -0.00474618 -0.0401979 0.0112089 0.99993 0.0037281 0.00286491 0.00470412 -0.00378103 0.999982 10.3881 
0.999907 -0.0125768 -0.00532359 -0.0477318 0.0126007 0.999911 0.00448968 0.00679071 0.00526665 -0.00455634 0.999976 11.313 
0.9999 -0.0127321 -0.00612789 -0.0573575 0.0127594 0.999909 0.00443781 0.00981079 0.00607083 -0.00451556 0.999971 12.2327 
0.999892 -0.0130372 -0.00685347 -0.0676052 0.0130579 0.99991 0.00298839 0.0123928 0.0068139 -0.00307756 0.999972 13.1491 
0.999874 -0.0135036 -0.00828757 -0.0788192 0.0135119 0.999908 0.000939906 0.0152437 0.00827411 -0.00105177 0.999965 14.0613 
0.999842 -0.0148031 -0.00980111 -0.0900927 0.0148 0.99989 -0.000391341 0.0169885 0.00980583 0.000246224 0.999952 14.9716 
0.999831 -0.0143887 -0.0114039 -0.105046 0.0143775 0.999896 -0.00106516 0.0167743 0.011418 0.000901017 0.999934 15.8786 
0.999831 -0.0131065 -0.012924 -0.123031 0.0130821 0.999912 -0.00196765 0.0152655 0.0129487 0.00179825 0.999915 16.7817 
0.999827 -0.0116529 -0.0145227 -0.142649 0.0116253 0.99993 -0.00198407 0.014134 0.0145448 0.0018149 0.999893 17.6835 
0.999799 -0.0121079 -0.0160021 -0.161072 0.0120901 0.999926 -0.001206 0.013674 0.0160155 0.00101229 0.999871 18.5821 
0.999781 -0.0116146 -0.0174254 -0.181211 0.011618 0.999933 9.53951e-05 0.0121107 0.0174231 -0.000297822 0.999848 19.4767 
0.99976 -0.0112254 -0.018792 -0.203167 0.0112401 0.999937 0.000674867 0.0116606 0.0187832 -0.000885929 0.999823 20.366 
0.999718 -0.0122609 -0.0203287 -0.223761 0.0122736 0.999925 0.000498171 0.0115694 0.020321 -0.000747536 0.999793 21.2492 
0.999682 -0.0123794 -0.0219585 -0.246766 0.0123839 0.999923 6.75428e-05 0.0114912 0.021956 -0.000339453 0.999759 22.1262 
0.999661 -0.0121994 -0.0230072 -0.271667 0.0122125 0.999925 0.000428043 0.0118158 0.0230003 -0.000708872 0.999735 22.9977 
0.999638 -0.0120215 -0.0240547 -0.296949 0.012082 0.999924 0.0023719 0.0131843 0.0240244 -0.00266167 0.999708 23.8638 
0.999607 -0.0131198 -0.0247846 -0.321381 0.0132508 0.999899 0.00512938 0.0147961 0.0247148 -0.00545578 0.99968 24.7219 
0.999592 -0.0129233 -0.0254542 -0.346888 0.0130977 0.999892 0.00669391 0.0164192 0.025365 -0.00702457 0.999654 25.569 
0.999585 -0.0122391 -0.0260777 -0.374677 0.0123881 0.999908 0.00556223 0.0184106 0.0260072 -0.00588298 0.999644 26.4024 
0.999581 -0.0106682 -0.0268903 -0.403544 0.0107509 0.999938 0.00293392 0.021139 0.0268573 -0.00322179 0.999634 27.2252 
0.999565 -0.0102868 -0.0276424 -0.430722 0.0103239 0.999946 0.00119799 0.023933 0.0276286 -0.00148285 0.999617 28.0387 
0.999546 -0.00945224 -0.0285997 -0.459411 0.00947952 0.999955 0.000818448 0.0246055 0.0285907 -0.00108919 0.999591 28.8437 
0.99951 -0.00967353 -0.02978 -0.487631 0.00968853 0.999953 0.000359224 0.0222146 0.0297751 -0.000647572 0.999556 29.6401 
0.999451 -0.00938985 -0.0317609 -0.517285 0.00938066 0.999956 -0.000438512 0.0196184 0.0317636 0.000140333 0.999495 30.4282 
0.999389 -0.00923279 -0.0337137 -0.547435 0.00921933 0.999957 -0.00055448 0.020124 0.0337174 0.000243323 0.999431 31.2083 
0.999322 -0.00916639 -0.035657 -0.580023 0.00919058 0.999958 0.000514615 0.0220861 0.0356508 -0.000841975 0.999364 31.9784 
0.999245 -0.00949201 -0.0376672 -0.612091 0.00960658 0.99995 0.00286191 0.0219511 0.0376381 -0.0032216 0.999286 32.7391 
0.999179 -0.00848236 -0.0396169 -0.647126 0.00866429 0.999953 0.0044227 0.0213172 0.0395775 -0.00476232 0.999205 33.4887 
0.999111 -0.00718075 -0.0415304 -0.683222 0.00738133 0.999962 0.00467837 0.0219195 0.0414952 -0.00498076 0.999126 34.2267 
0.999048 -0.00462043 -0.0433734 -0.722444 0.00479381 0.999981 0.0038941 0.0230522 0.0433545 -0.00409832 0.999051 34.9532 
0.998974 -0.00297377 -0.0451814 -0.761756 0.00312073 0.99999 0.0031826 0.0252134 0.0451715 -0.00332034 0.998974 35.6706 
0.998903 -0.00266785 -0.0467603 -0.799739 0.00287134 0.999987 0.00428517 0.0283201 0.0467482 -0.00441473 0.998897 36.3818 
0.998852 -0.00130838 -0.0478904 -0.838392 0.00160372 0.99998 0.00612913 0.0314892 0.0478814 -0.00619889 0.998834 37.0841 
0.99885 0.00154296 -0.0479189 -0.879782 -0.00122157 0.999977 0.00673565 0.0317116 0.0479282 -0.00666937 0.998829 37.773 
0.998891 0.00471118 -0.0468394 -0.919915 -0.00449619 0.999979 0.00469425 0.0314756 0.0468605 -0.00447845 0.998891 38.4476 
0.99896 0.00635929 -0.0451495 -0.956277 -0.00629632 0.999979 0.00153684 0.033641 0.0451583 -0.00125097 0.998979 39.1086 
0.999051 0.00690579 -0.0430078 -0.98759 -0.00692963 0.999976 -0.000405362 0.0379125 0.0430039 0.000703005 0.999075 39.7637 
0.999171 0.00804023 -0.0398974 -1.01755 -0.00803239 0.999968 0.000356703 0.0405551 0.0398989 -3.59359e-05 0.999204 40.4146 
0.999245 0.0127657 -0.0366977 -1.0497 -0.0126597 0.999915 0.00311857 0.039041 0.0367344 -0.00265163 0.999322 41.0585 
0.999312 0.01708 -0.0329083 -1.0794 -0.0168696 0.999836 0.00666061 0.0383069 0.0330167 -0.00610088 0.999436 41.6903 
0.999346 0.0220765 -0.028632 -1.10498 -0.0218674 0.999732 0.00759391 0.0406103 0.0287919 -0.00696284 0.999561 42.304 
0.999396 0.0258038 -0.0232927 -1.12592 -0.0256284 0.999641 0.00779541 0.0451662 0.0234855 -0.00719375 0.999698 42.8996 
0.99941 0.0295568 -0.0175151 -1.14172 -0.0293893 0.999521 0.00974669 0.0502645 0.0177948 -0.00922618 0.999799 43.4807 
0.99935 0.0343456 -0.0109669 -1.15535 -0.0342257 0.999354 0.0109433 0.0530637 0.0113357 -0.0105609 0.99988 44.0424 
0.999284 0.0376285 -0.00389271 -1.16356 -0.0375855 0.999237 0.0105834 0.0544038 0.00428797 -0.0104295 0.999936 44.5823 
0.999153 0.0410157 0.00335971 -1.16625 -0.0410494 0.9991 0.0106599 0.0553524 -0.00291946 -0.0107888 0.999938 45.1032 
0.99891 0.0453911 0.0108482 -1.16595 -0.0455019 0.998912 0.0102007 0.0580243 -0.0103734 -0.0106832 0.999889 45.6025 
0.998594 0.0496986 0.0184242 -1.16287 -0.0498429 0.998729 0.00745605 0.0603948 -0.0180302 -0.00836389 0.999802 46.0775 
0.998321 0.051568 0.0263866 -1.15265 -0.0516992 0.998653 0.00431393 0.0616778 -0.0261286 -0.00567086 0.999643 46.5296 
0.998058 0.052033 0.0342461 -1.13754 -0.0522026 0.998628 0.0040788 0.0622814 -0.0339869 -0.00585862 0.999405 46.9628 
0.997793 0.0513014 0.0421648 -1.11645 -0.0515773 0.998654 0.00548004 0.0622764 -0.0418269 -0.00764269 0.999096 47.3735 
0.997335 0.0529737 0.0501592 -1.09574 -0.0533496 0.998557 0.00618348 0.062951 -0.0497592 -0.00884297 0.998722 47.7598 
0.996682 0.0561216 0.0589464 -1.07674 -0.0565919 0.998377 0.00633839 0.0635754 -0.058495 -0.00965325 0.998241 48.1209 
0.995848 0.0608579 0.0676968 -1.05773 -0.0613883 0.998097 0.00578162 0.0625854 -0.0672161 -0.0099134 0.997689 48.4558 
0.994962 0.064591 0.0766725 -1.0357 -0.065229 0.997853 0.00584271 0.0607023 -0.0761305 -0.0108145 0.997039 48.7646 
0.99424 0.0639645 0.0859965 -1.01077 -0.06476 0.99788 0.0064897 0.058871 -0.0853991 -0.0120215 0.996274 49.0045 
0.993379 0.0626138 0.0963219 -0.971065 -0.0633293 0.997983 0.00438598 0.0642652 -0.095853 -0.0104569 0.995341 49.2277 
0.991863 0.0613505 0.111549 -1.04851 -0.06165 0.998098 -0.000766155 0.0857581 -0.111384 -0.00611707 0.993759 49.5803 
0.989992 0.0623347 0.126607 -1.07668 -0.062166 0.998052 -0.00528727 0.100956 -0.12669 -0.00263629 0.991939 49.8858 
0.987773 0.0640191 0.142147 -1.04209 -0.0635985 0.997947 -0.00750465 0.0981309 -0.142335 -0.00162742 0.989817 50.1147 
0.985217 0.0656049 0.158253 -0.998093 -0.0650276 0.997844 -0.00882873 0.0954486 -0.158491 -0.00159263 0.987359 50.3408 
0.982326 0.0661424 0.1751 -0.948566 -0.0653844 0.997809 -0.0101005 0.0932596 -0.175385 -0.00152681 0.984499 50.5659 
0.979015 0.0652675 0.193053 -0.891863 -0.0643047 0.997867 -0.011256 0.0904373 -0.193375 -0.00139438 0.981124 50.7881 
0.975091 0.0642004 0.212312 -0.829842 -0.0631687 0.997935 -0.0116464 0.0880276 -0.212622 -0.00205515 0.977132 51.0116 
0.970478 0.0644693 0.232416 -0.762703 -0.0631988 0.997917 -0.0129165 0.0852363 -0.232764 -0.00215323 0.972531 51.2365 
0.965082 0.0665224 0.253362 -0.690416 -0.0648007 0.997783 -0.0151443 0.0822583 -0.253808 -0.00180255 0.967253 51.4627 
0.958779 0.0678007 0.275947 -0.610473 -0.0655871 0.997698 -0.0172538 0.0776895 -0.276481 -0.00155601 0.961018 51.6903 
0.951366 0.0689804 0.30024 -0.521711 -0.0665362 0.997615 -0.0183705 0.0716117 -0.300791 -0.00249978 0.953687 51.9209 
0.942706 0.071814 0.325803 -0.426584 -0.0693162 0.997408 -0.0192849 0.0646501 -0.326343 -0.00440337 0.945241 52.1533 
0.932704 0.0739208 0.352987 -0.322656 -0.0713143 0.997245 -0.0204033 0.0565321 -0.353522 -0.00614275 0.935406 52.3848 
0.921423 0.0746122 0.38133 -0.206739 -0.0717438 0.997186 -0.0217549 0.0472059 -0.38188 -0.00731256 0.924183 52.6138 
0.90865 0.0727479 0.411172 -0.0757166 -0.0690547 0.997328 -0.0238511 0.0376453 -0.411808 -0.00672101 0.911246 52.8371 
0.893655 0.0699883 0.443263 0.0684729 -0.0649671 0.997535 -0.0265251 0.0283919 -0.444027 -0.00509329 0.895999 53.0581 
0.876208 0.0693538 0.476918 0.222795 -0.0622035 0.997589 -0.0307881 0.0193653 -0.477903 -0.00268917 0.878409 53.278 
0.856584 0.0712154 0.511069 0.389409 -0.0615169 0.997461 -0.0358858 0.0100469 -0.512327 -0.000700179 0.85879 53.5005 
0.834683 0.0731622 0.54585 0.572264 -0.0609818 0.99732 -0.0404245 6.93289e-05 -0.547345 0.000454726 0.836907 53.726 
0.810049 0.0760649 0.581408 0.773142 -0.061982 0.997103 -0.0440931 -0.0116689 -0.583077 -0.000319281 0.812417 53.9564 
0.782626 0.079937 0.617338 0.993909 -0.0647023 0.996795 -0.0470456 -0.0262115 -0.61912 -0.0031241 0.78529 54.1935 
0.75268 0.0842019 0.65298 1.23713 -0.0681869 0.996424 -0.0498912 -0.042873 -0.654846 -0.00697266 0.75573 54.4351 
0.71971 0.0852915 0.689016 1.50896 -0.0678276 0.996316 -0.0524822 -0.0617392 -0.690954 -0.00896234 0.722843 54.6732 
0.683316 0.0827391 0.725419 1.81371 -0.0640318 0.996521 -0.0533447 -0.0840644 -0.727309 -0.00999859 0.686237 54.9065 
0.644395 0.0813924 0.760349 2.14764 -0.0610857 0.996621 -0.0549144 -0.10502 -0.762249 -0.0110599 0.647189 55.1381 
0.602303 0.0809901 0.794149 2.5123 -0.0590134 0.996635 -0.0568832 -0.125971 -0.796084 -0.0126045 0.605055 55.3657 
0.55646 0.0807 0.826946 2.90702 -0.0552834 0.996663 -0.0600616 -0.149595 -0.829033 -0.0122945 0.559065 55.5858 
0.508556 0.0796321 0.857339 3.33504 -0.052099 0.996736 -0.0616756 -0.177093 -0.859451 -0.0133011 0.511044 55.7958 
0.460039 0.0776932 0.884493 3.79201 -0.050185 0.996847 -0.0614603 -0.205871 -0.88648 -0.0161142 0.462487 55.9945 
0.410439 0.0755735 0.908751 4.27835 -0.0499864 0.996926 -0.0603298 -0.233314 -0.910517 -0.0206635 0.412955 56.1822 
0.360331 0.0753301 0.929778 4.78909 -0.0528631 0.996781 -0.0602718 -0.258808 -0.931325 -0.0274332 0.363153 56.3565 
0.311009 0.0756391 0.947392 5.3227 -0.0506394 0.996731 -0.0629544 -0.285643 -0.949057 -0.0283959 0.313823 56.5052 
0.264028 0.072353 0.961797 5.88776 -0.0394156 0.997159 -0.0641929 -0.320868 -0.963709 -0.0209611 0.26613 56.6158 
0.220202 0.0664295 0.97319 6.47761 -0.0261112 0.997722 -0.062196 -0.356379 -0.975105 -0.0117154 0.221435 56.6955 
0.178138 0.065547 0.98182 7.0793 -0.0169398 0.997835 -0.0635427 -0.387343 -0.98386 -0.00531241 0.178863 56.763 
0.139701 0.0671235 0.987916 7.69684 -0.0136056 0.997736 -0.0658667 -0.415144 -0.9901 -0.00423954 0.140298 56.8247 
0.107117 0.0678964 0.991925 8.33762 -0.00467286 0.997689 -0.0677863 -0.453541 -0.994235 0.0026259 0.107186 56.8639 
0.07819 0.0661672 0.99474 8.99439 0.00261178 0.997778 -0.0665745 -0.49722 -0.996935 0.00780351 0.0778434 56.8887 
0.0531854 0.0645153 0.996498 9.67264 0.0096483 0.997831 -0.0651165 -0.536425 -0.998538 0.0130778 0.0524476 56.9031 
0.0333176 0.063662 0.997415 10.3654 0.0143487 0.997836 -0.0641682 -0.569034 -0.999342 0.0164496 0.0323321 56.9076 
0.0174902 0.0655099 0.997699 11.0701 0.0170567 0.997687 -0.0658081 -0.60471 -0.999702 0.0181684 0.0163323 56.9084 
0.00406985 0.0651721 0.997866 11.7888 0.0178022 0.997711 -0.0652346 -0.647757 -0.999833 0.0180297 0.00290033 56.9047 
-0.00757724 0.066029 0.997789 12.5201 0.0184769 0.997656 -0.06588 -0.693003 -0.999801 0.0179369 -0.0087795 56.8937 
-0.0165511 0.0690305 0.997477 13.2629 0.023348 0.997369 -0.0686356 -0.734044 -0.99959 0.0221531 -0.0181192 56.87 
-0.0229307 0.0710864 0.997207 14.0185 0.0276482 0.997132 -0.0704453 -0.774954 -0.999355 0.0259556 -0.0248304 56.8374 
-0.0275882 0.0704384 0.997135 14.7961 0.0281655 0.997173 -0.0696618 -0.818367 -0.999222 0.026163 -0.0294942 56.8123 
-0.031233 0.067688 0.997218 15.5818 0.0257784 0.997427 -0.0668948 -0.864084 -0.99918 0.0236173 -0.0328976 56.7941 
-0.0337567 0.0607839 0.99758 16.3875 0.0237417 0.997916 -0.060001 -0.909727 -0.999148 0.0216588 -0.0351295 56.7714 
-0.0349303 0.0551583 0.997866 17.2074 0.0249676 0.998212 -0.0543034 -0.952337 -0.999078 0.0230175 -0.036245 56.7389 
-0.0353603 0.0526278 0.997988 18.0345 0.0275927 0.998283 -0.0516658 -0.994455 -0.998994 0.0257102 -0.0367517 56.7054 
-0.0350305 0.0549204 0.997876 18.8629 0.030938 0.99807 -0.0538449 -1.03731 -0.998907 0.0289861 -0.036662 56.6706 
-0.0342622 0.062314 0.997468 19.6914 0.0319691 0.997612 -0.0612249 -1.07781 -0.998901 0.0297904 -0.0361725 56.6426 
-0.0320577 0.0703492 0.997007 20.5254 0.0326971 0.99706 -0.0693016 -1.11912 -0.998951 0.0303776 -0.0342636 56.6187 
-0.0299483 0.0711221 0.997018 21.3732 0.0333484 0.996981 -0.0701178 -1.16259 -0.998995 0.031149 -0.0322297 56.5954 
-0.0278504 0.0667317 0.997382 22.2374 0.0326724 0.997297 -0.0658137 -1.21271 -0.999078 0.0307539 -0.0299554 56.575 
-0.0253077 0.0601919 0.997866 23.1001 0.0321774 0.997717 -0.0593669 -1.2674 -0.999162 0.0306062 -0.0271868 56.557 
-0.0225523 0.058527 0.998031 23.9606 0.0303138 0.997866 -0.0578323 -1.32008 -0.999286 0.0289499 -0.0242783 56.5455 
-0.0192192 0.0639692 0.997767 24.7855 0.0381229 0.997272 -0.0632031 -1.36804 -0.999088 0.036823 -0.0216054 56.5207 
-0.0158553 0.0695937 0.997449 25.612 0.0397247 0.996831 -0.0689191 -1.41474 -0.999085 0.0385307 -0.0185696 56.5056 
-0.0135185 0.0701883 0.997442 26.443 0.0337605 0.996997 -0.0696994 -1.4624 -0.999339 0.0327319 -0.0158475 56.5079 
-0.0102905 0.0666509 0.997723 27.2785 0.0292925 0.997368 -0.0663251 -1.51339 -0.999518 0.0285433 -0.0122158 56.5144 
-0.00555806 0.0629943 0.997998 28.1236 0.0333186 0.997471 -0.0627755 -1.57181 -0.999429 0.032903 -0.00764289 56.5061 
-0.00202262 0.0640607 0.997944 28.964 0.0380197 0.997229 -0.0639378 -1.62544 -0.999275 0.0378122 -0.00445259 56.4981 
0.000840479 0.0686874 0.997638 29.7996 0.0376913 0.996927 -0.0686702 -1.67562 -0.999289 0.03766 -0.00175102 56.5023 
0.0044443 0.0694234 0.997577 30.6355 0.0340182 0.996999 -0.0695347 -1.72607 -0.999411 0.0342448 0.0020693 56.5166 
0.00805629 0.0689411 0.997588 31.4791 0.0332294 0.997051 -0.0691723 -1.78083 -0.999415 0.0337065 0.00574166 56.5298 
0.0116911 0.0657609 0.997767 32.3211 0.0372771 0.997113 -0.0661546 -1.83676 -0.999237 0.0379672 0.00920601 56.5364 
0.0152697 0.0663392 0.99768 33.1587 0.0417745 0.996883 -0.0669255 -1.89206 -0.99901 0.0426996 0.0124508 56.5437 
0.0188062 0.0671966 0.997563 33.9962 0.0445742 0.996691 -0.0679781 -1.94498 -0.998829 0.0457439 0.0157487 56.5567 
0.0214224 0.0671248 0.997515 34.839 0.0449918 0.996668 -0.068034 -1.99691 -0.998758 0.0463374 0.0183309 56.5776 
0.0249165 0.0656866 0.997529 35.6781 0.0463805 0.996689 -0.0667898 -2.04915 -0.998613 0.04793 0.0217874 56.599 
0.0287088 0.0646387 0.997496 36.5179 0.0483709 0.996648 -0.0659759 -2.10489 -0.998417 0.0501439 0.0254859 56.6193 
0.0315254 0.0650012 0.997387 37.3742 0.0466684 0.996699 -0.0664314 -2.15618 -0.998413 0.0486407 0.0283878 56.6514 
0.0346019 0.0667553 0.997169 38.2287 0.0438775 0.996703 -0.0682467 -2.2087 -0.998438 0.0461148 0.0315587 56.6877 
0.0373367 0.0668005 0.997068 39.0845 0.045564 0.996612 -0.0684761 -2.26237 -0.998263 0.047987 0.0341665 56.7209 
0.0400598 0.0665182 0.996981 39.9528 0.043327 0.996728 -0.0682422 -2.31718 -0.998257 0.0459299 0.0370467 56.7604 
0.0422845 0.0668391 0.996867 40.8151 0.0416286 0.996775 -0.0685987 -2.3718 -0.998238 0.0443989 0.0393657 56.8053 
0.0450322 0.0668695 0.996745 41.6492 0.0386023 0.996896 -0.0686236 -2.42659 -0.998239 0.0415669 0.0423111 56.852 
0.0483201 0.0688578 0.996456 42.4774 0.0371314 0.996808 -0.0706827 -2.47995 -0.998141 0.0404152 0.045609 56.897 
0.0516216 0.0723466 0.996043 43.3084 0.0360546 0.996587 -0.0742548 -2.53521 -0.998016 0.0397451 0.048837 56.9451 
0.0550294 0.074462 0.995704 44.1444 0.0361845 0.996412 -0.0765146 -2.59351 -0.997829 0.0402396 0.0521375 56.994 
0.0578398 0.076802 0.995367 44.9849 0.0300203 0.996452 -0.0786301 -2.64921 -0.997874 0.0344292 0.055329 57.0559 
0.0604549 0.0759981 0.995274 45.8341 0.0262802 0.996631 -0.077698 -2.70849 -0.997825 0.0308533 0.0582539 57.1199 
0.0641229 0.0765792 0.994999 46.6918 0.0283146 0.99651 -0.0785202 -2.77183 -0.99754 0.033208 0.0617308 57.177 
0.067986 0.0777071 0.994655 47.5582 0.0275542 0.996436 -0.0797296 -2.83671 -0.997306 0.0328275 0.0656026 57.2399 
0.0715927 0.078653 0.994328 48.4291 0.0236134 0.996473 -0.0805228 -2.89731 -0.997154 0.0292443 0.069483 57.3144 
0.0757577 0.0767512 0.994168 49.3011 0.0225605 0.996646 -0.0786616 -2.95798 -0.996871 0.0283881 0.0737721 57.3871 
0.0806214 0.0765848 0.993798 50.1679 0.0231317 0.996632 -0.0786797 -3.0257 -0.996476 0.0293315 0.0785783 57.458 
0.0855548 0.0801995 0.9931 51.0297 0.0196356 0.996426 -0.0821596 -3.0908 -0.99614 0.0265293 0.0836742 57.5426 
0.0915803 0.0887795 0.991832 51.8875 0.017893 0.99571 -0.0907788 -3.15824 -0.995637 0.0260604 0.0895989 57.6317 
0.0988747 0.0936369 0.990685 52.7519 0.0162494 0.995278 -0.0956929 -3.22757 -0.994967 0.0255597 0.0968862 57.724 
0.10602 0.0966522 0.989656 53.6189 0.011945 0.995069 -0.0984606 -3.30168 -0.994292 0.0222602 0.104343 57.8309 
0.11304 0.0949546 0.989043 54.4849 0.00806709 0.995302 -0.0964776 -3.3795 -0.993558 0.0188845 0.111743 57.9421 
0.120612 0.0933073 0.988305 55.3511 0.00788304 0.995451 -0.0949441 -3.45677 -0.992668 0.0192423 0.119328 58.0542 
0.127891 0.0899541 0.9877 56.2169 0.00732646 0.995766 -0.0916372 -3.53016 -0.991761 0.0189559 0.126691 58.1737 
0.13527 0.0845876 0.987192 57.0843 0.00524555 0.996274 -0.0860846 -3.60127 -0.990795 0.016823 0.134322 58.3016 
0.142358 0.0771931 0.986801 57.9506 0.0027381 0.99692 -0.0783797 -3.669 -0.989811 0.01386 0.141709 58.4385 
0.149917 0.0745137 0.985887 58.8068 0.00269092 0.997122 -0.075772 -3.73922 -0.988695 0.0140125 0.149285 58.5752 
0.157063 0.0763648 0.984632 59.6537 0.00248015 0.996972 -0.0777175 -3.80442 -0.987585 0.0146486 0.156398 58.7152 
0.162886 0.0830915 0.98314 60.489 0.00300811 0.996401 -0.0847107 -3.86772 -0.98664 0.0167555 0.162049 58.8603 
0.167974 0.0866444 0.981976 61.3166 0.0015728 0.996105 -0.0881601 -3.93365 -0.98579 0.0163531 0.167183 59.0083 
0.172902 0.0896599 0.98085 62.1365 0.000137768 0.995846 -0.091055 -4.00639 -0.984939 0.0158788 0.172172 59.1619 
0.178218 0.0891825 0.979941 62.9518 -0.00237679 0.99592 -0.0902045 -4.07904 -0.983988 0.0137469 0.177702 59.3188 
0.183531 0.086303 0.979218 63.7627 0.00158757 0.996111 -0.0880895 -4.14848 -0.983013 0.0177218 0.182681 59.4703 
0.188065 0.0796396 0.978922 64.5676 0.00222894 0.99667 -0.0815116 -4.21367 -0.982154 0.0175114 0.187261 59.6282 
0.191237 0.0734864 0.978789 65.3633 0.000310321 0.997189 -0.0749285 -4.2798 -0.981544 0.0146329 0.190677 59.7922 
0.194391 0.07017 0.978411 66.1437 -0.00345981 0.997481 -0.0708502 -4.34053 -0.980918 0.0103875 0.194144 59.9598 
0.197635 0.0702363 0.977756 66.9117 -0.00506816 0.99749 -0.0706294 -4.39816 -0.980263 0.00900338 0.197494 60.1214 
0.199772 0.0724165 0.977163 67.6681 -0.00699719 0.997345 -0.0724816 -4.45291 -0.979818 0.00764238 0.199748 60.284 
0.20113 0.076725 0.976555 68.4095 -0.0111292 0.997042 -0.0760424 -4.50999 -0.979501 0.00442609 0.201389 60.4495 
0.203103 0.0807956 0.975818 69.1403 -0.0124136 0.996722 -0.0799427 -4.569 -0.979079 0.00412313 0.20344 60.6102 
0.205178 0.0862331 0.974918 69.8605 -0.0130548 0.996263 -0.0853736 -4.62729 -0.978638 0.00478942 0.205537 60.7683 
0.206777 0.0882865 0.974397 70.574 -0.0123547 0.996077 -0.0876291 -4.68512 -0.97831 0.00608127 0.207056 60.9252 
0.20805 0.0882028 0.974133 71.279 -0.0149099 0.996096 -0.0870071 -4.74471 -0.978005 0.00357761 0.208553 61.0858 
0.208614 0.0852671 0.974274 71.9787 -0.0149249 0.996354 -0.0840037 -4.80571 -0.977884 0.0029834 0.209126 61.2424 
0.209268 0.0827164 0.974354 72.6674 -0.0149307 0.99657 -0.0813956 -4.8658 -0.977744 0.00248573 0.209785 61.3962 
0.20909 0.081509 0.974494 73.3456 -0.0140256 0.996668 -0.0803543 -4.92119 -0.977796 0.00313343 0.209537 61.5447 
0.207677 0.0807984 0.974855 74.0136 -0.0143601 0.996727 -0.079552 -4.97617 -0.978092 0.00252211 0.208158 61.6923 
0.206007 0.0817011 0.975134 74.667 -0.0155598 0.996656 -0.0802171 -5.03072 -0.978427 0.00135241 0.206589 61.8371 
0.203724 0.0844714 0.975378 75.3062 -0.0164034 0.996426 -0.0828681 -5.08592 -0.978891 0.000882636 0.204381 61.9777 
0.201471 0.0883119 0.975505 75.9332 -0.0146951 0.996088 -0.0871402 -5.14132 -0.979384 0.00322102 0.20198 62.1094 
0.199823 0.0888588 0.975794 76.5546 -0.0124133 0.996029 -0.0881594 -5.19288 -0.979753 0.00550343 0.200133 62.2345 
0.197539 0.0878724 0.976349 77.1695 -0.0132959 0.996123 -0.086962 -5.24172 -0.980205 0.00419698 0.197942 62.363 
0.195063 0.0849455 0.977105 77.7778 -0.0135809 0.996381 -0.08391 -5.2934 -0.980697 0.00309774 0.19551 62.488 
0.192928 0.0810346 0.977861 78.3763 -0.0133522 0.996708 -0.0799622 -5.34794 -0.981122 0.00237038 0.193375 62.6082 
0.191103 0.0800408 0.978301 78.9642 -0.00984213 0.996776 -0.0796298 -5.4007 -0.981521 0.00558894 0.191275 62.7203 
0.189399 0.081501 0.978512 79.5397 -0.00615668 0.996628 -0.0818183 -5.44696 -0.981881 0.0094719 0.189262 62.8269 
0.186921 0.0835745 0.978813 80.1092 -0.00203653 0.996405 -0.0846877 -5.4911 -0.982373 0.0138366 0.18642 62.9318 
0.185259 0.0854307 0.978969 80.6756 -0.00264699 0.996254 -0.0864381 -5.53665 -0.982686 0.0134221 0.184791 63.0398 
0.183925 0.0879835 0.978995 81.2394 -0.00308134 0.996033 -0.0889358 -5.58455 -0.982936 0.0133409 0.183466 63.1497 
0.182681 0.0863749 0.979371 81.8072 -0.00133651 0.996154 -0.0876058 -5.63399 -0.983171 0.014695 0.182094 63.2558 
0.183435 0.0848112 0.979366 82.3772 0.00471663 0.996184 -0.087151 -5.68008 -0.983021 0.0206058 0.182335 63.3556 
0.185751 0.0830361 0.979082 82.9482 0.00954126 0.996224 -0.0863 -5.72305 -0.982551 0.025372 0.184257 63.4552 
0.187665 0.0823786 0.978773 83.5175 0.0123938 0.996199 -0.0862217 -5.76916 -0.982155 0.0283115 0.18593 63.5637 
0.190979 0.0821149 0.978154 84.0862 0.0097227 0.996288 -0.0855355 -5.81761 -0.981546 0.0258458 0.189471 63.683 
0.196312 0.0827468 0.977044 84.655 0.00846295 0.996253 -0.0860741 -5.86498 -0.980505 0.025166 0.194876 63.8042 
0.202934 0.0816306 0.975784 85.2292 0.00971374 0.996302 -0.0853673 -5.90843 -0.979144 0.0268024 0.20139 63.9259 
0.210519 0.0819818 0.974146 85.8044 0.00771137 0.996307 -0.0855133 -5.95108 -0.977559 0.0255142 0.20911 64.0576 
0.218852 0.0798201 0.972488 86.3844 0.00819174 0.996463 -0.0836315 -5.99643 -0.975724 0.0262693 0.217424 64.1964 
0.227757 0.0795476 0.970463 86.9683 0.00456055 0.996559 -0.082757 -6.04579 -0.973707 0.0232743 0.226611 64.3447 
0.237403 0.0792191 0.968176 87.557 0.00351969 0.996593 -0.0824073 -6.09169 -0.971405 0.0229715 0.236316 64.499 
0.246922 0.0831697 0.96546 88.147 -0.001968 0.996351 -0.0853275 -6.13684 -0.969033 0.0191692 0.246184 64.6651 
0.256321 0.085402 0.962811 88.7457 -0.00538369 0.9962 -0.0869303 -6.18182 -0.966577 0.0170986 0.255807 64.8385 
0.267027 0.0881486 0.959649 89.3509 -0.00961018 0.996002 -0.0888138 -6.23072 -0.963641 0.0144933 0.266806 65.0206 
0.277287 0.0899028 0.956572 89.9646 -0.010972 0.995844 -0.0904133 -6.28221 -0.960725 0.0145749 0.277121 65.2086 
0.287112 0.0906851 0.953595 90.5861 -0.0141697 0.995802 -0.0904326 -6.33419 -0.957792 0.0124522 0.287192 65.4083 
0.297419 0.0910875 0.950392 91.2161 -0.0149994 0.995761 -0.0907418 -6.38569 -0.954629 0.012733 0.297525 65.6168 
0.307579 0.0921419 0.947051 91.8547 -0.0192866 0.9957 -0.0906114 -6.43505 -0.951327 0.00960473 0.308033 65.8384 
0.318146 0.0872332 0.94402 92.5075 -0.018868 0.996143 -0.085691 -6.48747 -0.947854 0.00945048 0.318565 66.0667 
0.328976 0.0802381 0.940923 93.1727 -0.0153435 0.996706 -0.0796305 -6.53957 -0.944214 0.0117595 0.329124 66.3018 
0.339873 0.0758367 0.937409 93.8447 -0.0137649 0.997038 -0.07567 -6.59241 -0.940371 0.0128148 0.33991 66.55 
0.350112 0.0725963 0.933891 94.5233 -0.0144418 0.997292 -0.0721107 -6.63981 -0.936597 0.0117597 0.350212 66.8139 
0.35965 0.0702919 0.930436 95.2118 -0.0083984 0.997362 -0.0721017 -6.68406 -0.933049 0.0181172 0.359292 67.0795 
0.368355 0.0648291 0.927422 95.9145 -0.0017477 0.997612 -0.0690415 -6.72556 -0.929684 0.0238109 0.367589 67.3527 
0.375448 0.0553306 0.92519 96.6313 0.00787358 0.99799 -0.0628795 -6.7692 -0.92681 0.0308926 0.374258 67.6332 
0.382634 0.0509067 0.922496 97.347 0.0132507 0.998076 -0.0605736 -6.81441 -0.923805 0.0354013 0.381223 67.9245 
0.389887 0.0509455 0.919453 98.0596 0.0151747 0.997977 -0.0617311 -6.8631 -0.920738 0.0380206 0.388325 68.2263 
0.397423 0.0571715 0.915853 98.7687 0.017454 0.997406 -0.0698363 -6.90708 -0.91747 0.0437398 0.395394 68.5331 
0.404668 0.0614759 0.912395 99.4775 0.0212196 0.996838 -0.0765769 -6.95185 -0.914217 0.0503489 0.402084 68.8425 
0.410055 0.0635471 0.909844 100.185 0.0194369 0.996734 -0.0783758 -7.00504 -0.911854 0.049823 0.407481 69.1656 
0.414434 0.0651877 0.907742 100.885 0.0122734 0.99694 -0.0771968 -7.06258 -0.909997 0.043134 0.412366 69.5004 
0.418329 0.0688453 0.905683 101.572 0.00559377 0.996909 -0.0783636 -7.12268 -0.908278 0.037848 0.416651 69.8349 
0.422374 0.0719701 0.90356 102.254 0.00472978 0.996654 -0.0815962 -7.18165 -0.906409 0.0387378 0.420621 70.1605 
0.42641 0.0761317 0.90132 102.926 0.00145454 0.996393 -0.0848503 -7.24064 -0.904529 0.037492 0.424761 70.4874 
0.429856 0.0791595 0.899421 103.588 -0.00166277 0.996217 -0.086884 -7.30117 -0.902896 0.035852 0.428361 70.8146 
0.4338 0.0775833 0.897663 104.246 -0.0028249 0.996398 -0.0847517 -7.3625 -0.901005 0.0342294 0.432456 71.1397 
0.437886 0.0745272 0.895936 104.899 -0.00188546 0.996632 -0.0819819 -7.42199 -0.899029 0.0342095 0.436552 71.4614 
0.441333 0.0718286 0.894464 105.541 -0.00225785 0.996877 -0.0789387 -7.48065 -0.89734 0.0328187 0.440117 71.7832 
0.444884 0.0708726 0.89278 106.171 -0.00333426 0.996988 -0.0774836 -7.53879 -0.895582 0.0314944 0.44378 72.1057 
0.44828 0.0725567 0.890944 106.788 -0.0053544 0.9969 -0.0784915 -7.5932 -0.893877 0.0304157 0.447279 72.4246 
0.451084 0.0731444 0.889479 107.397 -0.00445371 0.996808 -0.0797118 -7.64538 -0.89247 0.0319953 0.44997 72.7368 
0.453259 0.0713009 0.888522 108.001 -0.00242935 0.996891 -0.0787579 -7.69685 -0.891375 0.0335392 0.452023 73.0459 
0.454994 0.0701689 0.887726 108.595 -0.000529459 0.996912 -0.078528 -7.74938 -0.890494 0.0352598 0.453626 73.3514 
0.45682 0.070101 0.886793 109.178 -0.00189188 0.996964 -0.0778355 -7.80231 -0.889557 0.0338791 0.455566 73.6585 
0.458768 0.0694677 0.885836 109.753 -0.00046852 0.996958 -0.0779392 -7.85311 -0.888556 0.035341 0.457405 73.9593 
0.461375 0.0712436 0.88434 110.317 -0.00102054 0.996813 -0.0797721 -7.90093 -0.887205 0.0359024 0.459977 74.2574 
0.464235 0.071188 0.882847 110.873 0.00193749 0.996681 -0.0813858 -7.95158 -0.88571 0.0394926 0.462556 74.5489 
0.467299 0.0705096 0.881283 111.421 0.00359186 0.996655 -0.0816449 -8.00258 -0.884092 0.041318 0.465483 74.8392 
0.470497 0.0687504 0.879719 111.96 0.00658974 0.996659 -0.0814137 -8.05109 -0.882377 0.044102 0.468472 75.1265 
0.47381 0.0678359 0.878011 112.49 0.00792775 0.99666 -0.081281 -8.09961 -0.880591 0.0454724 0.471689 75.4141 
0.477062 0.0674121 0.87628 113.01 0.00890528 0.996632 -0.0815189 -8.14703 -0.878824 0.0466931 0.474855 75.7005 
0.480496 0.0666015 0.874465 113.523 0.00947714 0.99666 -0.0811156 -8.19523 -0.876946 0.0472631 0.478259 75.9843 
0.483959 0.0660975 0.872591 114.032 0.0110654 0.996601 -0.0816282 -8.24048 -0.875021 0.0491602 0.481583 76.2676 
0.487941 0.0673611 0.870274 114.533 0.0106011 0.996487 -0.0830742 -8.28639 -0.872812 0.0497612 0.485513 76.5523 
0.492227 0.0675358 0.867843 115.031 0.012595 0.996329 -0.0846782 -8.33299 -0.870376 0.0526114 0.489569 76.8361 
0.496939 0.0708912 0.864885 115.523 0.0103642 0.996102 -0.0876015 -8.38157 -0.867724 0.0524964 0.494267 77.1258 
0.50232 0.0767151 0.861272 116.006 0.00687608 0.995671 -0.0926967 -8.43074 -0.864654 0.0524856 0.499618 77.4194 
0.508148 0.0837534 0.857188 116.485 0.00161959 0.995166 -0.098195 -8.48004 -0.861268 0.0512859 0.505556 77.7176 
0.514234 0.0899759 0.852917 116.963 -0.00347255 0.994692 -0.102838 -8.53004 -0.857643 0.0499212 0.511817 78.0206 
0.520584 0.0944504 0.84857 117.444 -0.00706076 0.994305 -0.10634 -8.58118 -0.853781 0.0493673 0.518286 78.3295 
0.526085 0.0947891 0.845133 117.931 -0.0111997 0.994455 -0.104565 -8.63259 -0.850358 0.0455449 0.524229 78.6472 
0.53149 0.0939326 0.84184 118.422 -0.0176937 0.994847 -0.0998343 -8.68615 -0.846879 0.0381657 0.530414 78.977 
0.537201 0.0915608 0.83847 118.919 -0.0239519 0.995346 -0.0933457 -8.7392 -0.843114 0.0300624 0.536893 79.3152 
0.543001 0.0897832 0.834919 119.42 -0.0302435 0.995714 -0.0874051 -8.7929 -0.839187 0.0222102 0.543389 79.6623 
0.549103 0.0878226 0.831128 119.928 -0.0328149 0.995962 -0.0835603 -8.84283 -0.83511 0.0186098 0.549768 80.0131 
0.555374 0.0914236 0.82656 120.436 -0.0378657 0.995688 -0.084688 -8.8893 -0.830738 0.0157353 0.556441 80.3727 
0.561439 0.0953359 0.822008 120.95 -0.0416719 0.995338 -0.0869763 -8.93651 -0.826468 0.0145773 0.562794 80.7427 
0.567531 0.0987063 0.817414 121.473 -0.0445396 0.995015 -0.0892285 -8.98482 -0.822147 0.0142327 0.569098 81.1224 
0.573814 0.10089 0.812748 122.006 -0.0468073 0.994801 -0.0904426 -9.03318 -0.817647 0.0138547 0.575553 81.5141 
0.580101 0.101919 0.808143 122.548 -0.0498776 0.994724 -0.0896465 -9.08246 -0.813016 0.0116958 0.582124 81.9204 
0.586242 0.104154 0.803413 123.095 -0.0560588 0.994539 -0.0880265 -9.13454 -0.808194 0.00656642 0.588879 82.3434 
0.593269 0.102104 0.798503 123.654 -0.0564375 0.994758 -0.0852668 -9.18815 -0.803023 0.00552062 0.595922 82.7741 
0.600814 0.100128 0.793093 124.222 -0.0566691 0.994963 -0.0826836 -9.24025 -0.797377 0.00473362 0.603462 83.2146 
0.608297 0.100235 0.787355 124.792 -0.0572946 0.994951 -0.0823985 -9.29259 -0.791639 0.0050115 0.610968 83.6686 
0.615769 0.102663 0.78121 125.363 -0.0620532 0.994714 -0.0818089 -9.34482 -0.785479 0.00189882 0.618885 84.1405 
0.623532 0.103353 0.774936 125.942 -0.0628425 0.994642 -0.0820901 -9.39427 -0.779268 0.00248688 0.626686 84.6232 
0.630353 0.104179 0.769287 126.528 -0.0648699 0.994557 -0.0815309 -9.44446 -0.773594 0.00148971 0.63368 85.1194 
0.635435 0.10313 0.765236 127.122 -0.0648512 0.994667 -0.0801988 -9.49889 -0.769426 0.00133468 0.638734 85.6268 
0.639221 0.101725 0.762265 127.725 -0.0636573 0.99481 -0.0793771 -9.55464 -0.766383 0.00221578 0.64238 86.1434 
0.642982 0.0991209 0.75944 128.338 -0.0601094 0.995062 -0.0789821 -9.6094 -0.763519 0.0051346 0.645765 86.667 
0.646589 0.0953736 0.756853 128.96 -0.0548197 0.995398 -0.0786003 -9.6649 -0.760866 0.00933173 0.648842 87.1986 
0.650428 0.0890587 0.754329 129.593 -0.0470652 0.99592 -0.0769993 -9.72153 -0.758108 0.0145799 0.651966 87.7376 
0.654316 0.0832855 0.751621 130.23 -0.0412792 0.996369 -0.0744702 -9.77667 -0.755094 0.0177007 0.655378 88.2878 
0.657572 0.0779285 0.749351 130.871 -0.0359021 0.996747 -0.0721516 -9.83247 -0.752536 0.0205416 0.65823 88.8475 
0.660939 0.0764073 0.74654 131.511 -0.0356519 0.996877 -0.070465 -9.88785 -0.749593 0.0199575 0.661598 89.4207 
0.663886 0.0779665 0.743758 132.149 -0.0364276 0.996741 -0.0719705 -9.94262 -0.746946 0.0206869 0.664563 90.0005 
0.66705 0.0827258 0.740406 132.784 -0.0420503 0.996412 -0.0734454 -9.99556 -0.743826 0.0178575 0.668135 90.5919 
0.669792 0.0864284 0.737502 133.422 -0.0484653 0.996174 -0.0727266 -10.0481 -0.740966 0.0129685 0.671417 91.1943 
0.6727 0.083268 0.735215 134.069 -0.0486473 0.996475 -0.0683465 -10.1022 -0.738315 0.0102104 0.674379 91.8002 
0.676105 0.0806805 0.732375 134.72 -0.0519788 0.996733 -0.0618178 -10.1529 -0.73497 0.00372729 0.678089 92.4184 
0.679617 0.0750576 0.729717 135.374 -0.0512579 0.997179 -0.0548296 -10.2008 -0.731774 -0.000140602 0.681547 93.0408 
0.684196 0.0710835 0.725826 136.03 -0.0492597 0.99747 -0.0512525 -10.2459 -0.727633 -0.000687299 0.685966 93.6654 
0.688879 0.0680192 0.721678 136.685 -0.0434784 0.997672 -0.0525297 -10.2889 -0.723571 0.00480918 0.690233 94.2896 
0.694203 0.0648599 0.716851 137.34 -0.0329528 0.997751 -0.0583638 -10.3329 -0.719025 0.0168941 0.694779 94.9116 
0.69954 0.0664664 0.711496 137.988 -0.0272799 0.997423 -0.0663556 -10.3812 -0.714073 0.0270088 0.69955 95.5426 
0.705146 0.0668426 0.705904 138.635 -0.0243005 0.99724 -0.0701549 -10.4312 -0.708645 0.0323157 0.704825 96.1887 
0.71102 0.0624603 0.700392 139.283 -0.0219667 0.997534 -0.0666591 -10.485 -0.702829 0.0320106 0.710639 96.8485 
0.716937 0.0570032 0.694804 139.932 -0.0175492 0.997811 -0.0637544 -10.5433 -0.696917 0.0335146 0.716368 97.5142 
0.722312 0.053858 0.689467 140.574 -0.0131373 0.997852 -0.0641844 -10.5981 -0.691443 0.0373034 0.721467 98.1843 
0.726935 0.0558786 0.684429 141.209 -0.0108764 0.997496 -0.0698863 -10.6517 -0.68662 0.0433587 0.725722 98.8594 
0.730592 0.0572568 0.68041 141.841 -0.0116228 0.997376 -0.0714497 -10.7065 -0.682716 0.0442923 0.72934 99.5462 
0.73377 0.0544438 0.677213 142.478 -0.00928894 0.997495 -0.0701279 -10.7672 -0.679334 0.0451672 0.732438 100.238 
0.7363 0.0488328 0.674891 143.119 -0.00589215 0.997817 -0.0657703 -10.8273 -0.67663 0.0444501 0.73498 100.934 
0.737699 0.0446094 0.673654 143.76 -0.00278221 0.998007 -0.0630413 -10.8844 -0.675124 0.0446313 0.736353 101.632 
0.738333 0.040031 0.673247 144.402 0.000637995 0.998195 -0.0600519 -10.9389 -0.674436 0.0447678 0.736975 102.336 
0.738609 0.0391802 0.672994 145.041 0.000639998 0.998268 -0.0588193 -10.9923 -0.674133 0.0438752 0.737305 103.041 
0.738484 0.0396804 0.673103 145.677 -0.000774147 0.998316 -0.0580028 -11.0443 -0.674271 0.0423131 0.737271 103.748 
0.737975 0.0418928 0.673526 146.314 -0.00229688 0.998221 -0.059572 -11.0955 -0.674824 0.0424157 0.736759 104.454 
0.736736 0.0458467 0.674624 146.951 -0.00641135 0.998128 -0.0608301 -11.1484 -0.67615 0.0404905 0.735651 105.164 
0.734803 0.0496134 0.676464 147.59 -0.00976824 0.997992 -0.0625844 -11.2021 -0.67821 0.0393793 0.733812 105.873 
0.73277 0.0524182 0.678454 148.231 -0.0139464 0.997976 -0.062042 -11.2564 -0.680333 0.0360006 0.732018 106.581 
0.730406 0.0538833 0.680884 148.874 -0.0162193 0.997971 -0.0615777 -11.3115 -0.68282 0.0339332 0.729798 107.285 
0.72814 0.0531866 0.683362 149.521 -0.0169359 0.998077 -0.0596354 -11.3658 -0.68522 0.0318495 0.72764 107.983 
0.725666 0.0518738 0.686089 150.169 -0.017983 0.998243 -0.0564547 -11.418 -0.687812 0.0286293 0.725324 108.678 
0.723044 0.0478523 0.689142 150.82 -0.0139403 0.998405 -0.0547007 -11.4709 -0.690661 0.0299441 0.722558 109.361 
0.720297 0.0520431 0.691711 151.464 -0.0145446 0.998095 -0.0599493 -11.5264 -0.693513 0.0331206 0.719682 110.036 
0.716728 0.0623124 0.694563 152.098 -0.020149 0.997434 -0.0686923 -11.5805 -0.697062 0.0352389 0.716145 110.708 
0.713318 0.0689536 0.697441 152.739 -0.0226325 0.996896 -0.075412 -11.6363 -0.700475 0.0380079 0.712664 111.377 
0.709794 0.0674064 0.701177 153.391 -0.024116 0.997153 -0.0714471 -11.6965 -0.703997 0.0338031 0.709398 112.045 
0.705982 0.0657531 0.705171 154.044 -0.0271632 0.997462 -0.0658131 -11.7606 -0.707709 0.0273082 0.705976 112.713 
0.702469 0.063928 0.708837 154.695 -0.0290584 0.997704 -0.0611827 -11.8169 -0.71112 0.0223813 0.702714 113.373 
0.699186 0.0640368 0.712066 155.349 -0.028673 0.997691 -0.0615691 -11.8708 -0.714364 0.0226312 0.699408 114.021 
0.696198 0.0624677 0.715126 156.008 -0.0268746 0.997776 -0.0609945 -11.9241 -0.717346 0.0232455 0.696329 114.664 
0.693297 0.0617429 0.718002 156.667 -0.0230755 0.997714 -0.0635145 -11.9792 -0.720283 0.0274661 0.693137 115.299 
0.689916 0.0609949 0.721315 157.33 -0.0195842 0.997652 -0.0656303 -12.0348 -0.723624 0.031153 0.689491 115.93 
0.686152 0.0617139 0.724836 157.993 -0.0167869 0.997473 -0.0690358 -12.091 -0.727265 0.0352013 0.685454 116.557 
0.682216 0.0620646 0.728512 158.66 -0.0171474 0.997475 -0.0689208 -12.1481 -0.73095 0.0345267 0.681557 117.186 
0.67813 0.063703 0.732176 159.328 -0.0192698 0.997435 -0.0689345 -12.2073 -0.73469 0.0326377 0.677618 117.813 
0.673222 0.0633227 0.736724 160.003 -0.0184488 0.997455 -0.0688744 -12.2659 -0.73921 0.0327761 0.672677 118.435 
0.667581 0.0660688 0.7416 160.679 -0.0211199 0.997335 -0.0698402 -12.3245 -0.744237 0.0309615 0.667197 119.053 
0.661297 0.0734138 0.746523 161.356 -0.0252564 0.996814 -0.0756546 -12.3872 -0.749699 0.0311757 0.661044 119.668 
0.655131 0.0790816 0.751365 162.041 -0.0280898 0.996369 -0.0803763 -12.449 -0.754993 0.0315513 0.654974 120.277 
0.6488 0.081568 0.756574 162.739 -0.0279772 0.996123 -0.0834025 -12.5127 -0.760444 0.0329448 0.648567 120.883 
0.642224 0.0760922 0.762731 163.454 -0.0286549 0.996748 -0.0753108 -12.5766 -0.765981 0.0265104 0.642316 121.492 
0.63518 0.072266 0.768976 164.175 -0.0345765 0.997276 -0.0651604 -12.6389 -0.77159 0.0148001 0.635948 122.105 
0.628072 0.0674884 0.775223 164.905 -0.0338635 0.997659 -0.0594173 -12.6973 -0.777418 0.0110666 0.628887 122.706 
0.620899 0.0686118 0.780882 165.64 -0.0385297 0.997629 -0.0570203 -12.7452 -0.782943 0.00531666 0.62207 123.302 
0.612927 0.0701012 0.787024 166.382 -0.0371762 0.997512 -0.0598972 -12.794 -0.789265 0.00745403 0.614008 123.888 
0.606589 0.0699792 0.79193 167.135 -0.0314391 0.997451 -0.0640589 -12.8503 -0.794394 0.0139599 0.607242 124.459 
0.599703 0.0784282 0.79637 167.885 -0.0302883 0.996697 -0.0753484 -12.9075 -0.799649 0.0210659 0.600097 125.027 
0.592409 0.0795048 0.801705 168.646 -0.0263996 0.9965 -0.0793149 -12.9683 -0.805205 0.0258222 0.592434 125.589 
0.585495 0.075224 0.807178 169.42 -0.0235316 0.996843 -0.0758306 -13.0375 -0.810335 0.0254042 0.585417 126.151 
0.578468 0.0693913 0.812748 170.199 -0.0194335 0.997265 -0.0713134 -13.1067 -0.815473 0.025458 0.578234 126.7 
0.571513 0.0686865 0.817713 170.97 -0.0189719 0.99733 -0.0705143 -13.1715 -0.820374 0.0247863 0.57129 127.243 
0.564464 0.0704379 0.822447 171.736 -0.0205554 0.997243 -0.0713006 -13.2335 -0.825202 0.0233409 0.564356 127.777 
0.558546 0.0679787 0.826684 172.503 -0.0155838 0.99732 -0.0714811 -13.2959 -0.829327 0.0270426 0.558108 128.294 
0.5535 0.0619919 0.830539 173.273 -0.0105263 0.997667 -0.0674513 -13.3592 -0.832783 0.0285918 0.552861 128.803 
0.548601 0.0594199 0.83397 174.034 -0.01019 0.997872 -0.0643947 -13.4218 -0.836023 0.0268288 0.548039 129.307 
0.544215 0.0583759 0.836912 174.789 -0.0117603 0.998009 -0.0619652 -13.4798 -0.838863 0.02388 0.543818 129.805 
0.539443 0.0607407 0.839828 175.536 -0.0122614 0.997856 -0.0642943 -13.5354 -0.841933 0.0243856 0.539031 130.289 
0.535836 0.063366 0.841941 176.276 -0.0111127 0.997623 -0.0680104 -13.5938 -0.844249 0.0270862 0.535266 130.763 
0.532679 0.0692725 0.843478 177.006 -0.011815 0.997156 -0.0744321 -13.6514 -0.846235 0.0296827 0.531982 131.229 
0.529266 0.0719986 0.845396 177.734 -0.0140745 0.997001 -0.0760987 -13.7104 -0.848339 0.028378 0.528692 131.694 
0.526611 0.0671835 0.847448 178.465 -0.0135555 0.997409 -0.0706486 -13.7708 -0.849998 0.0257168 0.526157 132.153 
0.524482 0.0589741 0.849377 179.196 -0.0101766 0.997961 -0.0630067 -13.8305 -0.851361 0.0244021 0.524013 132.603 
0.521973 0.053634 0.851274 179.918 -0.00553845 0.998213 -0.0594958 -13.886 -0.852944 0.0263405 0.521338 133.04 
0.519589 0.0520681 0.852829 180.63 -0.000258608 0.998151 -0.060783 -13.9369 -0.854417 0.0313616 0.518641 133.469 
0.517364 0.0544654 0.85403 181.332 0.00125599 0.997923 -0.0644029 -13.9867 -0.855765 0.0343924 0.516221 133.894 
0.515334 0.0618486 0.854755 182.018 -0.00149657 0.997456 -0.0712719 -14.0434 -0.856988 0.0354496 0.514115 134.314 
0.513331 0.0699856 0.855333 182.697 -0.0029635 0.996808 -0.0797829 -14.1029 -0.858186 0.0384202 0.511899 134.727 
0.511198 0.0713293 0.856498 183.379 0.0008884 0.996506 -0.0835194 -14.1579 -0.859463 0.0434559 0.509348 135.13 
0.508659 0.0651821 0.858497 184.063 0.000614024 0.997102 -0.0760697 -14.2113 -0.860968 0.0392207 0.507145 135.537 
0.505172 0.0575732 0.861096 184.741 -0.00678699 0.998006 -0.0627454 -14.2692 -0.862992 0.025853 0.504555 135.951 
0.502037 0.0540891 0.863153 185.406 -0.0145491 0.998429 -0.0541039 -14.3244 -0.864724 0.0146041 0.502035 136.36 
0.500003 0.0562634 0.864194 186.06 -0.015863 0.998315 -0.0558174 -14.371 -0.865879 0.0142001 0.500053 136.747 
0.497625 0.0588636 0.865393 186.709 -0.0132591 0.998094 -0.0602656 -14.4117 -0.867291 0.0185153 0.497457 137.119 
0.495198 0.0607799 0.866651 187.352 -0.0117309 0.997927 -0.0632836 -14.4538 -0.868701 0.0211713 0.494884 137.487 
0.492677 0.0597124 0.868161 187.992 -0.0120988 0.998017 -0.0617779 -14.498 -0.870128 0.0199329 0.492423 137.855 
0.49018 0.0589264 0.869627 188.625 -0.0126727 0.998088 -0.0604878 -14.5445 -0.871529 0.0186293 0.489989 138.218 
0.487852 0.0582496 0.870981 189.25 -0.0125127 0.998135 -0.0597449 -14.5888 -0.872837 0.0182483 0.487671 138.572 
0.484954 0.058584 0.872575 189.868 -0.0109058 0.998081 -0.0609493 -14.6323 -0.874471 0.0200415 0.484663 138.917 
0.48131 0.0601578 0.874484 190.479 -0.00991396 0.997952 -0.0631949 -14.6754 -0.876494 0.0217467 0.480921 139.253 
0.477097 0.062039 0.876658 191.083 -0.00992756 0.997822 -0.0652107 -14.7195 -0.878795 0.0224087 0.476673 139.583 
0.472441 0.0640113 0.879035 191.681 -0.00994949 0.997683 -0.0673039 -14.7637 -0.881306 0.0230512 0.471983 139.907 
0.467428 0.0663865 0.881535 192.273 -0.0100801 0.997512 -0.0697756 -14.808 -0.883973 0.0237292 0.466934 140.222 
0.461876 0.0693901 0.884226 192.865 -0.00882267 0.997245 -0.0736508 -14.8546 -0.8869 0.0262163 0.461216 140.53 
0.45564 0.0720213 0.887246 193.462 -0.0069548 0.996979 -0.0773572 -14.9018 -0.890137 0.0290764 0.454764 140.834 
0.449142 0.0745401 0.890346 194.063 -0.00850067 0.996825 -0.0791664 -14.9495 -0.89342 0.0279884 0.44835 141.139 
0.442446 0.0764519 0.893531 194.669 -0.0129442 0.9968 -0.0788783 -14.997 -0.896702 0.0233333 0.44202 141.448 
0.435842 0.0778355 0.896651 195.281 -0.0165112 0.996777 -0.0785014 -15.0469 -0.899872 0.0194094 0.435722 141.755 
0.429561 0.0787457 0.899598 195.902 -0.0167762 0.996715 -0.079236 -15.0986 -0.902882 0.0189449 0.429471 142.052 
0.422562 0.0818636 0.902629 196.527 -0.0178016 0.99647 -0.0820407 -15.1492 -0.906159 0.0185991 0.422528 142.347 
0.414856 0.0868596 0.905732 197.156 -0.0207857 0.996078 -0.0860032 -15.2003 -0.90965 0.0168527 0.415034 142.643 
0.407221 0.0904629 0.908839 197.796 -0.0227538 0.995779 -0.0889214 -15.2535 -0.913046 0.0155311 0.40756 142.938 
0.400034 0.0931133 0.911758 198.446 -0.0241067 0.995551 -0.0910937 -15.3108 -0.916183 0.0144611 0.400499 143.227 
0.392508 0.0956193 0.914764 199.107 -0.024502 0.995315 -0.0935258 -15.371 -0.919422 0.0142961 0.393013 143.514 
0.38503 0.0979036 0.917697 199.779 -0.025894 0.995112 -0.0952985 -15.4332 -0.922541 0.01293 0.385683 143.802 
0.378018 0.0984083 0.920553 200.465 -0.0222314 0.995013 -0.097239 -15.4948 -0.925531 0.0162929 0.378321 144.081 
0.370855 0.0975605 0.923552 201.165 -0.0203262 0.995081 -0.0969545 -15.5578 -0.928468 0.0171837 0.371014 144.36 
0.363321 0.0949796 0.92681 201.878 -0.019053 0.995339 -0.0945335 -15.623 -0.931469 0.0166875 0.363437 144.64 
0.35587 0.0926836 0.929928 202.604 -0.0204116 0.995603 -0.0914181 -15.688 -0.934313 0.0135516 0.356197 144.924 
0.349311 0.0884225 0.932825 203.344 -0.0194656 0.996007 -0.0871223 -15.7518 -0.936805 0.0122747 0.349637 145.204 
0.343488 0.0848369 0.935317 204.098 -0.0155147 0.996288 -0.0846696 -15.8121 -0.939029 0.0145719 0.343529 145.477 
0.338026 0.0788778 0.937825 204.868 -0.0159703 0.996819 -0.0780833 -15.8688 -0.941001 0.0114169 0.338211 145.757 
0.332407 0.0737116 0.940251 205.651 -0.0146112 0.997224 -0.0730125 -15.9244 -0.943023 0.0105317 0.332561 146.036 
0.327663 0.0730246 0.941968 206.44 -0.0101996 0.997224 -0.0737603 -15.9829 -0.94474 0.0145608 0.327498 146.309 
0.3229 0.0807574 0.942981 207.232 -0.00615058 0.996511 -0.0832356 -16.044 -0.946413 0.0210769 0.32227 146.578 
0.31825 0.0921087 0.943522 208.034 -0.00245041 0.995345 -0.0963413 -16.1022 -0.948004 0.0283486 0.316994 146.845 
0.314374 0.0987715 0.944147 208.854 0.00381291 0.994433 -0.105302 -16.1723 -0.949291 0.0367041 0.312248 147.11 
0.310334 0.0940582 0.945963 209.698 0.0101877 0.994707 -0.102247 -16.2495 -0.950573 0.0413679 0.307733 147.376 
0.305764 0.0862548 0.948192 210.558 0.0169298 0.995238 -0.0959938 -16.3287 -0.951957 0.0454041 0.302847 147.643 
0.300967 0.080429 0.950237 211.428 0.0198882 0.995691 -0.0905755 -16.4116 -0.953427 0.0461588 0.298071 147.913 
0.296314 0.0865585 0.95116 212.302 0.0166605 0.995265 -0.0957624 -16.4944 -0.954945 0.0442225 0.293469 148.189 
0.291575 0.0963218 0.951686 213.176 0.0117355 0.994482 -0.104249 -16.5695 -0.956476 0.0415648 0.288836 148.465 
0.286691 0.0996181 0.95283 214.065 0.00827537 0.994284 -0.106442 -16.6517 -0.957987 0.038401 0.284228 148.738 
0.281227 0.0949743 0.95493 214.979 0.00553936 0.994913 -0.100582 -16.7424 -0.959625 0.0335762 0.279271 149.014 
0.275598 0.091887 0.956871 215.901 0.002794 0.99534 -0.0963859 -16.8341 -0.961269 0.0292372 0.274057 149.286 
0.270072 0.0933207 0.958307 216.834 0.00147416 0.995251 -0.0973338 -16.9194 -0.962839 0.0276998 0.268651 149.555 
0.265081 0.0972959 0.959305 217.771 0.000384734 0.994885 -0.101011 -17.0045 -0.964226 0.0271451 0.263687 149.818 
0.260482 0.0973004 0.960563 218.719 0.00386403 0.994796 -0.101816 -17.0931 -0.965471 0.0302329 0.258751 150.074 
0.256407 0.0964603 0.961744 219.673 0.00807805 0.994759 -0.101925 -17.1862 -0.966535 0.0339034 0.254284 150.322 
0.252641 0.0953712 0.962848 220.636 0.00955336 0.994836 -0.101046 -17.2809 -0.967513 0.0347269 0.250425 150.574 
0.249148 0.094447 0.963849 221.6 0.0115056 0.994874 -0.100461 -17.3733 -0.968397 0.0361194 0.246785 150.822 
0.246171 0.0936392 0.964692 222.57 0.0124462 0.994935 -0.0997507 -17.4661 -0.969147 0.0365625 0.243758 151.07 
0.24356 0.0923922 0.965475 223.542 0.0106301 0.995138 -0.0979125 -17.5573 -0.969828 0.0341107 0.241393 151.32 
0.240857 0.0902711 0.966354 224.52 0.0105443 0.995363 -0.095609 -17.6484 -0.970503 0.0332175 0.238788 151.566 
0.238297 0.0903637 0.966979 225.502 0.00714984 0.995472 -0.0947882 -17.7401 -0.971166 0.0295015 0.236572 151.815 
0.236361 0.0931075 0.967194 226.483 0.00514119 0.995265 -0.0970661 -17.8311 -0.971652 0.0279151 0.234763 152.061 
0.234688 0.0943849 0.967478 227.467 0.00456282 0.995157 -0.0981921 -17.9223 -0.97206 0.0274589 0.233121 152.303 
0.232788 0.0941453 0.96796 228.449 0.00529856 0.995166 -0.0980656 -18.0146 -0.972513 0.0279573 0.231164 152.542 
0.231325 0.0933041 0.968392 229.437 0.00522927 0.995257 -0.0971416 -18.1091 -0.972862 0.0275353 0.22974 152.781 
0.230241 0.0880547 0.969142 230.438 0.00670442 0.995731 -0.0920634 -18.1958 -0.97311 0.0276943 0.228668 153.02 
0.228778 0.0868045 0.969601 231.44 0.00919507 0.995779 -0.0913177 -18.2897 -0.973435 0.029807 0.227014 153.254 
0.227014 0.0881171 0.969897 232.432 0.00650526 0.995739 -0.0919875 -18.3779 -0.97387 0.0271919 0.225473 153.492 
0.225508 0.0951502 0.969584 233.415 0.00699524 0.995035 -0.0992749 -18.4675 -0.974216 0.0291698 0.223723 153.724 
0.223422 0.0971343 0.96987 234.397 0.00753185 0.99482 -0.101368 -18.5626 -0.974693 0.0299528 0.221533 153.952 
0.220605 0.0985333 0.970373 235.374 0.0061313 0.994724 -0.1024 -18.6602 -0.975344 0.0285396 0.218837 154.181 
0.217793 0.0945064 0.971409 236.352 0.00471239 0.995187 -0.0978763 -18.7566 -0.975984 0.0258944 0.2163 154.407 
0.214737 0.0887112 0.972635 237.327 0.00506178 0.995752 -0.0919372 -18.8493 -0.976659 0.0246656 0.213376 154.625 
0.21118 0.084809 0.973761 238.304 0.005964 0.996098 -0.0880479 -18.9385 -0.977429 0.0244015 0.20985 154.838 
0.207119 0.0853964 0.974582 239.271 0.0043045 0.996094 -0.0881962 -19.0225 -0.978306 0.0224622 0.205942 155.05 
0.20296 0.0866807 0.975343 240.24 0.00447465 0.995982 -0.0894461 -19.1039 -0.979177 0.0225183 0.201757 155.254 
0.199071 0.0872759 0.976091 241.207 0.00506528 0.995921 -0.0900821 -19.1862 -0.979972 0.0228769 0.197817 155.453 
0.194858 0.0866668 0.976995 242.172 0.00486964 0.995991 -0.0893231 -19.2692 -0.980819 0.0221629 0.193654 155.648 
0.190791 0.0857789 0.977876 243.139 0.00563901 0.996062 -0.0884744 -19.3533 -0.981614 0.0223944 0.189556 155.838 
0.186884 0.085245 0.978676 244.108 0.00495006 0.996134 -0.0877108 -19.4362 -0.98237 0.0212362 0.18574 156.026 
0.182773 0.0860461 0.979382 245.08 0.00333991 0.996103 -0.0881384 -19.5193 -0.983149 0.0193804 0.181774 156.212 
0.178708 0.0869875 0.980049 246.053 0.000959649 0.996068 -0.0885843 -19.601 -0.983902 0.0167713 0.177922 156.397 
0.174591 0.0865595 0.980829 247.029 -0.00140098 0.996149 -0.0876622 -19.6824 -0.98464 0.0139309 0.17404 156.579 
0.170732 0.0875815 0.981417 248.003 -0.00557085 0.996112 -0.0879236 -19.7665 -0.985302 0.00954407 0.170556 156.76 
0.167147 0.0919764 0.981632 248.972 -0.0104042 0.995748 -0.0915274 -19.8527 -0.985877 0.00508548 0.167394 156.939 
0.163658 0.0971326 0.981724 249.939 -0.0130825 0.995267 -0.0962917 -19.9371 -0.98643 0.00291548 0.164154 157.111 
0.160132 0.0993622 0.982082 250.907 -0.014584 0.99505 -0.0982963 -20.0229 -0.986988 0.00141761 0.160788 157.279 
0.156803 0.0967762 0.982877 251.873 -0.0160577 0.995306 -0.0954382 -20.1119 -0.987499 -0.000817747 0.157621 157.442 
0.153446 0.0934491 0.983728 252.835 -0.0155378 0.995623 -0.0921554 -20.2006 -0.988035 -0.00114415 0.154226 157.599 
0.150417 0.0901786 0.984501 253.794 -0.0148267 0.995925 -0.0889597 -20.2852 -0.988511 -0.00121587 0.151141 157.751 
0.147153 0.0894755 0.985059 254.746 -0.0136815 0.995989 -0.0884245 -20.3672 -0.989019 -0.000465157 0.147786 157.897 
0.143657 0.0892568 0.985594 255.695 -0.0133411 0.996009 -0.0882554 -20.4475 -0.989538 -0.000470365 0.144274 158.04 
0.139536 0.0911832 0.98601 256.638 -0.0138321 0.995834 -0.0901342 -20.5279 -0.99012 -0.00106162 0.140216 158.18 
0.134842 0.0942383 0.986376 257.576 -0.0140238 0.995549 -0.0931976 -20.6092 -0.990768 -0.00126582 0.135563 158.315 
0.129945 0.0892542 0.987496 258.52 -0.00449979 0.995983 -0.0894292 -20.6863 -0.991511 0.00717735 0.129825 158.432 
0.12562 0.0841122 0.988506 259.461 -0.00442396 0.996437 -0.0842248 -20.7649 -0.992069 0.00620718 0.125544 158.551 
0.120232 0.0852121 0.989082 260.386 -0.00357358 0.99634 -0.085403 -20.8489 -0.992739 0.00673361 0.120096 158.668 
0.116124 0.0973244 0.988455 261.296 -0.00165037 0.995205 -0.0977952 -20.9293 -0.993233 0.0097251 0.115728 158.776 
0.110769 0.109422 0.987804 262.208 -9.85157e-05 0.993922 -0.110089 -21.0116 -0.993846 0.0120972 0.110107 158.88 
0.105049 0.113782 0.987937 263.129 -0.00152603 0.99345 -0.114254 -21.1049 -0.994466 0.0104946 0.104534 158.985 
0.0995848 0.108523 0.989093 264.062 -0.00542051 0.994079 -0.108524 -21.2026 -0.995014 0.00544595 0.0995834 159.089 
0.0944579 0.10198 0.990292 265.003 -0.00788397 0.994785 -0.101691 -21.2979 -0.995498 0.00179809 0.0947692 159.188 
0.0891759 0.0974841 0.991234 265.949 -0.00978606 0.995237 -0.0969973 -21.3897 -0.995968 -0.00105044 0.0897051 159.281 
0.0829979 0.097489 0.99177 266.888 -0.0134344 0.995223 -0.0967041 -21.4781 -0.996459 -0.00529755 0.0839111 159.371 
0.075647 0.095538 0.992547 267.825 -0.0174974 0.995373 -0.0944765 -21.5615 -0.996981 -0.0102201 0.0769686 159.458 
0.0682677 0.0912665 0.993484 268.75 -0.0213634 0.995712 -0.0900033 -21.643 -0.997438 -0.0150799 0.0699248 159.536 
0.061108 0.0879296 0.994251 269.667 -0.0227592 0.995976 -0.0866834 -21.7251 -0.997872 -0.0173313 0.0628633 159.602 
0.0545339 0.0894754 0.994495 270.572 -0.0186948 0.995894 -0.0885761 -21.8033 -0.998337 -0.0137615 0.0559827 159.651 
0.0482644 0.0933951 0.994459 271.478 -0.0165257 0.995557 -0.0926963 -21.8779 -0.998698 -0.0119602 0.0495934 159.696 
0.0417295 0.0954544 0.994559 272.387 -0.014142 0.995383 -0.0949401 -21.9551 -0.999029 -0.0101032 0.0428867 159.737 
0.0353534 0.0937597 0.994967 273.293 -0.0139811 0.995538 -0.0933167 -22.0351 -0.999277 -0.0106117 0.0365065 159.773 
0.0292162 0.0913276 0.995392 274.195 -0.0147058 0.995749 -0.0909287 -22.1139 -0.999465 -0.0119814 0.030435 159.806 
0.0233157 0.0901119 0.995659 275.096 -0.0118163 0.995885 -0.0898557 -22.1933 -0.999658 -0.00966994 0.0242845 159.829 
0.0182222 0.0923797 0.995557 275.991 -0.00991538 0.99569 -0.0922106 -22.272 -0.999785 -0.00819105 0.0190596 159.847 
0.0135991 0.096029 0.995286 276.887 -0.00979118 0.995343 -0.0959008 -22.3482 -0.99986 -0.00844086 0.014476 159.865 
0.0102063 0.097504 0.995183 277.789 -0.00764871 0.995213 -0.0974286 -22.4278 -0.999919 -0.00661749 0.0109032 159.875 
0.00787457 0.096338 0.995318 278.692 -0.00225019 0.995348 -0.0963231 -22.5103 -0.999966 -0.00148115 0.00805472 159.878 
0.00599921 0.0938323 0.99557 279.595 -0.000362503 0.995588 -0.0938319 -22.592 -0.999982 0.00020202 0.00600676 159.882 
0.00407476 0.0922446 0.995728 280.495 0.00174553 0.995734 -0.0922523 -22.6728 -0.99999 0.00211398 0.00389636 159.886 
0.00242638 0.091135 0.995836 281.39 0.0039027 0.99583 -0.091144 -22.7523 -0.999989 0.0041076 0.00206059 159.889 
0.00147374 0.0927402 0.995689 282.279 0.00605595 0.995671 -0.0927475 -22.831 -0.999981 0.00616653 0.000905733 159.89 
0.00110989 0.0943031 0.995543 283.163 0.00781697 0.995512 -0.094309 -22.9095 -0.999969 0.0078868 0.000367742 159.892 
0.00151691 0.0959006 0.99539 284.039 0.0111522 0.995327 -0.0959116 -22.9885 -0.999937 0.0112462 0.000440323 159.89 
0.00262464 0.0968061 0.9953 284.908 0.0132878 0.995212 -0.0968326 -23.0697 -0.999908 0.0134795 0.00132574 159.891 
0.00396999 0.0970403 0.995273 285.769 0.0143817 0.995172 -0.0970879 -23.1507 -0.999889 0.0146992 0.00255521 159.894 
0.0058895 0.0970092 0.995266 286.618 0.0163726 0.995141 -0.0970939 -23.2319 -0.999849 0.0168669 0.00427259 159.899 
0.00820934 0.0957521 0.995371 287.457 0.0172459 0.995243 -0.095882 -23.3126 -0.999818 0.0179532 0.00651896 159.906 
0.0107621 0.0937609 0.995537 288.286 0.0181061 0.995413 -0.0939449 -23.3911 -0.999778 0.0190364 0.00901513 159.916 
0.0138638 0.090598 0.995791 289.107 0.0180233 0.995702 -0.0908409 -23.4666 -0.999741 0.0192069 0.0121714 159.93 
0.0172897 0.0877581 0.995992 289.917 0.0171585 0.995968 -0.0880539 -23.5401 -0.999703 0.0186121 0.0157142 159.947 
0.0208039 0.0856111 0.996111 290.713 0.0153738 0.996182 -0.0859383 -23.6118 -0.999665 0.0171019 0.0194083 159.969 
0.024546 0.0858023 0.99601 291.492 0.0105113 0.996233 -0.0860805 -23.6811 -0.999643 0.0125823 0.0235516 159.999 
0.0282847 0.0871782 0.995791 292.26 0.00796274 0.996138 -0.0874348 -23.7474 -0.999568 0.0104023 0.0274813 160.029 
0.0324212 0.0870651 0.995675 293.02 0.00786478 0.996146 -0.0873623 -23.8105 -0.999443 0.0106632 0.0316115 160.058 
0.0359489 0.0847771 0.995751 293.77 0.00737764 0.996346 -0.0850941 -23.8738 -0.999326 0.0104053 0.0351921 160.091 
0.0392041 0.0816365 0.995891 294.507 0.00516885 0.996627 -0.0819004 -23.937 -0.999218 0.00835844 0.0386499 160.128 
0.0428636 0.0798585 0.995884 295.229 0.00233499 0.99679 -0.0800316 -23.9985 -0.999078 0.00575582 0.0425395 160.169 
0.0468618 0.0808981 0.99562 295.933 0.00333095 0.996697 -0.0811424 -24.0551 -0.998896 0.00711884 0.0464375 160.205 
0.0509811 0.0821534 0.995315 296.622 0.00347021 0.99659 -0.0824364 -24.1111 -0.998694 0.00765664 0.0505221 160.243 
0.0542727 0.0841034 0.994978 297.292 0.00285953 0.996429 -0.0843821 -24.1679 -0.998522 0.00742482 0.0538384 160.284 
0.0574661 0.0870375 0.994546 297.948 0.00162479 0.996183 -0.0872747 -24.2254 -0.998346 0.00663126 0.0571053 160.329 
0.0604419 0.087487 0.99433 298.593 -0.00168018 0.996159 -0.0875458 -24.2804 -0.99817 0.00362078 0.0603567 160.377 
0.0637246 0.088153 0.994067 299.225 -0.00393978 0.996106 -0.0880812 -24.3345 -0.99796 0.00169654 0.0638237 160.427 
0.0670939 0.0881815 0.993842 299.844 -0.00585578 0.996104 -0.0879869 -24.389 -0.997729 8.36546e-05 0.0673489 160.475 
0.0703042 0.0877546 0.993658 300.45 -0.00658379 0.996142 -0.0875082 -24.4448 -0.997504 -0.000389847 0.0706107 160.524 
0.0734705 0.0888799 0.993329 301.042 -0.00782264 0.996042 -0.0885441 -24.4948 -0.997267 -0.00126508 0.0738749 160.573 
0.0762771 0.0920895 0.992825 301.623 -0.0108409 0.995744 -0.0915273 -24.5451 -0.997028 -0.00378165 0.0769508 160.628 
0.0787495 0.091597 0.992677 302.195 -0.0122357 0.995784 -0.090913 -24.5971 -0.996819 -0.0049867 0.0795382 160.682 
0.0820441 0.0916671 0.992404 302.758 -0.0133647 0.995773 -0.0908733 -24.6497 -0.996539 -0.00580755 0.0829224 160.735 
0.0849674 0.0911249 0.992208 303.311 -0.014975 0.995813 -0.0901737 -24.6984 -0.996271 -0.00719654 0.0859763 160.79 
0.0877246 0.091818 0.991904 303.852 -0.0148753 0.995753 -0.0908587 -24.7473 -0.996034 -0.00678429 0.0887178 160.843 
0.0908022 0.0926985 0.991545 304.382 -0.0160878 0.995665 -0.0916104 -24.7958 -0.995739 -0.00763336 0.0918999 160.898 
0.0933852 0.094017 0.991181 304.903 -0.0166781 0.99554 -0.0928591 -24.8438 -0.99549 -0.00785937 0.0945367 160.953 
0.0959168 0.09526 0.990821 305.414 -0.0158478 0.99543 -0.0941691 -24.8917 -0.995263 -0.00666998 0.0969881 161.007 
0.0980039 0.096828 0.990464 305.916 -0.017131 0.995272 -0.0956029 -24.938 -0.995039 -0.00759814 0.0991993 161.063 
0.0994227 0.0979235 0.990215 306.41 -0.0180985 0.995159 -0.0965952 -24.9825 -0.994881 -0.00831765 0.100714 161.119 
0.100883 0.0995114 0.989909 306.899 -0.0187801 0.994998 -0.0981091 -25.0286 -0.994721 -0.00869306 0.102247 161.174 
0.10176 0.100735 0.989696 307.387 -0.0195603 0.99487 -0.0992507 -25.0751 -0.994617 -0.00925905 0.103208 161.229 
0.102003 0.101509 0.989592 307.877 -0.0189231 0.994798 -0.100092 -25.1223 -0.994604 -0.00851651 0.103393 161.284 
0.101381 0.101773 0.989628 308.37 -0.0191157 0.994769 -0.100343 -25.1696 -0.994664 -0.00874452 0.102796 161.338 
0.100393 0.101276 0.98978 308.869 -0.0205476 0.994805 -0.0997055 -25.2145 -0.994736 -0.0103279 0.101952 161.394 
0.0989724 0.100015 0.990051 309.375 -0.0210516 0.994924 -0.0984032 -25.2596 -0.994867 -0.0111029 0.100575 161.449 
0.0971801 0.100742 0.990155 309.885 -0.0193805 0.994867 -0.0993189 -25.3073 -0.995078 -0.00953793 0.0986337 161.5 
0.0953545 0.103708 0.990026 310.399 -0.0165845 0.994586 -0.102589 -25.3582 -0.995305 -0.00663678 0.0965582 161.548 
0.0938683 0.107653 0.989747 310.922 -0.0109402 0.994188 -0.107098 -25.4131 -0.995525 -0.000774888 0.0945005 161.59 
0.091708 0.112491 0.989412 311.454 -0.00825745 0.99365 -0.112208 -25.463 -0.995752 0.00212035 0.0920545 161.637 
0.0892241 0.115626 0.989277 311.999 -0.00933928 0.993292 -0.115253 -25.5104 -0.995968 0.00104421 0.0897054 161.689 
0.0871198 0.116065 0.989413 312.559 -0.00908072 0.993241 -0.115715 -25.5605 -0.996156 0.00109644 0.0875849 161.74 
0.085592 0.113214 0.989877 313.13 -0.004873 0.993559 -0.113214 -25.6195 -0.996318 0.00486654 0.0855924 161.783 
0.0846505 0.108101 0.990529 313.714 0.00441935 0.994047 -0.108863 -25.6838 -0.996401 0.0135928 0.0836688 161.817 
0.0826163 0.107283 0.99079 314.304 0.00604166 0.994117 -0.108147 -25.7436 -0.996563 0.0149207 0.0814821 161.86 
0.0795989 0.110588 0.990674 314.901 0.00149198 0.993813 -0.111058 -25.7993 -0.996826 0.0103182 0.0789414 161.914 
0.0777732 0.112339 0.990622 315.512 -0.00070532 0.993637 -0.112625 -25.8569 -0.996971 0.00806052 0.0773576 161.963 
0.0767938 0.110833 0.990868 316.14 0.00438355 0.993755 -0.111496 -25.9165 -0.997037 0.0129057 0.0758284 161.999 
0.0759914 0.109128 0.991119 316.778 0.00911672 0.993875 -0.11013 -25.9754 -0.997067 0.0174047 0.0745311 162.034 
0.0743894 0.109225 0.99123 317.423 0.0105341 0.993842 -0.110303 -26.0412 -0.997174 0.0186471 0.0727808 162.077 
0.0718069 0.110256 0.991306 318.077 0.00678037 0.993795 -0.111024 -26.1084 -0.997396 0.0146937 0.0706137 162.131 
0.0698124 0.112407 0.991207 318.743 0.00520151 0.993577 -0.113042 -26.176 -0.997547 0.0130475 0.0687793 162.183 
0.0682447 0.115443 0.990967 319.419 0.00377954 0.993246 -0.115969 -26.2393 -0.997661 0.0116597 0.0673474 162.232 
0.0664902 0.117765 0.990813 320.107 0.00517523 0.992956 -0.118367 -26.3103 -0.997774 0.0129979 0.0654124 162.277 
0.0648835 0.11628 0.991095 320.807 0.00212876 0.993169 -0.116663 -26.385 -0.997891 0.00967931 0.0641928 162.329 
0.0626069 0.115863 0.99129 321.518 -0.0016598 0.993249 -0.115987 -26.4608 -0.998037 0.00561625 0.0623766 162.383 
0.0604215 0.116724 0.991325 322.235 -0.0025301 0.993154 -0.116786 -26.5373 -0.99817 0.0045482 0.0603031 162.433 
0.0591907 0.121843 0.990783 322.957 0.00128149 0.992513 -0.122133 -26.6197 -0.998246 0.0084988 0.0585914 162.473 
0.0576411 0.127814 0.990122 323.687 0.0028202 0.991746 -0.128188 -26.7006 -0.998333 0.0101813 0.0568049 162.516 
0.0562594 0.13158 0.989708 324.429 0.00256452 0.991256 -0.131931 -26.7819 -0.998413 0.00996051 0.05543 162.563 
0.0558713 0.129108 0.990055 325.186 0.00661071 0.991535 -0.129674 -26.8696 -0.998416 0.01379 0.0545448 162.601 
0.0551527 0.123247 0.990842 325.955 0.0115524 0.992208 -0.12406 -26.962 -0.998411 0.0182888 0.0532991 162.636 
0.0540691 0.12049 0.991241 326.728 0.0149542 0.992484 -0.121457 -27.0526 -0.998425 0.0213902 0.0518609 162.673 
0.0530453 0.121178 0.991212 327.505 0.0171372 0.992353 -0.122234 -27.1404 -0.998445 0.0234705 0.0505631 162.712 
0.052352 0.123033 0.991021 328.289 0.0177226 0.992111 -0.124104 -27.2279 -0.998471 0.0240606 0.0497585 162.752 
0.0518768 0.124263 0.990892 329.082 0.0188023 0.991931 -0.125377 -27.3167 -0.998476 0.0251353 0.0491218 162.791 
0.0519272 0.123295 0.991011 329.886 0.019205 0.992043 -0.124429 -27.4076 -0.998466 0.0254936 0.0491461 162.834 
0.0528881 0.121375 0.991197 330.699 0.0197966 0.992263 -0.122562 -27.5009 -0.998404 0.0261045 0.0500761 162.877 
0.0538649 0.120118 0.991297 331.516 0.0206189 0.992393 -0.121371 -27.5939 -0.998335 0.0269771 0.0509785 162.922 
0.0550883 0.119613 0.991291 332.341 0.020706 0.992448 -0.120904 -27.6849 -0.998267 0.027186 0.0521956 162.968 
0.0564423 0.117696 0.991444 333.176 0.0205982 0.992679 -0.119016 -27.7746 -0.998193 0.0271395 0.0536047 163.018 
0.0582588 0.116215 0.991514 334.018 0.0212185 0.992832 -0.117616 -27.8662 -0.998076 0.0278906 0.0553753 163.068 
0.0603123 0.114908 0.991543 334.867 0.0228298 0.992933 -0.116458 -27.9588 -0.997918 0.0296606 0.0572628 163.119 
0.0620654 0.114369 0.991498 335.723 0.0231877 0.99298 -0.115991 -28.0501 -0.997803 0.0301896 0.0589778 163.173 
0.0645784 0.114767 0.991291 336.586 0.0240615 0.992897 -0.11652 -28.1423 -0.997623 0.0313767 0.0613582 163.23 
0.0675983 0.113804 0.991201 337.457 0.0258411 0.99294 -0.115766 -28.2347 -0.997378 0.0334393 0.0641803 163.288 
0.0704632 0.112519 0.991148 338.335 0.0274406 0.993023 -0.114683 -28.3274 -0.997137 0.0352786 0.066884 163.348 
0.0733572 0.111524 0.99105 339.219 0.0284333 0.99309 -0.113858 -28.4218 -0.9969 0.0365311 0.0696793 163.413 
0.0763933 0.112193 0.990746 340.109 0.0290546 0.992977 -0.114686 -28.5174 -0.996654 0.0375469 0.072597 163.481 
0.0794849 0.112768 0.990437 341.006 0.0296747 0.992873 -0.115427 -28.6124 -0.996394 0.0385656 0.075572 163.554 
0.0824427 0.113899 0.990066 341.908 0.0288399 0.992759 -0.11661 -28.7089 -0.996178 0.038167 0.0785609 163.63 
0.0851 0.115029 0.98971 342.816 0.0259641 0.99272 -0.117611 -28.808 -0.996034 0.0357056 0.0814938 163.714 
0.0875675 0.115958 0.989387 343.727 0.0240997 0.992665 -0.118475 -28.9076 -0.995867 0.0342184 0.0841306 163.8 
0.0897392 0.116404 0.98914 344.64 0.0217259 0.992681 -0.118792 -29.0083 -0.995728 0.0321502 0.0865535 163.887 
0.0914492 0.115075 0.989138 345.556 0.0213518 0.992846 -0.11748 -29.1099 -0.995581 0.0318634 0.0883379 163.976 
0.09329 0.112468 0.989266 346.477 0.0213677 0.993144 -0.114924 -29.2104 -0.99541 0.0318595 0.0902473 164.064 
0.094573 0.109764 0.989448 347.401 0.021398 0.993449 -0.112253 -29.3084 -0.995288 0.0317883 0.0916048 164.15 
0.0958448 0.109333 0.989374 348.325 0.0231428 0.993436 -0.112024 -29.4052 -0.995127 0.0336338 0.0926853 164.233 
0.0968732 0.111722 0.989006 349.246 0.0249791 0.993094 -0.114631 -29.501 -0.994983 0.0358092 0.0934135 164.314 
0.0976044 0.110907 0.989026 350.171 0.0243395 0.993208 -0.113778 -29.5967 -0.994928 0.0351776 0.0942421 164.401 
0.097733 0.109242 0.989199 351.097 0.0218127 0.993483 -0.111871 -29.6957 -0.994974 0.0325105 0.0947132 164.498 
0.09783 0.107381 0.989393 352.024 0.0195191 0.993764 -0.109785 -29.7958 -0.995012 0.0300524 0.0951239 164.594 
0.0980854 0.108752 0.989218 352.943 0.0175887 0.993666 -0.110985 -29.8936 -0.995023 0.0282851 0.0955513 164.691 
0.0981329 0.109811 0.989096 353.859 0.0171268 0.99356 -0.112006 -29.9896 -0.995026 0.0279315 0.0956202 164.785 
0.0982849 0.110231 0.989034 354.774 0.0166861 0.993524 -0.11239 -30.0876 -0.995018 0.0275493 0.0958091 164.88 
0.0984185 0.110827 0.988955 355.686 0.014968 0.993502 -0.112826 -30.1871 -0.995033 0.0259068 0.0961201 164.976 
0.0986138 0.111437 0.988867 356.596 0.0151267 0.993427 -0.11346 -30.2869 -0.995011 0.026147 0.09628 165.07 
0.0990416 0.111202 0.98885 357.505 0.0146812 0.993465 -0.113191 -30.3851 -0.994975 0.0257282 0.0967618 165.164 
0.0993006 0.109548 0.989009 358.413 0.0155755 0.993629 -0.111623 -30.4837 -0.994936 0.0264886 0.0969617 165.257 
0.0995352 0.110623 0.988866 359.318 0.0142333 0.993541 -0.112578 -30.5836 -0.994932 0.0252803 0.0973178 165.352 
0.0996354 0.112724 0.988618 360.221 0.014424 0.993294 -0.114711 -30.6824 -0.994919 0.0256891 0.0973413 165.446 
0.10062 0.11422 0.988347 361.122 0.0172542 0.993039 -0.116519 -30.7797 -0.994775 0.0287773 0.0979485 165.538 
0.101856 0.110529 0.98864 362.027 0.0199788 0.993381 -0.113118 -30.8753 -0.994599 0.0312736 0.0989736 165.628 
0.103607 0.107333 0.98881 362.93 0.0217895 0.993677 -0.110144 -30.9757 -0.99438 0.0329573 0.100613 165.721 
0.105893 0.108828 0.988404 363.827 0.0255077 0.993369 -0.112108 -31.0728 -0.99405 0.0370833 0.102415 165.813 
0.109221 0.11441 0.987411 364.721 0.0312696 0.992467 -0.118454 -31.1658 -0.993526 0.0438136 0.10482 165.902 
0.112622 0.117277 0.986693 365.617 0.0344001 0.991955 -0.121829 -31.2619 -0.993042 0.0476629 0.107681 165.995 
0.116173 0.116998 0.986314 366.516 0.0373916 0.991819 -0.122055 -31.3652 -0.992525 0.0510594 0.110848 166.091 
0.119529 0.116059 0.986024 367.411 0.038535 0.991853 -0.121416 -31.4694 -0.992083 0.0525092 0.114083 166.193 
0.12295 0.118584 0.985303 368.306 0.0392331 0.991478 -0.124223 -31.5742 -0.991637 0.0539297 0.11725 166.301 
0.126481 0.118336 0.984885 369.199 0.0392527 0.991484 -0.12417 -31.6744 -0.991192 0.0543645 0.120759 166.413 
0.130173 0.114818 0.984821 370.092 0.0384821 0.991939 -0.120734 -31.779 -0.990744 0.0536143 0.124705 166.531 
0.134402 0.110544 0.984742 370.985 0.0361455 0.99255 -0.116354 -31.8826 -0.990267 0.0512321 0.129405 166.655 
0.138906 0.109271 0.984259 371.877 0.0342168 0.992771 -0.115044 -31.9825 -0.989714 0.0496586 0.134163 166.784 
0.144008 0.108668 0.983592 372.767 0.0319098 0.992925 -0.114371 -32.0791 -0.989062 0.0478566 0.139521 166.917 
0.149407 0.107972 0.982863 373.652 0.0300894 0.993063 -0.113666 -32.1764 -0.988318 0.0465563 0.145121 167.054 
0.155616 0.107971 0.981899 374.545 0.0284744 0.993105 -0.113716 -32.274 -0.987407 0.045655 0.151468 167.198 
0.162633 0.109234 0.980621 375.436 0.0265301 0.99301 -0.115014 -32.3718 -0.98633 0.0447211 0.158598 167.349 
0.170732 0.110301 0.979124 376.326 0.0239643 0.992956 -0.116038 -32.4691 -0.985026 0.0432754 0.166886 167.509 
0.179765 0.111382 0.977384 377.216 0.0216778 0.992879 -0.117135 -32.5679 -0.983471 0.0422442 0.17607 167.677 
0.189113 0.111715 0.97558 378.105 0.0197846 0.992872 -0.117531 -32.6688 -0.981756 0.041528 0.185554 167.854 
0.198327 0.111854 0.973733 378.995 0.0178766 0.992889 -0.117695 -32.769 -0.979973 0.0407493 0.194917 168.039 
0.207479 0.111738 0.971837 379.884 0.0158433 0.992941 -0.117547 -32.8697 -0.978111 0.0397856 0.204244 168.234 
0.216261 0.111686 0.969926 380.773 0.0134807 0.992999 -0.117348 -32.9706 -0.976242 0.0384532 0.213242 168.438 
0.224295 0.111283 0.968147 381.658 0.0120459 0.993066 -0.116939 -33.0717 -0.974447 0.0378909 0.221399 168.649 
0.231164 0.111125 0.966548 382.543 0.0101196 0.993127 -0.116602 -33.1732 -0.972862 0.0367351 0.228451 168.865 
0.236936 0.111187 0.965142 383.426 0.00857378 0.993152 -0.116518 -33.2735 -0.971487 0.0358823 0.23436 169.087 
0.241984 0.112023 0.963792 384.31 0.00723573 0.993077 -0.117243 -33.3743 -0.970253 0.0353447 0.239498 169.313 
0.246615 0.111642 0.962661 385.195 0.00626321 0.993138 -0.116781 -33.4737 -0.969093 0.0348292 0.244223 169.544 
0.251101 0.111732 0.961491 386.079 0.00490127 0.993156 -0.116691 -33.5739 -0.967948 0.0340138 0.248835 169.78 
0.255463 0.111555 0.960361 386.965 0.00479338 0.993163 -0.116641 -33.6754 -0.966807 0.0344007 0.253182 170.02 
0.259915 0.111885 0.959128 387.848 0.00447441 0.993115 -0.117062 -33.7771 -0.965621 0.0347176 0.257624 170.263 
0.264252 0.111432 0.957995 388.73 0.00411368 0.993164 -0.116657 -33.8782 -0.964445 0.0347678 0.261987 170.51 
0.268681 0.110097 0.956916 389.604 0.00367935 0.993322 -0.115319 -33.9776 -0.963222 0.0345049 0.266482 170.759 
0.273056 0.108569 0.955852 390.474 0.00250905 0.993527 -0.113565 -34.077 -0.961995 0.033408 0.271016 171.013 
0.277699 0.106207 0.954779 391.343 0.00286813 0.993774 -0.111379 -34.1742 -0.960664 0.0336682 0.275665 171.269 
0.282143 0.104183 0.953699 392.209 0.00251575 0.994002 -0.10933 -34.2685 -0.959369 0.0332458 0.280188 171.528 
0.28637 0.102571 0.952613 393.069 0.00144494 0.994206 -0.107484 -34.3617 -0.958118 0.0321566 0.284563 171.791 
0.290621 0.102759 0.951304 393.92 0.000946633 0.994185 -0.10768 -34.4555 -0.956838 0.0321947 0.288834 172.056 
0.295281 0.106058 0.949506 394.764 -0.000938793 0.993851 -0.110719 -34.5488 -0.95541 0.0318018 0.293565 172.324 
0.299581 0.109307 0.947789 395.607 -0.00369653 0.993541 -0.113415 -34.641 -0.954064 0.0304733 0.29805 172.595 
0.303718 0.10975 0.94642 396.45 -0.00509821 0.993516 -0.113576 -34.7338 -0.952748 0.02967 0.302308 172.871 
0.306942 0.106018 0.945805 397.297 -0.00707195 0.994003 -0.109126 -34.8286 -0.951702 0.0268065 0.305851 173.152 
0.309078 0.10324 0.945416 398.137 -0.0103661 0.994397 -0.1052 -34.923 -0.95098 0.0227147 0.308416 173.437 
0.310398 0.104688 0.944824 398.968 -0.0146825 0.994327 -0.105349 -35.0159 -0.950493 0.0188278 0.310175 173.722 
0.311196 0.1102 0.943935 399.789 -0.0182154 0.993763 -0.110012 -35.1043 -0.950171 0.0170413 0.311263 174.006 
0.311961 0.114482 0.943172 400.61 -0.0194323 0.993275 -0.114136 -35.1941 -0.949896 0.0172781 0.312088 174.286 
0.312383 0.114988 0.942971 401.433 -0.0214601 0.993248 -0.11401 -35.2859 -0.949714 0.0153784 0.312741 174.568 
0.312581 0.111323 0.943345 402.26 -0.0241826 0.99372 -0.109255 -35.3801 -0.949583 0.0113384 0.31331 174.854 
0.31273 0.107402 0.94375 403.081 -0.0269455 0.99419 -0.104213 -35.4726 -0.94946 0.00716071 0.313807 175.138 
0.312671 0.10552 0.943982 403.893 -0.0281915 0.994403 -0.101818 -35.5612 -0.949443 0.00522344 0.313896 175.416 
0.312183 0.104967 0.944205 404.7 -0.0276528 0.99446 -0.101411 -35.644 -0.94962 0.00554877 0.313356 175.689 
0.31173 0.105947 0.944245 405.501 -0.0274795 0.994354 -0.102497 -35.7259 -0.949773 0.00600405 0.312882 175.959 
0.311355 0.106881 0.944264 406.3 -0.0276282 0.994253 -0.10343 -35.8082 -0.949892 0.00611499 0.312518 176.228 
0.311222 0.102874 0.944753 407.104 -0.0213713 0.99463 -0.101265 -35.8882 -0.950097 0.0113251 0.311749 176.49 
0.311296 0.101151 0.944914 407.905 -0.0198862 0.994795 -0.0999387 -35.9693 -0.950105 0.0123198 0.311687 176.754 
0.310622 0.103545 0.944877 408.698 -0.0203022 0.994545 -0.102314 -36.0555 -0.950317 0.0125978 0.31103 177.02 
0.310678 0.107983 0.944362 409.495 -0.0180947 0.994018 -0.107708 -36.1353 -0.950343 0.0163746 0.310773 177.282 
0.310666 0.112339 0.943857 410.292 -0.017123 0.993492 -0.11261 -36.2143 -0.950365 0.0188225 0.310568 177.546 
0.309815 0.111422 0.944246 411.098 -0.0184864 0.993628 -0.111184 -36.3012 -0.950617 0.0169907 0.309901 177.819 
0.309723 0.10804 0.944669 411.914 -0.0180206 0.994012 -0.107775 -36.3881 -0.950656 0.0163569 0.309815 178.09 
0.309425 0.107772 0.944797 412.732 -0.0188575 0.994057 -0.107215 -36.4748 -0.950737 0.0153585 0.309619 178.364 
0.309377 0.109301 0.944637 413.552 -0.0187198 0.99388 -0.108868 -36.5604 -0.950755 0.0159979 0.30953 178.638 
0.309801 0.11236 0.944139 414.38 -0.017211 0.993493 -0.112586 -36.6458 -0.950645 0.0186298 0.309719 178.912 
0.310105 0.113505 0.943902 415.215 -0.0165544 0.993342 -0.114011 -36.7336 -0.950558 0.0197296 0.30992 179.189 
0.310145 0.112158 0.94405 416.061 -0.0165514 0.993503 -0.112596 -36.8234 -0.950545 0.0192957 0.309987 179.471 
0.310521 0.109124 0.944282 416.913 -0.0154551 0.993837 -0.109769 -36.9166 -0.950441 0.0194915 0.310294 179.756 
0.311026 0.108657 0.94417 417.77 -0.0129123 0.993835 -0.110119 -37.0104 -0.950314 0.0220584 0.310511 180.039 
0.311947 0.108653 0.943866 418.632 -0.00834372 0.993714 -0.111633 -37.1025 -0.950063 0.0269482 0.310892 180.322 
0.312807 0.108364 0.943615 419.499 -0.00446568 0.993627 -0.112627 -37.1944 -0.949806 0.0310165 0.311298 180.607 
0.314102 0.106392 0.943409 420.367 -0.00200801 0.993773 -0.111403 -37.2899 -0.949387 0.0330976 0.31236 180.896 
0.315839 0.105296 0.942952 421.233 0.00375687 0.993676 -0.112219 -37.3866 -0.948805 0.0389857 0.313447 181.18 
0.31728 0.103431 0.942675 422.099 0.00831039 0.993693 -0.111826 -37.4815 -0.948296 0.043314 0.314419 181.465 
0.317515 0.100821 0.942878 422.967 0.00609023 0.994094 -0.108349 -37.5737 -0.948234 0.0401446 0.315025 181.762 
0.317542 0.0954878 0.943424 423.837 0.00337203 0.994797 -0.101822 -37.6662 -0.948238 0.0355142 0.315568 182.064 
0.318439 0.0915815 0.943509 424.705 0.00407436 0.995181 -0.0979721 -37.7552 -0.947935 0.0350423 0.316531 182.359 
0.318769 0.0930207 0.943257 425.567 0.00406477 0.995029 -0.0994999 -37.8424 -0.947824 0.0355516 0.316806 182.653 
0.319059 0.095403 0.942921 426.421 0.00470267 0.994749 -0.102238 -37.9276 -0.947723 0.0370543 0.316935 182.946 
0.320046 0.0971843 0.942404 427.272 0.00602285 0.994496 -0.104602 -38.0148 -0.947383 0.0391532 0.317699 183.236 
0.320887 0.0954105 0.942299 428.122 0.00783739 0.994611 -0.103376 -38.1036 -0.947085 0.0405573 0.31841 183.525 
0.321526 0.0926599 0.942356 428.969 0.00972219 0.994825 -0.101136 -38.1928 -0.946851 0.0416797 0.318962 183.813 
0.321805 0.0912348 0.9424 429.806 0.00910642 0.995002 -0.0994369 -38.2805 -0.946762 0.0405812 0.319366 184.101 
0.321501 0.0920114 0.942428 430.634 0.00782792 0.994976 -0.0998122 -38.3676 -0.946877 0.0394669 0.319165 184.388 
0.321278 0.0919502 0.94251 431.455 0.007415 0.995 -0.0995986 -38.4521 -0.946956 0.0389875 0.31899 184.672 
0.320816 0.0901838 0.942838 432.271 0.0085516 0.99514 -0.0980963 -38.5348 -0.947103 0.0395337 0.318486 184.95 
0.320074 0.0875296 0.94334 433.079 0.00955281 0.995374 -0.0955989 -38.6169 -0.947344 0.0396103 0.317758 185.224 
0.319157 0.0858444 0.943806 433.878 0.00920137 0.995561 -0.0936634 -38.6984 -0.947657 0.0385777 0.316951 185.496 
0.318025 0.0853433 0.944233 434.664 0.0101638 0.995576 -0.0934071 -38.7769 -0.948028 0.0393028 0.31575 185.761 
0.316936 0.0869649 0.944451 435.44 0.0118794 0.995345 -0.0956376 -38.8524 -0.948372 0.0415305 0.314428 186.019 
0.315668 0.0913736 0.94446 436.207 0.0115651 0.994908 -0.10012 -38.9305 -0.948799 0.0425273 0.313003 186.276 
0.314271 0.0969938 0.944365 436.964 0.00962527 0.99439 -0.105335 -39.0115 -0.949284 0.0421935 0.311574 186.532 
0.313013 0.10138 0.944322 437.72 0.00888158 0.993931 -0.10965 -39.0908 -0.949707 0.042709 0.310213 186.783 
0.311997 0.102498 0.944538 438.475 0.00889423 0.993805 -0.110782 -39.1704 -0.950042 0.0429645 0.309152 187.031 
0.310535 0.0987594 0.945418 439.229 0.00817509 0.994274 -0.106548 -39.2521 -0.950527 0.0408159 0.30795 187.277 
0.309413 0.0942756 0.946243 439.978 0.00813751 0.994774 -0.101772 -39.3333 -0.950893 0.0391896 0.307029 187.521 
0.308808 0.0924059 0.946625 440.72 0.00970471 0.994911 -0.100285 -39.4115 -0.951075 0.0401557 0.30634 187.758 
0.308206 0.0929462 0.946768 441.455 0.0115959 0.994775 -0.101434 -39.4886 -0.951249 0.0422412 0.305518 187.994 
0.307968 0.0948042 0.946661 442.185 0.0113967 0.994584 -0.103311 -39.5634 -0.951328 0.0426054 0.30522 188.232 
0.307867 0.0959129 0.946583 442.914 0.0116552 0.994451 -0.104554 -39.638 -0.951358 0.0432213 0.305041 188.467 
0.307896 0.0960206 0.946562 443.642 0.0137678 0.99434 -0.105346 -39.7145 -0.95132 0.0454677 0.304832 188.702 
0.308035 0.096696 0.946448 444.367 0.0145308 0.994227 -0.106307 -39.7925 -0.951264 0.0464988 0.304851 188.936 
0.308069 0.097809 0.946323 445.092 0.0159495 0.99403 -0.107932 -39.8707 -0.95123 0.0483439 0.30467 189.17 
0.308113 0.0995792 0.946124 445.816 0.0144512 0.993902 -0.109314 -39.9464 -0.95124 0.0473537 0.304795 189.408 
0.30805 0.0995062 0.946152 446.543 0.0153398 0.993866 -0.109519 -40.0236 -0.951246 0.048251 0.304634 189.644 
0.308382 0.0983453 0.946165 447.273 0.0151609 0.994007 -0.108259 -40.1032 -0.951142 0.0477299 0.305042 189.883 
0.309268 0.0965755 0.946058 448.002 0.0160101 0.99416 -0.10672 -40.1824 -0.95084 0.0481514 0.305915 190.121 
0.310601 0.0947843 0.945803 448.731 0.0164432 0.994331 -0.105047 -40.2607 -0.950398 0.0481799 0.307282 190.36 
0.312102 0.0927266 0.945513 449.454 0.0168784 0.994527 -0.103105 -40.3371 -0.949899 0.048138 0.308829 190.6 
0.31379 0.0914318 0.94508 450.168 0.016804 0.994662 -0.101808 -40.4136 -0.949344 0.0478275 0.310579 190.839 
0.315605 0.0921796 0.944403 450.87 0.0153193 0.994646 -0.102203 -40.4893 -0.948767 0.0467234 0.312503 191.078 
0.317453 0.0936641 0.943637 451.561 0.0135446 0.994561 -0.103275 -40.5633 -0.948177 0.0455663 0.314458 191.316 
0.319381 0.0942752 0.942925 452.244 0.0131527 0.994502 -0.103887 -40.6354 -0.947535 0.0455814 0.316385 191.549 
0.321163 0.0940952 0.942338 452.918 0.0119678 0.994569 -0.103389 -40.7075 -0.946948 0.0444826 0.318293 191.782 
0.322428 0.0932481 0.94199 453.582 0.0107074 0.994713 -0.102132 -40.7805 -0.946533 0.0430166 0.319725 192.015 
0.323369 0.0920381 0.941786 454.236 0.00971228 0.994883 -0.100562 -40.8514 -0.946223 0.0416655 0.320821 192.244 
0.324558 0.0916026 0.94142 454.879 0.00927691 0.994943 -0.100009 -40.9197 -0.94582 0.0411921 0.322067 192.469 
0.325596 0.091687 0.941053 455.511 0.00889111 0.994946 -0.100014 -40.9869 -0.945467 0.0409312 0.323136 192.691 
0.326661 0.0915133 0.940701 456.132 0.00928574 0.994943 -0.100015 -41.0539 -0.945096 0.041406 0.32416 192.908 
0.328027 0.0911458 0.940261 456.744 0.00992999 0.994947 -0.0999111 -41.1179 -0.944616 0.0421104 0.325465 193.122 
0.329234 0.0904452 0.939907 457.346 0.0112385 0.994956 -0.0996791 -41.1802 -0.944181 0.0433809 0.326557 193.333 
0.330363 0.0907259 0.939483 457.935 0.0110674 0.994929 -0.099972 -41.2424 -0.943789 0.0434247 0.327684 193.542 
0.331488 0.0912188 0.939039 458.513 0.0100966 0.994915 -0.100211 -41.3048 -0.943405 0.0426998 0.328882 193.749 
0.332523 0.0916094 0.938635 459.081 0.00931602 0.994903 -0.100401 -41.3654 -0.943049 0.0421301 0.329975 193.954 
0.333525 0.0916512 0.938276 459.638 0.00911377 0.994903 -0.100422 -41.4231 -0.942697 0.0420445 0.330989 194.154 
0.334399 0.0916736 0.937962 460.184 0.00886818 0.994908 -0.100401 -41.4798 -0.94239 0.0418919 0.331883 194.351 
0.335091 0.0913686 0.937745 460.72 0.00755906 0.994994 -0.0996478 -41.5368 -0.942155 0.0404796 0.332723 194.547 
0.33566 0.0905764 0.937618 461.247 0.00642502 0.995123 -0.0984316 -41.5931 -0.941961 0.0390638 0.333441 194.739 
0.336366 0.0896821 0.937451 461.764 0.00585553 0.995237 -0.0973112 -41.6474 -0.941713 0.0382215 0.334239 194.928 
0.337164 0.0891006 0.93722 462.27 0.00683873 0.995253 -0.097078 -41.6998 -0.941421 0.0391405 0.334954 195.11 
0.337836 0.0901554 0.936877 462.764 0.00723198 0.995124 -0.0983683 -41.7523 -0.941177 0.0400078 0.335537 195.289 
0.338354 0.0932287 0.936389 463.243 0.00605165 0.994844 -0.101235 -41.8049 -0.940999 0.0399201 0.336046 195.467 
0.338903 0.0962437 0.935886 463.714 0.00475988 0.994566 -0.104002 -41.8554 -0.940809 0.0397013 0.336603 195.643 
0.339817 0.0981326 0.935358 464.174 0.00428743 0.99437 -0.105881 -41.9039 -0.940482 0.0399906 0.337483 195.813 
0.340652 0.0987304 0.934991 464.626 0.00603913 0.994221 -0.107185 -41.951 -0.94017 0.0421594 0.338087 195.978 
0.341271 0.0984739 0.934793 465.068 0.0070905 0.994199 -0.107321 -41.9982 -0.939938 0.0432535 0.338593 196.137 
0.340602 0.0970859 0.935181 465.497 0.0070854 0.994361 -0.10581 -42.0466 -0.940181 0.0426654 0.337994 196.296 
0.339408 0.0960429 0.935723 465.912 0.00551616 0.994553 -0.104082 -42.0956 -0.940623 0.0404878 0.337029 196.451 
0.338166 0.0952907 0.93625 466.316 0.00527796 0.994653 -0.103141 -42.1416 -0.941072 0.0398203 0.335854 196.598 
0.336915 0.0946013 0.936771 466.706 0.00533355 0.994732 -0.102373 -42.1844 -0.94152 0.0394872 0.334635 196.739 
0.335745 0.094128 0.937238 467.085 0.00580486 0.994769 -0.101985 -42.2249 -0.941935 0.0396816 0.333443 196.874 
0.3348 0.0938263 0.937606 467.452 0.00547654 0.99482 -0.101507 -42.2632 -0.942273 0.0391194 0.332552 197.005 
0.333745 0.0930287 0.938062 467.81 0.00567777 0.994902 -0.100686 -42.3006 -0.942646 0.0389295 0.331516 197.133 
0.332899 0.092091 0.938455 468.159 0.00644454 0.994974 -0.0999233 -42.3378 -0.942941 0.0393122 0.330632 197.256 
0.331956 0.0914264 0.938854 468.496 0.00718752 0.995018 -0.099437 -42.3747 -0.943267 0.0397568 0.329645 197.374 
0.330863 0.0911699 0.939264 468.82 0.00654543 0.995077 -0.098893 -42.4103 -0.943656 0.0388679 0.328637 197.49 
0.329877 0.091363 0.939592 469.133 0.00505146 0.995121 -0.0985359 -42.4437 -0.94401 0.037251 0.327806 197.603 
0.32884 0.0915031 0.939942 469.436 0.00388779 0.995155 -0.0982382 -42.4755 -0.944378 0.0359589 0.326891 197.712 
0.327766 0.0915164 0.940316 469.732 0.0044094 0.995138 -0.0983889 -42.5061 -0.944749 0.0363947 0.325768 197.815 
0.326839 0.0920026 0.940591 470.019 0.00544104 0.995051 -0.0992201 -42.535 -0.945064 0.0375468 0.324721 197.913 
0.326317 0.0931293 0.940662 470.303 0.00620191 0.994902 -0.100651 -42.5633 -0.94524 0.0386779 0.324076 198.011 
0.325793 0.0936191 0.940795 470.583 0.00633892 0.994847 -0.101193 -42.5917 -0.94542 0.0389315 0.32352 198.108 
0.325551 0.0930949 0.94093 470.86 0.00610551 0.994913 -0.100548 -42.6203 -0.945505 0.0384784 0.323326 198.204 
0.326062 0.092781 0.940784 471.133 0.00511831 0.994984 -0.0999002 -42.649 -0.945334 0.0373889 0.323952 198.301 
0.326964 0.0927285 0.940477 471.4 0.00419591 0.995022 -0.0995653 -42.6777 -0.945028 0.0365004 0.324947 198.397 
0.328116 0.09275 0.940073 471.666 0.00280439 0.995068 -0.0991548 -42.7046 -0.944633 0.0351707 0.326238 198.494 
0.329712 0.0930436 0.939485 471.93 0.00143165 0.995081 -0.099052 -42.7308 -0.94408 0.0340037 0.327957 198.592 
0.332472 0.0931184 0.938505 472.195 0.00097689 0.995079 -0.0990778 -42.757 -0.943113 0.0338574 0.330745 198.689 
0.336531 0.0931941 0.937049 472.461 0.00116131 0.995049 -0.0993795 -42.7835 -0.941672 0.0345325 0.334757 198.788 
0.342221 0.0929245 0.935013 472.727 0.00128549 0.995051 -0.0993617 -42.8101 -0.939619 0.0352056 0.340408 198.889 
0.349696 0.0936783 0.932168 472.992 2.30619e-05 0.994987 -0.1 -42.8382 -0.936863 0.0349911 0.347941 198.997 
0.358812 0.0944815 0.928616 473.26 -0.00176474 0.994931 -0.100547 -42.8664 -0.933408 0.0344387 0.35716 199.11 
0.36911 0.0955721 0.924459 473.53 -0.00319952 0.994823 -0.101569 -42.895 -0.92938 0.0345323 0.367505 199.23 
0.380748 0.0956646 0.919717 473.805 -0.00327738 0.994767 -0.102114 -42.9239 -0.924673 0.0358655 0.379069 199.353 
0.394768 0.095976 0.913754 474.083 -0.00552066 0.994759 -0.102099 -42.952 -0.918764 0.035261 0.393229 199.487 
0.410333 0.0976252 0.906695 474.359 -0.00883613 0.994632 -0.103095 -42.9804 -0.911893 0.0342915 0.408993 199.631 
0.427483 0.0993636 0.898546 474.636 -0.0130057 0.994514 -0.103789 -43.0094 -0.90393 0.0326816 0.42643 199.782 
0.446027 0.10125 0.889274 474.912 -0.0148974 0.994283 -0.105734 -43.0399 -0.894895 0.0339123 0.444986 199.937 
0.464684 0.103559 0.8794 475.184 -0.0166231 0.993983 -0.108268 -43.0717 -0.88532 0.0356921 0.463609 200.098 
0.48393 0.104688 0.868823 475.45 -0.0181015 0.993804 -0.109665 -43.1046 -0.87492 0.0373434 0.482826 200.264 
0.502927 0.107445 0.857625 475.707 -0.0242747 0.993608 -0.110246 -43.1365 -0.863988 0.0346271 0.50232 200.44 
0.516392 0.111928 0.849006 475.957 -0.0299502 0.993176 -0.112718 -43.165 -0.855829 0.0327786 0.51622 200.615 
0.521908 0.117055 0.844932 476.204 -0.0368011 0.992707 -0.114796 -43.1932 -0.852208 0.0288184 0.522409 200.786 
0.521138 0.118818 0.845161 476.452 -0.0390785 0.992545 -0.115442 -43.2234 -0.852577 0.0271336 0.521896 200.946 
0.516734 0.11992 0.847706 476.697 -0.0403222 0.992452 -0.115817 -43.2547 -0.855196 0.0256651 0.517669 201.095 
0.507595 0.120361 0.853147 476.938 -0.0396842 0.99241 -0.116397 -43.2849 -0.860681 0.0252263 0.508519 201.231 
0.494698 0.119715 0.86078 477.175 -0.0361829 0.992445 -0.117232 -43.3154 -0.868312 0.0268488 0.495292 201.354 
0.480185 0.11886 0.869077 477.411 -0.0318234 0.992485 -0.118155 -43.3477 -0.87659 0.0290796 0.480359 201.467 
0.462726 0.117228 0.878716 477.65 -0.0263678 0.9926 -0.118536 -43.38 -0.886109 0.0316799 0.462392 201.571 
0.442812 0.116698 0.888988 477.891 -0.022965 0.992645 -0.118866 -43.4113 -0.89632 0.0322197 0.442235 201.673 
0.422137 0.116762 0.898981 478.137 -0.0210466 0.992666 -0.119047 -43.4418 -0.906288 0.0313334 0.421498 201.772 
0.40128 0.11664 0.908499 478.39 -0.0199075 0.992735 -0.118661 -43.4731 -0.915739 0.0295305 0.400687 201.869 
0.381204 0.115783 0.917212 478.653 -0.0176819 0.992858 -0.117983 -43.5052 -0.924322 0.0287576 0.380529 201.963 
0.36291 0.114544 0.924757 478.922 -0.0127092 0.992932 -0.118001 -43.5393 -0.931737 0.0310709 0.361801 202.049 
0.346519 0.11336 0.931168 479.194 -0.00688168 0.992952 -0.118321 -43.5745 -0.938018 0.0345923 0.344857 202.129 
0.331351 0.112401 0.936788 479.465 -0.00291198 0.992996 -0.118115 -43.6087 -0.943503 0.0364096 0.329358 202.209 
0.317911 0.11232 0.941444 479.733 -0.00257885 0.993057 -0.117607 -43.6404 -0.948117 0.0349606 0.315993 202.292 
0.307679 0.110539 0.945048 479.998 -0.00148608 0.993283 -0.115697 -43.6719 -0.951489 0.0341931 0.305776 202.369 
0.298825 0.10768 0.948213 480.259 0.000314459 0.993602 -0.112934 -43.7028 -0.954308 0.0340456 0.296879 202.443 
0.29193 0.106305 0.950513 480.51 0.00198417 0.993735 -0.111748 -43.7317 -0.956437 0.0345087 0.28989 202.514 
0.289812 0.106336 0.951158 480.751 0.00321454 0.993695 -0.112071 -43.7588 -0.957078 0.0355369 0.287643 202.585 
0.292354 0.106813 0.950326 480.981 0.00310769 0.993631 -0.112637 -43.7854 -0.956305 0.0358831 0.29016 202.657 
0.298593 0.105831 0.948495 481.202 0.00425918 0.993675 -0.112213 -43.8109 -0.954371 0.0375456 0.296253 202.731 
0.308395 0.104249 0.945529 481.413 0.00595772 0.993746 -0.111509 -43.8348 -0.95124 0.0400219 0.305845 202.804 
0.320156 0.103666 0.941676 481.612 0.00386887 0.993844 -0.110724 -43.8579 -0.947357 0.0390923 0.317784 202.883 
0.333194 0.105533 0.936934 481.793 -0.00221665 0.993801 -0.11115 -43.8806 -0.942856 0.0349577 0.331362 202.968 
0.346716 0.107846 0.93175 481.962 -0.00784566 0.993667 -0.112093 -43.9029 -0.937937 0.0315543 0.345366 203.052 
0.360622 0.108177 0.926418 482.123 -0.0119271 0.993705 -0.111391 -43.9235 -0.932636 0.0291206 0.359642 203.133 
0.37494 0.106221 0.920944 482.277 -0.014466 0.993963 -0.108754 -43.9413 -0.926936 0.0274537 0.374213 203.213 
0.389721 0.104241 0.915015 482.419 -0.0134484 0.994111 -0.107524 -43.9575 -0.920835 0.029599 0.388828 203.284 
0.405442 0.103036 0.908295 482.548 -0.00418066 0.993826 -0.110872 -43.9749 -0.914111 0.0411551 0.40337 203.34 
0.42164 0.10584 0.900565 482.665 -0.000290026 0.99318 -0.116589 -43.9908 -0.906763 0.0488976 0.418796 203.4 
0.436691 0.108115 0.893091 482.773 -0.00310653 0.992927 -0.118682 -44.0042 -0.899606 0.0490531 0.433938 203.471 
0.450247 0.110035 0.886098 482.872 -0.0119688 0.993032 -0.117233 -44.0157 -0.892824 0.0421782 0.448427 203.551 
0.463546 0.110241 0.879188 482.968 -0.0188343 0.993232 -0.114611 -44.026 -0.885873 0.0365684 0.462485 203.627 
0.476327 0.109732 0.872394 483.061 -0.0219817 0.993358 -0.112945 -44.0363 -0.878993 0.0346221 0.475576 203.695 
0.488266 0.108659 0.865904 483.149 -0.0226455 0.993462 -0.111896 -44.0467 -0.872401 0.0350264 0.487534 203.758 
0.500064 0.108143 0.85921 483.232 -0.023716 0.99351 -0.111244 -44.0563 -0.865664 0.0352519 0.499383 203.819 
0.51121 0.10787 0.852659 483.31 -0.0247084 0.993527 -0.110877 -44.0648 -0.8591 0.0356138 0.510567 203.878 
0.521644 0.106602 0.846477 483.384 -0.0248014 0.993639 -0.109851 -44.0722 -0.852803 0.0363094 0.520969 203.935 
0.531109 0.10447 0.840839 483.456 -0.0245507 0.993851 -0.107974 -44.0794 -0.846948 0.0367025 0.530408 203.991 
0.538356 0.104905 0.836162 483.519 -0.0270629 0.993862 -0.107266 -44.0875 -0.842283 0.0351186 0.537891 204.044 
0.545481 0.109089 0.830993 483.565 -0.0340714 0.99356 -0.108065 -44.0972 -0.83743 0.0306345 0.545685 204.096 
0.55388 0.11588 0.824493 483.6 -0.0440624 0.992959 -0.109957 -44.1063 -0.83143 0.024574 0.555086 204.148 
0.559641 0.120834 0.819879 483.634 -0.0509708 0.992459 -0.111477 -44.113 -0.827166 0.020597 0.56158 204.193 
0.564371 0.120009 0.816752 483.676 -0.0508673 0.992552 -0.110691 -44.1186 -0.823953 0.0209247 0.566272 204.229 
0.571059 0.115026 0.81281 483.723 -0.0465629 0.993079 -0.107823 -44.1226 -0.819587 0.0237266 0.572463 204.259 
0.576316 0.110053 0.809783 483.769 -0.0419842 0.99357 -0.105151 -44.1262 -0.816148 0.0266019 0.57723 204.288 
0.580095 0.108281 0.807319 483.806 -0.0414661 0.993766 -0.103492 -44.1302 -0.813492 0.0265588 0.580969 204.32 
0.585028 0.109862 0.803537 483.835 -0.0456027 0.993671 -0.102656 -44.1341 -0.80973 0.0234133 0.586335 204.355 
0.589247 0.112886 0.800028 483.858 -0.0509571 0.993412 -0.102641 -44.1372 -0.806345 0.0197138 0.591117 204.388 
0.592114 0.11561 0.797518 483.88 -0.0549742 0.993145 -0.103153 -44.1396 -0.803977 0.0172357 0.594411 204.418 
