1 0 -0 0 -0 1 0 0 0 -0 1 -0 
0.999997 -0.00220345 -0.00135679 -0.00483051 0.00220747 0.999993 0.00296413 -0.0208756 0.00135024 -0.00296712 0.999995 1.51923 
0.999993 -0.00255247 -0.00276161 -0.0155459 0.00256291 0.99999 0.00378562 -0.0398854 0.00275192 -0.00379267 0.999989 3.02999 
0.99999 -0.00131933 -0.00420239 -0.0306326 0.00133439 0.999993 0.00358373 -0.0567575 0.00419763 -0.00358931 0.999985 4.53643 
0.999984 -0.000753674 -0.0056119 -0.0479466 0.000773063 0.999994 0.0034537 -0.0736865 0.00560926 -0.00345799 0.999978 6.03689 
0.999976 -0.00083744 -0.00686999 -0.0662425 0.000863258 0.999993 0.00375587 -0.090478 0.0068668 -0.00376171 0.999969 7.53284 
0.999962 -0.000986781 -0.00861803 -0.0844658 0.00102243 0.999991 0.00413288 -0.107074 0.00861387 -0.00414154 0.999954 9.02468 
0.999943 -0.00283478 -0.0102473 -0.104268 0.00286909 0.99999 0.00333456 -0.123409 0.0102377 -0.00336377 0.999942 10.512 
0.999924 -0.00399124 -0.0116903 -0.125225 0.00403448 0.999985 0.00367714 -0.140011 0.0116755 -0.00372403 0.999925 11.9956 
0.999909 -0.00369047 -0.012954 -0.150851 0.00373842 0.999986 0.00367868 -0.156968 0.0129403 -0.00372677 0.999909 13.4695 
0.999896 -0.00318041 -0.014077 -0.178233 0.00323287 0.999988 0.00370499 -0.172397 0.0140651 -0.00375012 0.999894 14.9426 
0.999893 -0.0018417 -0.0145386 -0.244747 0.00190373 0.999989 0.00425351 -0.202045 0.0145306 -0.00428073 0.999885 17.3844 
0.999887 -0.000493303 -0.0150479 -0.286847 0.000568624 0.999987 0.00500157 -0.22069 0.0150452 -0.00500956 0.999874 19.2246 
0.999877 0.000309345 -0.0156855 -0.326006 -0.000218269 0.999983 0.00580772 -0.23755 0.0156871 -0.00580359 0.99986 21.0267 
0.99987 0.000199845 -0.0161366 -0.363319 -0.000107475 0.999984 0.00572493 -0.253607 0.0161375 -0.00572245 0.999853 22.7905 
0.999862 0.000920001 -0.0165872 -0.404039 -0.000823242 0.999983 0.00583923 -0.269452 0.0165923 -0.00582476 0.999845 24.5555 
0.999859 0.00155121 -0.0167195 -0.441238 -0.00144495 0.999979 0.00636607 -0.284834 0.016729 -0.00634101 0.99984 26.2895 
0.99986 0.0025199 -0.0165428 -0.4822 -0.00239372 0.999968 0.00764278 -0.298495 0.0165615 -0.00760211 0.999834 27.9929 
0.99986 0.00277982 -0.0164777 -0.521272 -0.00267594 0.999976 0.0063227 -0.31281 0.0164949 -0.00627773 0.999844 29.6748 
0.999861 0.00320136 -0.016364 -0.560742 -0.00313136 0.999986 0.00430154 -0.327333 0.0163776 -0.0042497 0.999857 31.3417 
0.999871 0.00132257 -0.016001 -0.595192 -0.00125758 0.999991 0.00407081 -0.343375 0.0160062 -0.00405016 0.999864 32.9844 
0.999876 0.000418142 -0.0157429 -0.627959 -0.00031198 0.999977 0.00674534 -0.358699 0.0157453 -0.00673959 0.999853 34.6089 
0.999877 -0.00123255 -0.0156177 -0.658662 0.00135681 0.999967 0.00794831 -0.373842 0.0156074 -0.00796852 0.999846 36.2136 
0.999879 -0.00204369 -0.0153928 -0.689239 0.00215672 0.999971 0.00733017 -0.387571 0.0153773 -0.00736248 0.999855 37.7921 
0.999887 -0.00196186 -0.0149255 -0.720918 0.00204434 0.999983 0.00551279 -0.402756 0.0149145 -0.00554268 0.999873 39.3436 
0.999896 -0.00106559 -0.0143802 -0.754569 0.00113433 0.999988 0.00477288 -0.419227 0.0143749 -0.0047887 0.999885 40.8816 
0.999909 -0.000450589 -0.0135177 -0.783781 0.000502035 0.999993 0.00380267 -0.438805 0.0135159 -0.00380911 0.999901 42.394 
0.999925 0.000100082 -0.0122351 -0.811391 -4.06061e-05 0.999988 0.0048612 -0.457968 0.0122355 -0.00486034 0.999913 43.8837 
0.999942 0.000533463 -0.0107112 -0.837558 -0.000458783 0.999976 0.00697332 -0.477262 0.0107147 -0.006968 0.999918 45.3519 
0.999959 -7.55697e-05 -0.00905042 -0.857809 0.000148037 0.999968 0.00800669 -0.494369 0.00904952 -0.0080077 0.999927 46.795 
0.999977 0.000439976 -0.00674885 -0.87571 -0.000381665 0.999963 0.00863907 -0.509288 0.0067524 -0.0086363 0.99994 48.2166 
0.999994 0.000113668 -0.0034083 -0.888069 -8.62196e-05 0.999968 0.00805241 -0.524876 0.0034091 -0.00805207 0.999962 49.6122 
1 -0.000604232 0.000210369 -0.894711 0.000602897 0.99998 0.00629027 -0.540804 -0.000214165 -0.00629015 0.99998 50.985 
0.999993 -0.000732527 0.00363936 -0.897013 0.000716031 0.999989 0.00453178 -0.556796 -0.00364264 -0.00452915 0.999983 52.3455 
0.99997 -0.000548987 0.00776858 -0.893655 0.000508964 0.999987 0.00515304 -0.573621 -0.0077713 -0.00514893 0.999957 53.69 
0.999914 -0.00021885 0.01311 -0.883668 0.000152864 0.999987 0.005034 -0.591474 -0.0131109 -0.00503156 0.999901 55.0194 
0.999807 0.00146534 0.0196106 -0.869917 -0.00154666 0.99999 0.00413195 -0.607272 -0.0196043 -0.00416148 0.999799 56.3331 
0.999631 0.00284596 0.0270133 -0.845524 -0.00295928 0.999987 0.0041556 -0.622793 -0.0270011 -0.00423401 0.999626 57.638 
0.999365 0.00388203 0.0354276 -0.810035 -0.0040679 0.999978 0.00517597 -0.638755 -0.0354067 -0.0053168 0.999359 58.9272 
0.998932 0.0061944 0.0457868 -0.763713 -0.00646877 0.999962 0.00584661 -0.655098 -0.0457488 -0.00613655 0.998934 60.1965 
0.998239 0.0084301 0.0587236 -0.704799 -0.00878663 0.999944 0.00581575 -0.670263 -0.0586714 -0.00632149 0.998257 61.4435 
0.997234 0.0105045 0.0735739 -0.628323 -0.0109976 0.99992 0.00630089 -0.684727 -0.0735018 -0.0070926 0.99727 62.6746 
0.995882 0.0127317 0.0897608 -0.533543 -0.0134698 0.99988 0.0076217 -0.698264 -0.089653 -0.00879937 0.995934 63.8879 
0.994134 0.012788 0.107395 -0.414964 -0.0137719 0.99987 0.00842465 -0.711656 -0.107273 -0.00985427 0.994181 65.0832 
0.991901 0.0123535 0.126415 -0.274459 -0.0134122 0.999882 0.00752705 -0.724213 -0.126307 -0.00916159 0.991949 66.2559 
0.98913 0.0114181 0.146601 -0.112053 -0.0125336 0.999899 0.00668742 -0.734817 -0.146509 -0.00845216 0.989173 67.4103 
0.985846 0.008651 0.167429 0.0749875 -0.00987051 0.99993 0.00645296 -0.74513 -0.167361 -0.00801423 0.985863 68.548 
0.981935 0.00358941 0.189182 0.290087 -0.00529428 0.99995 0.00850719 -0.754187 -0.189142 -0.0093551 0.981905 69.6643 
0.977217 -0.00179754 0.212234 0.529842 -0.000325927 0.99995 0.00996992 -0.763864 -0.212241 -0.00981195 0.977168 70.7591 
0.971742 -0.00688241 0.235944 0.792901 0.00478399 0.999944 0.00946501 -0.773746 -0.235996 -0.0080688 0.971721 71.8263 
0.965279 -0.0129047 0.260902 1.08103 0.011293 0.999907 0.00767569 -0.782385 -0.260977 -0.00446283 0.965335 72.8693 
0.95778 -0.016517 0.287026 1.39055 0.0147279 0.999856 0.00839121 -0.790346 -0.287123 -0.00380965 0.957886 73.8934 
0.949186 -0.0191372 0.314134 1.7225 0.0165788 0.999804 0.0108142 -0.798996 -0.314279 -0.00505674 0.949317 74.8962 
0.939512 -0.023594 0.341702 2.08274 0.020108 0.999703 0.0137407 -0.805603 -0.341925 -0.00603858 0.939708 75.8751 
0.928603 -0.0266802 0.370113 2.4663 0.0233738 0.999637 0.0134164 -0.811542 -0.370337 -0.00380753 0.92889 76.827 
0.916525 -0.0260807 0.399126 2.86822 0.0242401 0.99966 0.00965908 -0.817887 -0.399242 0.000822037 0.916845 77.7528 
0.903493 -0.0272319 0.427737 3.2995 0.028096 0.999596 0.00429308 -0.822986 -0.427681 0.00813894 0.903893 78.6509 
0.88933 -0.0291869 0.456333 3.75786 0.0317807 0.999493 0.00199101 -0.831155 -0.456159 0.0127319 0.889807 79.5283 
0.873693 -0.0298689 0.485559 4.24073 0.0311938 0.999499 0.00535483 -0.840675 -0.485476 0.010468 0.874187 80.3915 
0.856037 -0.0287973 0.516112 4.74462 0.02691 0.999576 0.0111393 -0.849892 -0.516214 0.00435297 0.856449 81.2366 
0.836429 -0.0290535 0.547304 5.27386 0.0249469 0.999577 0.0149367 -0.859238 -0.547506 0.00116003 0.836801 82.0531 
0.815339 -0.0229058 0.578531 5.82314 0.0209249 0.99973 0.0100923 -0.863703 -0.578606 0.00387703 0.815598 82.8403 
0.793427 -0.0161004 0.608453 6.39798 0.0179723 0.999834 0.00302083 -0.868318 -0.6084 0.00853847 0.793585 83.6015 
0.771032 -0.0138427 0.636645 7.00419 0.0171164 0.999853 0.00101051 -0.874773 -0.636566 0.0101179 0.771156 84.3375 
0.747785 -0.0163669 0.663739 7.63986 0.0181234 0.999827 0.00423608 -0.885855 -0.663693 0.00886154 0.747952 85.05 
0.723397 -0.0166564 0.690231 8.29399 0.0182783 0.999821 0.00497073 -0.900171 -0.69019 0.00902042 0.723572 85.7331 
0.698085 -0.0147831 0.715863 8.96443 0.0188378 0.99982 0.002277 -0.911952 -0.715767 0.0118958 0.698237 86.3837 
0.671896 -0.0123902 0.740542 9.65175 0.0186232 0.999827 -0.000168536 -0.920955 -0.740411 0.0139045 0.67201 87.0081 
0.644991 -0.0101311 0.764123 10.3615 0.0168894 0.999857 -0.000999581 -0.933344 -0.764003 0.0135503 0.64507 87.6085 
0.617089 -0.00880277 0.786844 11.0963 0.0168458 0.999856 -0.00202562 -0.948423 -0.786713 0.014505 0.617149 88.1841 
0.588479 -0.00230338 0.808509 11.8503 0.0153505 0.999848 -0.00832446 -0.964662 -0.808367 0.0173098 0.588424 88.735 
0.558537 0.00698171 0.82945 12.6258 0.0140918 0.99974 -0.0179043 -0.983699 -0.82936 0.0216887 0.558294 89.2621 
0.527821 0.0153326 0.849217 13.4276 0.0129195 0.999576 -0.0260773 -1.00769 -0.849258 0.0247356 0.527399 89.764 
0.496093 0.020183 0.868035 14.2544 0.0103543 0.999521 -0.0291578 -1.03769 -0.868208 0.0234528 0.495646 90.2437 
0.463736 0.0196906 0.885754 15.106 0.00827245 0.999613 -0.0265528 -1.07283 -0.885935 0.0196409 0.463394 90.6954 
0.430583 0.0183103 0.902365 15.9785 0.00349157 0.999753 -0.0219525 -1.10831 -0.902544 0.0126031 0.430413 91.1218 
0.396316 0.0194516 0.917908 16.8685 -0.000805177 0.999783 -0.0208389 -1.14366 -0.918114 0.00751973 0.396246 91.5156 
0.361091 0.0223748 0.932262 17.7761 -0.00817911 0.99975 -0.0208266 -1.17552 -0.932495 -0.000104793 0.361183 91.8851 
0.325192 0.0243124 0.945335 18.7044 -0.0132349 0.999689 -0.0211575 -1.20424 -0.945555 -0.0056312 0.325412 92.2211 
0.289075 0.0236916 0.957013 19.6549 -0.0159995 0.999674 -0.0199149 -1.23386 -0.957173 -0.00955481 0.28936 92.5205 
0.252789 0.0232303 0.967242 20.6231 -0.0169016 0.999665 -0.0195918 -1.26393 -0.967374 -0.0113954 0.253097 92.7821 
0.21688 0.0226586 0.975935 21.6054 -0.016313 0.999675 -0.0195846 -1.29358 -0.976062 -0.0116729 0.217179 93.0045 
0.18156 0.0214031 0.983147 22.6006 -0.0141821 0.999716 -0.0191448 -1.31985 -0.983278 -0.0104672 0.181812 93.1889 
0.147066 0.0204849 0.988914 23.6061 -0.00610863 0.999785 -0.0198016 -1.35065 -0.989108 -0.00312876 0.14716 93.3309 
0.113424 0.0239254 0.993259 24.6149 -0.00402043 0.999713 -0.0236218 -1.38286 -0.993539 -0.00131405 0.113487 93.4433 
0.0808676 0.0289081 0.996306 25.6279 -0.00320042 0.999582 -0.0287433 -1.41536 -0.99672 -0.000864194 0.0809263 93.5276 
0.0518524 0.032825 0.998115 26.6439 0.00360426 0.999447 -0.033056 -1.45169 -0.998648 0.0053115 0.0517054 93.574 
0.0263892 0.0310097 0.999171 27.6682 0.00541395 0.9995 -0.0311629 -1.48938 -0.999637 0.00623183 0.0262081 93.5979 
0.00411362 0.027958 0.999601 28.6974 0.0070672 0.999583 -0.0279866 -1.52895 -0.999967 0.0071795 0.00391432 93.6024 
-0.0147152 0.0253395 0.999571 29.7262 0.00747156 0.999654 -0.0252316 -1.56795 -0.999864 0.00709707 -0.0148995 93.5871 
-0.0312282 0.0284793 0.999106 30.7549 0.00905718 0.999561 -0.0282091 -1.60546 -0.999471 0.00816816 -0.0314724 93.5556 
-0.0458479 0.032807 0.99841 31.7789 0.0118971 0.999408 -0.0322935 -1.64272 -0.998878 0.0103975 -0.046211 93.5074 
-0.0576717 0.0380806 0.997609 32.8036 0.0163716 0.999174 -0.0371939 -1.68375 -0.998201 0.0141874 -0.0582475 93.4422 
-0.0665363 0.0415937 0.996917 33.8338 0.0217979 0.998953 -0.0402238 -1.72968 -0.997546 0.0190544 -0.0673733 93.3673 
-0.0722347 0.0469315 0.996283 34.8617 0.0256774 0.998649 -0.0451813 -1.78149 -0.997057 0.0223183 -0.0733422 93.2869 
-0.0757582 0.0516746 0.995786 35.8916 0.0275725 0.998383 -0.0497116 -1.83601 -0.996745 0.0236902 -0.0770605 93.2069 
-0.078486 0.0557697 0.995354 36.9226 0.0297011 0.998122 -0.0535827 -1.89561 -0.996473 0.0253577 -0.079995 93.1222 
-0.0810826 0.0587101 0.994977 37.954 0.0300691 0.997953 -0.0564353 -1.95894 -0.996254 0.0253421 -0.082682 93.0367 
-0.0834745 0.0621686 0.994569 38.9829 0.0310733 0.997729 -0.0597582 -2.02651 -0.996025 0.0259163 -0.0852167 92.9508 
-0.0854458 0.0659147 0.99416 40.0116 0.0323292 0.997467 -0.0633553 -2.09607 -0.995818 0.0267269 -0.0873604 92.8604 
-0.0875803 0.0673713 0.993877 41.0444 0.0349725 0.997303 -0.0645218 -2.16708 -0.995543 0.0291075 -0.0897003 92.7671 
-0.0896748 0.0660809 0.993777 42.0806 0.0350839 0.997387 -0.0631551 -2.24073 -0.995353 0.0292022 -0.0917589 92.6739 
-0.0920758 0.0657091 0.993582 43.1183 0.0345147 0.997431 -0.0627652 -2.31434 -0.995154 0.028514 -0.0941072 92.5813 
-0.0943464 0.0671371 0.993273 44.1551 0.0343937 0.997348 -0.0641456 -2.38542 -0.994945 0.0281105 -0.0964052 92.4858 
-0.096786 0.0693194 0.992888 45.1991 0.0332544 0.99724 -0.0663816 -2.45811 -0.99475 0.0265931 -0.098824 92.3871 
-0.0994895 0.0714751 0.992468 46.2455 0.0317364 0.997137 -0.06863 -2.53644 -0.994532 0.0246694 -0.101473 92.2874 
-0.101984 0.0750194 0.991953 47.292 0.0294601 0.996943 -0.0723679 -2.61746 -0.99435 0.0218427 -0.103882 92.1842 
-0.10419 0.0791585 0.991402 48.3402 0.02611 0.996702 -0.0768377 -2.70173 -0.994215 0.0178798 -0.105913 92.0796 
-0.106801 0.08152 0.990933 49.3919 0.0238908 0.996556 -0.0794077 -2.78826 -0.993993 0.0151934 -0.108381 91.971 
-0.109591 0.0800401 0.990749 50.4508 0.0219364 0.996705 -0.0780948 -2.8762 -0.993735 0.013175 -0.110986 91.8588 
-0.112545 0.0758132 0.99075 51.5149 0.0188998 0.997068 -0.0741497 -2.96423 -0.993467 0.0103797 -0.113648 91.7455 
-0.114912 0.0742261 0.990599 52.5797 0.0191215 0.997185 -0.0725015 -3.04971 -0.993192 0.0106104 -0.116007 91.6255 
-0.116786 0.0746086 0.990351 53.64 0.0184383 0.997165 -0.0729477 -3.135 -0.992986 0.0097411 -0.117831 91.5028 
-0.118037 0.0774399 0.989985 54.6997 0.0198876 0.996939 -0.0756126 -3.21953 -0.99281 0.0107633 -0.119216 91.3779 
-0.118783 0.0802277 0.989674 55.7612 0.0203231 0.996718 -0.0783595 -3.30585 -0.992712 0.0108054 -0.120024 91.2538 
-0.119137 0.0809107 0.989576 56.8224 0.0190281 0.996677 -0.0792005 -3.39473 -0.992695 0.00939401 -0.120281 91.1303 
-0.118953 0.0796869 0.989697 57.8911 0.0160132 0.996799 -0.0783341 -3.48431 -0.992771 0.00653015 -0.119848 91.0044 
-0.119052 0.0789996 0.98974 58.9562 0.0121245 0.996871 -0.0781104 -3.57547 -0.992814 0.00270086 -0.119638 90.8847 
-0.119137 0.0801161 0.98964 60.0235 0.00826791 0.996785 -0.0796992 -3.66664 -0.992843 -0.00131285 -0.119416 90.766 
-0.119423 0.0802951 0.989591 61.0943 0.0040281 0.996755 -0.0803903 -3.75739 -0.992835 -0.00561428 -0.119359 90.6469 
-0.119775 0.0797615 0.989592 62.1703 0.000608559 0.996773 -0.0802667 -3.84992 -0.992801 -0.00901171 -0.119437 90.5275 
-0.120076 0.0746727 0.989952 63.2548 0.000926498 0.997175 -0.0751051 -3.93861 -0.992764 -0.00810117 -0.119806 90.4012 
-0.120398 0.066064 0.990525 64.3464 0.00404493 0.997808 -0.066058 -4.02284 -0.992717 -0.00394664 -0.120401 90.2702 
-0.120191 0.0607326 0.990891 65.4384 0.0094845 0.998152 -0.0600272 -4.10255 -0.992705 0.00218339 -0.120545 90.1343 
-0.119332 0.0631892 0.990842 66.5257 0.0178102 0.997948 -0.0614975 -4.17489 -0.992695 0.0103085 -0.120212 89.9927 
-0.118163 0.0689107 0.9906 67.6135 0.0233031 0.997507 -0.0666114 -4.24715 -0.992721 0.0152131 -0.119474 89.8557 
-0.117249 0.0746484 0.990293 68.7057 0.026907 0.997044 -0.0719715 -4.32672 -0.992738 0.0182072 -0.118911 89.7224 
-0.116493 0.0790813 0.990038 69.8043 0.0276465 0.996697 -0.0763601 -4.41292 -0.992807 0.0184756 -0.118295 89.5915 
-0.116341 0.0762531 0.990278 70.9158 0.0246468 0.996963 -0.0738723 -4.49875 -0.992903 0.0158128 -0.117867 89.465 
-0.116019 0.0716951 0.990656 72.0315 0.0238147 0.997306 -0.0693873 -4.58664 -0.992961 0.0155419 -0.117414 89.3362 
-0.115841 0.0696881 0.99082 73.1501 0.0213875 0.997479 -0.067656 -4.6697 -0.993038 0.0133539 -0.117039 89.21 
-0.11565 0.0704126 0.990791 74.2679 0.0195333 0.997453 -0.068606 -4.75108 -0.993098 0.0114191 -0.116731 89.0847 
-0.11537 0.0756834 0.990435 75.3864 0.020564 0.997061 -0.0737943 -4.83562 -0.99311 0.0118536 -0.116588 88.9554 
-0.114724 0.0783468 0.990303 76.5087 0.0201977 0.996863 -0.0765259 -4.92247 -0.993192 0.0112225 -0.115947 88.8263 
-0.114318 0.07733 0.99043 77.6418 0.0203587 0.996939 -0.0754884 -5.01195 -0.993236 0.0115341 -0.115543 88.697 
-0.113678 0.0705564 0.991009 78.7826 0.02204 0.997409 -0.0684838 -5.1032 -0.993273 0.0140568 -0.114938 88.5641 
-0.113982 0.0690236 0.991082 79.9227 0.0213778 0.997523 -0.0670136 -5.18827 -0.993253 0.0135488 -0.115175 88.4361 
-0.113723 0.0721492 0.990889 81.0604 0.0189688 0.997336 -0.0704415 -5.27129 -0.993331 0.0107851 -0.114789 88.3123 
-0.113395 0.0753151 0.990691 82.2048 0.0183936 0.997111 -0.0736978 -5.35595 -0.99338 0.00986535 -0.114453 88.1847 
-0.113457 0.074796 0.990724 83.3573 0.0175376 0.997158 -0.0732734 -5.44581 -0.993388 0.00906155 -0.114446 88.0593 
-0.11316 0.0712964 0.991015 84.5196 0.0171608 0.997414 -0.0697972 -5.53632 -0.993429 0.0091084 -0.114091 87.9299 
-0.112352 0.0701458 0.991189 85.6833 0.0178583 0.997487 -0.0685672 -5.62649 -0.993508 0.00999734 -0.113322 87.8006 
-0.111142 0.0706362 0.991291 86.852 0.0194322 0.997435 -0.0688952 -5.71349 -0.993614 0.0116058 -0.11223 87.6697 
-0.110033 0.0709252 0.991394 88.0263 0.0219809 0.99738 -0.0689138 -5.80002 -0.993685 0.014209 -0.111304 87.5378 
-0.108929 0.0703418 0.991558 89.2058 0.0217029 0.997424 -0.0683737 -5.88863 -0.993813 0.0140718 -0.110175 87.4103 
-0.107569 0.0710954 0.991652 90.3887 0.0229401 0.997352 -0.0690156 -5.97589 -0.993933 0.0153247 -0.108915 87.2845 
-0.106376 0.0693425 0.991905 91.5805 0.0231299 0.997468 -0.0672508 -6.06411 -0.994057 0.0157888 -0.107711 87.1595 
-0.105318 0.0685255 0.992075 92.7748 0.0215912 0.997545 -0.0666113 -6.15195 -0.994204 0.0144047 -0.106539 87.0391 
-0.103918 0.06783 0.99227 93.9751 0.0227924 0.997572 -0.0658054 -6.23674 -0.994325 0.0157779 -0.105211 86.9155 
-0.102355 0.0685992 0.99238 95.1761 0.0210406 0.997545 -0.0667862 -6.32525 -0.994525 0.0140443 -0.103547 86.7973 
-0.100793 0.0713001 0.992349 96.3858 0.0215824 0.997351 -0.0694674 -6.41295 -0.994673 0.0144154 -0.102064 86.6783 
-0.0997217 0.0702002 0.992536 97.6055 0.019584 0.997453 -0.0685803 -6.5015 -0.994823 0.0125989 -0.100843 86.5612 
-0.0992593 0.0688544 0.992677 98.8262 0.0160739 0.997584 -0.0675876 -6.59432 -0.994932 0.00924753 -0.100126 86.4482 
-0.0991765 0.0699357 0.992609 100.046 0.0134104 0.99753 -0.0689425 -6.68302 -0.994979 0.0064738 -0.0998695 86.3345 
-0.0995607 0.0693406 0.992612 101.277 0.0107211 0.997586 -0.0686127 -6.77298 -0.994974 0.00381077 -0.100064 86.2196 
-0.100704 0.0667163 0.992677 102.516 0.00811917 0.997771 -0.066235 -6.86568 -0.994883 0.00138958 -0.101021 86.1045 
-0.102016 0.0652241 0.992642 103.756 0.0059885 0.99787 -0.0649522 -6.95682 -0.994765 -0.000681749 -0.10219 85.9861 
-0.103362 0.0644636 0.992553 104.996 0.00411686 0.997917 -0.0643833 -7.04671 -0.994635 -0.00256862 -0.103413 85.8647 
-0.105014 0.0646512 0.992367 106.237 0.00415856 0.997904 -0.0645719 -7.13677 -0.994462 -0.00265412 -0.105063 85.7391 
-0.10732 0.0633662 0.992203 107.485 0.00371033 0.997985 -0.0633341 -7.22452 -0.994218 -0.0031156 -0.107339 85.6097 
-0.11041 0.0585379 0.992161 108.732 0.00100031 0.99827 -0.0587871 -7.31249 -0.993886 -0.00549821 -0.110278 85.4798 
-0.114626 0.0585224 0.991683 109.971 0.000483262 0.998266 -0.058855 -7.39877 -0.993409 -0.00626707 -0.114456 85.345 
-0.120276 0.0643143 0.990655 111.2 -0.00467499 0.997852 -0.0653491 -7.48539 -0.992729 -0.0124912 -0.119717 85.2128 
-0.127489 0.0674402 0.989544 112.429 -0.00387989 0.997644 -0.0684921 -7.5747 -0.991832 -0.0125713 -0.126927 85.0637 
-0.136515 0.063372 0.988609 113.659 -0.00208723 0.997931 -0.0642578 -7.66833 -0.990636 -0.0108356 -0.136101 84.8996 
-0.147475 0.0610952 0.987177 114.891 -9.35241e-05 0.99809 -0.0617846 -7.76208 -0.989066 -0.00920401 -0.147188 84.7229 
-0.160399 0.0620795 0.985098 116.111 0.000206599 0.998022 -0.0628603 -7.85004 -0.987052 -0.00987919 -0.160094 84.5344 
-0.174661 0.0623232 0.982654 117.317 0.00217802 0.998017 -0.0629104 -7.93629 -0.984626 -0.00884777 -0.174451 84.3305 
-0.189114 0.060045 0.980118 118.513 0.00272669 0.998157 -0.060624 -8.02479 -0.981951 -0.00879235 -0.188929 84.108 
-0.204388 0.0626588 0.976883 119.7 0.00700952 0.998017 -0.0625479 -8.11205 -0.978865 -0.00593656 -0.204422 83.8621 
-0.219484 0.0658188 0.973393 120.872 0.007502 0.997806 -0.065778 -8.20139 -0.975587 -0.00713481 -0.219496 83.6059 
-0.234712 0.069692 0.969563 122.032 0.00742055 0.997526 -0.0699055 -8.29152 -0.972037 -0.00921297 -0.234648 83.3337 
-0.250788 0.0675459 0.965683 123.191 0.00389869 0.997625 -0.0687677 -8.38393 -0.968034 -0.0134812 -0.250456 83.0492 
-0.266852 0.061823 0.961753 124.347 -0.0017571 0.997907 -0.0646347 -8.47561 -0.963736 -0.0189378 -0.266185 82.7476 
-0.282501 0.0578014 0.957524 125.496 -0.00568596 0.998065 -0.0619262 -8.56354 -0.95925 -0.0229387 -0.281626 82.4266 
-0.297757 0.0592353 0.952802 126.638 -0.00754815 0.997896 -0.0643976 -8.64909 -0.954612 -0.0263668 -0.296684 82.0868 
-0.312205 0.0611254 0.948046 127.768 -0.00783762 0.997728 -0.0669097 -8.73581 -0.949982 -0.02832 -0.311017 81.7282 
-0.326164 0.0633459 0.943188 128.892 -0.00621132 0.997587 -0.0691473 -8.82708 -0.945293 -0.0284118 -0.324984 81.3502 
-0.340168 0.0631801 0.93824 130.009 -0.00413128 0.99763 -0.0686773 -8.91968 -0.940356 -0.0272379 -0.339101 80.9525 
-0.354288 0.061118 0.933137 131.121 -0.00444194 0.997741 -0.0670359 -9.01274 -0.935126 -0.0278949 -0.353216 80.5415 
-0.368763 0.0597015 0.927604 132.226 -0.00480921 0.997799 -0.0661312 -9.10474 -0.929511 -0.0288478 -0.367664 80.1129 
-0.383583 0.0610019 0.92149 133.322 -0.00627738 0.997621 -0.0686548 -9.196 -0.923485 -0.0321193 -0.382287 79.672 
-0.398443 0.0631315 0.915018 134.408 -0.00541133 0.997449 -0.0711752 -9.28678 -0.917177 -0.0333107 -0.397085 79.2104 
-0.413136 0.0647804 0.908362 135.488 -0.00428821 0.997317 -0.0730746 -9.38098 -0.910659 -0.034085 -0.41175 78.7296 
-0.427561 0.0673268 0.901476 136.562 -0.00153955 0.997167 -0.0752037 -9.47843 -0.903985 -0.033542 -0.426246 78.2267 
-0.442405 0.0707267 0.894022 137.633 -0.00174451 0.996816 -0.079722 -9.57816 -0.896814 -0.0368291 -0.440873 77.7089 
-0.457469 0.0730336 0.886221 138.703 -0.000677205 0.996593 -0.0824789 -9.67943 -0.889225 -0.0383317 -0.455861 77.1686 
-0.472843 0.0703674 0.878332 139.775 -0.00200037 0.996718 -0.0809287 -9.78268 -0.881144 -0.0400236 -0.471151 76.6064 
-0.488861 0.0658787 0.86987 140.846 -0.00488369 0.996922 -0.0782455 -9.88764 -0.872348 -0.0424994 -0.487035 76.0248 
-0.50499 0.0659843 0.860599 141.905 -0.00535958 0.996815 -0.0795732 -9.98994 -0.863109 -0.0447961 -0.503027 75.4221 
-0.52099 0.0650507 0.85108 142.958 -0.00673369 0.996747 -0.0803065 -10.0915 -0.853536 -0.0475698 -0.518857 74.7967 
-0.536892 0.0639112 0.841227 144.002 -0.00734834 0.996734 -0.0804156 -10.1971 -0.843619 -0.0493561 -0.534669 74.1493 
-0.552561 0.063352 0.831062 145.037 -0.00867788 0.996616 -0.081742 -10.3051 -0.833428 -0.0523793 -0.550141 73.4805 
-0.567995 0.0626059 0.820647 146.065 -0.0091196 0.996563 -0.0823381 -10.4135 -0.822982 -0.0542516 -0.565472 72.7883 
-0.583264 0.0597945 0.810079 147.083 -0.00970759 0.996703 -0.0805593 -10.522 -0.812225 -0.0548513 -0.58076 72.0721 
-0.598296 0.0562414 0.799299 148.094 -0.00964978 0.996956 -0.0773723 -10.6297 -0.801217 -0.0540046 -0.595932 71.3316 
-0.613183 0.0545815 0.788053 149.094 -0.00876946 0.997078 -0.0758824 -10.7348 -0.789892 -0.0534406 -0.610913 70.5691 
-0.627945 0.0527236 0.776469 150.081 -0.00980569 0.997087 -0.075634 -10.8386 -0.778196 -0.0551079 -0.625599 69.7883 
-0.642735 0.0536928 0.764204 151.054 -0.0111759 0.996778 -0.0794328 -10.9466 -0.766007 -0.0595949 -0.640064 68.9896 
-0.658079 0.0530304 0.751079 152.019 -0.0133536 0.996538 -0.0820613 -11.0546 -0.752831 -0.0640324 -0.655092 68.1707 
-0.673885 0.0497179 0.737162 152.974 -0.0152358 0.996586 -0.0811427 -11.1669 -0.73868 -0.0659121 -0.670826 67.326 
-0.690137 0.042011 0.722458 153.92 -0.0189423 0.996923 -0.076066 -11.2793 -0.723431 -0.066181 -0.687217 66.4564 
-0.706938 0.0395028 0.706172 154.842 -0.0197902 0.996943 -0.0755801 -11.3893 -0.706999 -0.0674057 -0.703995 65.563 
-0.724378 0.0367799 0.688421 155.749 -0.0215893 0.996876 -0.0759764 -11.4934 -0.689065 -0.0698981 -0.721321 64.6421 
-0.741795 0.0329822 0.669815 156.636 -0.024682 0.99677 -0.0764161 -11.6031 -0.670172 -0.0732174 -0.738586 63.7004 
-0.758557 0.0309648 0.650871 157.503 -0.0244328 0.996816 -0.0758981 -11.7095 -0.651149 -0.0734757 -0.755385 62.7274 
-0.774542 0.0329526 0.631663 158.327 -0.0222387 0.996606 -0.07926 -11.8234 -0.632131 -0.0754377 -0.771181 61.7448 
-0.789733 0.0323376 0.612597 159.141 -0.0190279 0.996838 -0.0771507 -11.932 -0.613155 -0.0725849 -0.786621 60.7221 
-0.804286 0.0336946 0.593287 159.919 -0.0148904 0.996935 -0.0768051 -12.047 -0.594056 -0.0706075 -0.801319 59.6855 
-0.818702 0.0346874 0.57317 160.675 -0.0133422 0.996755 -0.0793799 -12.1585 -0.574063 -0.0726358 -0.815583 58.6322 
-0.832531 0.0362772 0.552789 161.404 -0.0123184 0.996395 -0.0839413 -12.2731 -0.553841 -0.0766932 -0.829083 57.5662 
-0.845483 0.0368206 0.532732 162.109 -0.00949291 0.996426 -0.0839355 -12.3896 -0.533918 -0.0760232 -0.842112 56.4776 
-0.857264 0.0348155 0.513699 162.789 -0.00833471 0.996642 -0.0814555 -12.5089 -0.51481 -0.0741104 -0.854095 55.3721 
-0.867771 0.0364157 0.495629 163.442 -0.00564891 0.996524 -0.0831087 -12.6272 -0.496933 -0.074919 -0.864549 54.255 
-0.877328 0.0392091 0.478286 164.068 -0.00287132 0.99621 -0.0869346 -12.7426 -0.479882 -0.0776434 -0.87389 53.1298 
-0.886416 0.0369753 0.46141 164.68 -0.00447174 0.996074 -0.0884116 -12.8655 -0.462867 -0.0804328 -0.882771 51.9941 
-0.89466 0.0341115 0.445443 165.271 -0.00567787 0.996132 -0.0876865 -12.9899 -0.446711 -0.0809788 -0.891006 50.8435 
-0.901948 0.0319939 0.430658 165.842 -0.00665838 0.996103 -0.0879461 -13.1163 -0.431794 -0.0821903 -0.89822 49.6862 
-0.908619 0.0299583 0.416551 166.395 -0.00719396 0.996153 -0.0873353 -13.2417 -0.417565 -0.0823511 -0.904908 48.5192 
-0.914866 0.0273561 0.40283 166.93 -0.00833578 0.99621 -0.086584 -13.3661 -0.403671 -0.0825706 -0.91117 47.3427 
-0.920582 0.0222897 0.389913 167.452 -0.0109334 0.996508 -0.08278 -13.4886 -0.390396 -0.0804688 -0.917123 46.1567 
-0.925701 0.0188951 0.377783 167.955 -0.0120951 0.996762 -0.0794909 -13.6075 -0.378062 -0.0781542 -0.922475 44.9642 
-0.930018 0.019099 0.367018 168.437 -0.00957142 0.997051 -0.0761386 -13.7208 -0.36739 -0.0743231 -0.927092 43.7638 
-0.933212 0.0232433 0.358573 168.901 -0.00513389 0.996941 -0.0779846 -13.8312 -0.359289 -0.0746171 -0.930238 42.565 
-0.93544 0.0283959 0.352343 169.352 0.000305134 0.996833 -0.0795262 -13.9414 -0.353486 -0.0742845 -0.932486 41.3658 
-0.937283 0.0317747 0.347117 169.797 0.00345302 0.996634 -0.0819068 -14.0535 -0.348551 -0.0755713 -0.934238 40.1646 
-0.939111 0.0289469 0.342392 170.245 0.0012711 0.996731 -0.0807803 -14.1671 -0.343611 -0.0754265 -0.936078 38.9622 
-0.940961 0.0216405 0.337822 170.693 -0.00473804 0.997015 -0.077065 -14.2799 -0.338481 -0.0741158 -0.93805 37.756 
-0.94279 0.0154351 0.333029 171.137 -0.0102505 0.997113 -0.0752323 -14.3891 -0.333229 -0.074342 -0.93991 36.5493 
-0.944436 0.00901504 0.328571 171.575 -0.0171457 0.996912 -0.0766357 -14.4954 -0.328247 -0.0780112 -0.941365 35.3462 
-0.945689 0.00662155 0.325005 172.004 -0.0202802 0.996643 -0.0793158 -14.604 -0.324439 -0.0815993 -0.94238 34.1406 
-0.946418 0.00700786 0.322868 172.425 -0.0204877 0.996448 -0.0816833 -14.7163 -0.322293 -0.0839213 -0.942913 32.9335 
-0.946672 0.0076677 0.322106 172.842 -0.0203679 0.996293 -0.0835782 -14.8311 -0.321553 -0.0856818 -0.943007 31.7282 
-0.946551 0.0104952 0.322383 173.256 -0.0179878 0.996198 -0.0852454 -14.9487 -0.322052 -0.086488 -0.942763 30.5209 
-0.946148 0.0114547 0.323531 173.674 -0.0175909 0.996078 -0.0867099 -15.0681 -0.323255 -0.0877316 -0.942236 29.317 
-0.945661 0.0125443 0.324913 174.094 -0.017184 0.995931 -0.0884652 -15.1897 -0.324701 -0.0892414 -0.941597 28.1125 
-0.94499 0.013976 0.326801 174.515 -0.0157273 0.99599 -0.0880724 -15.3118 -0.326722 -0.0883672 -0.94098 26.9104 
-0.944119 0.0135419 0.329328 174.94 -0.0164999 0.995961 -0.0882559 -15.4353 -0.329193 -0.0887579 -0.940082 25.7149 
-0.942835 0.0123987 0.333029 175.369 -0.0180629 0.995938 -0.0882164 -15.5569 -0.33277 -0.089189 -0.938781 24.5262 
-0.941178 0.0109941 0.337733 175.803 -0.0191919 0.996118 -0.0859095 -15.6769 -0.337366 -0.0873378 -0.937313 23.3405 
-0.939117 0.00883261 0.343484 176.245 -0.0209647 0.996334 -0.08294 -15.7956 -0.342957 -0.0850914 -0.935489 22.1603 
-0.936575 0.00654567 0.350407 176.692 -0.0229546 0.996533 -0.0799689 -15.9093 -0.349715 -0.0829403 -0.933177 20.9875 
-0.933811 0.00895006 0.357654 177.141 -0.0209783 0.996597 -0.0797124 -16.0218 -0.35715 -0.0819393 -0.930446 19.8212 
-0.930512 0.00940101 0.36614 177.601 -0.021263 0.996598 -0.0796265 -16.1316 -0.365643 -0.0818786 -0.927147 18.6629 
-0.926701 0.0126875 0.375585 178.069 -0.0195811 0.996442 -0.0819738 -16.2423 -0.375289 -0.0833196 -0.923156 17.5117 
-0.922459 0.0140035 0.38584 178.551 -0.0186972 0.996549 -0.0808693 -16.3516 -0.385641 -0.0818127 -0.919015 16.3645 
-0.917468 0.0159906 0.397488 179.05 -0.018187 0.996461 -0.0820654 -16.4644 -0.397394 -0.0825215 -0.91393 15.2242 
-0.911663 0.0181671 0.410538 179.562 -0.0175132 0.996397 -0.0829834 -16.5768 -0.410566 -0.0828427 -0.90806 14.0891 
-0.905543 0.0206453 0.423751 180.093 -0.0160644 0.99643 -0.0828756 -16.6896 -0.42395 -0.0818548 -0.901979 12.9574 
-0.899266 0.0199865 0.436946 180.644 -0.0166759 0.996663 -0.079909 -16.8036 -0.437085 -0.0791459 -0.895931 11.8341 
-0.892694 0.0229232 0.450079 181.208 -0.0147779 0.996679 -0.0800732 -16.9164 -0.45042 -0.0781321 -0.889391 10.7204 
-0.885811 0.0252792 0.463357 181.784 -0.0128261 0.9968 -0.078902 -17.0261 -0.463869 -0.0758354 -0.882652 9.61939 
-0.878393 0.0271381 0.477168 182.376 -0.010736 0.997014 -0.0764669 -17.1361 -0.477818 -0.0722909 -0.875479 8.52694 
-0.870566 0.0292249 0.491183 182.982 -0.00786993 0.99728 -0.0732858 -17.2445 -0.491989 -0.0676657 -0.867968 7.44815 
-0.862387 0.0321494 0.505228 183.601 -0.00470583 0.997429 -0.0715024 -17.3492 -0.506228 -0.0640402 -0.860019 6.38626 
-0.853209 0.0356796 0.520347 184.237 -0.000987674 0.997545 -0.0700199 -17.4502 -0.521568 -0.0602556 -0.851079 5.33869 
-0.84281 0.0384903 0.536833 184.889 0.0018473 0.997641 -0.0686295 -17.55 -0.538208 -0.0568499 -0.840892 4.30743 
-0.831768 0.0416632 0.553558 185.56 0.00502894 0.997704 -0.0675351 -17.6462 -0.555101 -0.0533898 -0.830068 3.28905 
-0.82039 0.0434831 0.570149 186.249 0.00644654 0.997744 -0.0668182 -17.742 -0.571768 -0.0511415 -0.81882 2.28847 
-0.808502 0.0455308 0.58673 186.954 0.00791073 0.997753 -0.0665259 -17.8367 -0.58844 -0.0491448 -0.807046 1.3103 
-0.79554 0.0479389 0.604001 187.688 0.00982847 0.997755 -0.0662455 -17.9291 -0.605821 -0.0467645 -0.794225 0.332642 
-0.781765 0.0490026 0.621645 188.435 0.0116048 0.997878 -0.0640662 -18.0175 -0.623465 -0.0428706 -0.780675 -0.616341 
-0.766475 0.0505716 0.640281 189.204 0.0137768 0.99796 -0.0623304 -18.1094 -0.642127 -0.0389537 -0.765608 -1.54869 
-0.749928 0.0533498 0.659364 189.989 0.0154902 0.997886 -0.063122 -18.2001 -0.661338 -0.0371233 -0.749169 -2.45908 
-0.732531 0.05633 0.678399 190.781 0.0164 0.997742 -0.0651376 -18.2897 -0.680536 -0.0365895 -0.7318 -3.32642 
-0.714528 0.0570551 0.697277 191.595 0.0160173 0.997742 -0.0652272 -18.3808 -0.699424 -0.0354381 -0.713828 -4.17086 
-0.695438 0.0572038 0.716305 192.43 0.0154789 0.997788 -0.0646549 -18.4717 -0.718419 -0.0338759 -0.694785 -4.9844 
-0.675344 0.0565883 0.735329 193.284 0.013873 0.99785 -0.0640498 -18.5625 -0.737372 -0.0330544 -0.674677 -5.77364 
-0.654925 0.0569704 0.753543 194.158 0.0119973 0.997812 -0.0650107 -18.6513 -0.755599 -0.0335366 -0.654176 -6.53396 
-0.634203 0.0565271 0.771097 195.053 0.00955678 0.997821 -0.0652874 -18.7391 -0.773107 -0.0340363 -0.633362 -7.26915 
-0.612859 0.0564799 0.788171 195.967 0.00856413 0.997858 -0.0648468 -18.8272 -0.790146 -0.0329919 -0.61203 -7.98082 
-0.590274 0.0562736 0.805239 196.9 0.00849026 0.997945 -0.0635169 -18.9138 -0.807158 -0.0306557 -0.589538 -8.6666 
-0.566301 0.0568609 0.822235 197.85 0.00829134 0.99796 -0.0633025 -19.0005 -0.824157 -0.0290309 -0.565617 -9.32406 
-0.540788 0.0599668 0.839019 198.817 0.0103089 0.997853 -0.0646745 -19.0855 -0.841096 -0.0263259 -0.540245 -9.9549 
-0.514152 0.0605813 0.855557 199.805 0.0101058 0.997861 -0.0645846 -19.1695 -0.857639 -0.0245603 -0.513665 -10.5541 
-0.486832 0.0594298 0.871472 200.814 0.00876691 0.997965 -0.0631585 -19.2554 -0.873452 -0.0231075 -0.486362 -11.122 
-0.458722 0.057477 0.886719 201.84 0.00768571 0.998125 -0.0607223 -19.3383 -0.888546 -0.0210396 -0.458304 -11.6571 
-0.42877 0.0584708 0.901519 202.885 0.00847265 0.99812 -0.0607064 -19.4258 -0.903374 -0.0183909 -0.428459 -12.1653 
-0.397751 0.0612501 0.915447 203.942 0.00856904 0.997974 -0.0630487 -19.4978 -0.917453 -0.0172332 -0.39747 -12.6282 
-0.366134 0.0627878 0.928442 205.012 0.0100037 0.997929 -0.063542 -19.5814 -0.930508 -0.013977 -0.366004 -13.0536 
-0.333877 0.0630768 0.940504 206.114 0.012049 0.997963 -0.062653 -19.6693 -0.94254 -0.00958629 -0.333957 -13.4595 
-0.301127 0.0629935 0.951501 207.219 0.0119006 0.997986 -0.0623048 -19.7501 -0.95351 -0.00743825 -0.30127 -13.8167 
-0.267349 0.0618946 0.96161 208.338 0.0132218 0.998077 -0.0605659 -19.8298 -0.963509 -0.00347804 -0.267653 -14.1379 
-0.232884 0.0599362 0.970656 209.467 0.0130053 0.998202 -0.0585168 -19.9107 -0.972418 -0.00100398 -0.233244 -14.4176 
-0.198017 0.0586885 0.97844 210.603 0.0139289 0.998274 -0.0570593 -19.9905 -0.9801 0.00232993 -0.198492 -14.6574 
-0.162688 0.0582638 0.984956 211.746 0.014725 0.998287 -0.0566202 -20.0688 -0.986568 0.00529205 -0.163267 -14.857 
-0.127132 0.0577299 0.990204 212.892 0.015085 0.998302 -0.0562652 -20.1444 -0.991771 0.00778416 -0.127787 -15.0141 
-0.0913998 0.0576965 0.994141 214.039 0.0155286 0.998281 -0.0565091 -20.2196 -0.995693 0.0102727 -0.0921387 -15.1295 
-0.0560842 0.0581001 0.996734 215.188 0.0142649 0.99825 -0.0573858 -20.2973 -0.998324 0.0109999 -0.0568148 -15.2005 
-0.0215978 0.0576058 0.998106 216.341 0.0135797 0.998263 -0.0573211 -20.3721 -0.999675 0.012316 -0.0223426 -15.2317 
0.0120566 0.0567206 0.998317 217.496 0.0121755 0.998308 -0.0568671 -20.4493 -0.999853 0.0128406 0.0113456 -15.2225 
0.0451925 0.0571225 0.997344 218.649 0.0110024 0.998275 -0.0576743 -20.5256 -0.998918 0.0135796 0.0444861 -15.1759 
0.0779449 0.056933 0.995331 219.8 0.0117624 0.998246 -0.0580209 -20.6002 -0.996888 0.0162299 0.0771386 -15.0923 
0.109933 0.0547316 0.992431 220.952 0.0128059 0.998322 -0.0564751 -20.6756 -0.993856 0.0189174 0.109048 -14.9717 
0.14115 0.0534981 0.988542 222.099 0.014002 0.998331 -0.0560271 -20.752 -0.989889 0.0217497 0.140165 -14.816 
0.171363 0.053402 0.98376 223.24 0.0151638 0.998269 -0.056831 -20.8269 -0.985091 0.0246563 0.170256 -14.6245 
0.201384 0.0529311 0.978081 224.375 0.0169948 0.9982 -0.0575191 -20.9025 -0.979365 0.0282057 0.200122 -14.3986 
0.231568 0.0519147 0.971432 225.506 0.0193866 0.99813 -0.0579628 -20.9795 -0.972626 0.0322551 0.230129 -14.1382 
0.261691 0.0500833 0.963851 226.635 0.0218533 0.998089 -0.0577956 -21.0569 -0.964904 0.0361879 0.260097 -13.8424 
0.29166 0.048563 0.955288 227.758 0.0238509 0.998031 -0.0580178 -21.1353 -0.956224 0.0397059 0.289928 -13.5103 
0.321306 0.0477437 0.945771 228.873 0.026644 0.997877 -0.0594258 -21.2145 -0.9466 0.044293 0.319352 -13.1446 
0.349994 0.0468001 0.935582 229.977 0.0274574 0.99781 -0.0601845 -21.2936 -0.93635 0.0467529 0.347942 -12.7426 
0.378102 0.0448374 0.924678 231.071 0.0281533 0.997808 -0.0598954 -21.3743 -0.925336 0.0486792 0.376011 -12.3042 
0.406195 0.0436847 0.912741 232.154 0.028172 0.997783 -0.0602922 -21.4559 -0.913352 0.0502042 0.404064 -11.832 
0.43452 0.0445501 0.89956 233.219 0.0293831 0.997543 -0.0635957 -21.5397 -0.900183 0.0540655 0.432143 -11.3278 
0.462535 0.0453365 0.885441 234.272 0.030833 0.997265 -0.0671686 -21.625 -0.886065 0.0583686 0.459872 -10.7913 
0.489761 0.0434921 0.870772 235.311 0.0319327 0.99719 -0.0677666 -21.714 -0.871272 0.0609955 0.486995 -10.2183 
0.516254 0.0406941 0.855468 236.34 0.0326506 0.997209 -0.0671405 -21.8062 -0.855813 0.0625931 0.513485 -9.60926 
0.541413 0.0383239 0.839883 237.35 0.0321343 0.997287 -0.066221 -21.8991 -0.840143 0.0628419 0.538712 -8.96823 
0.564485 0.0382788 0.824555 238.34 0.0305867 0.997268 -0.0672363 -21.9912 -0.824876 0.0631743 0.561772 -8.29896 
0.585362 0.0379969 0.809881 239.314 0.0292786 0.997259 -0.0679499 -22.0816 -0.810243 0.0634875 0.582645 -7.6014 
0.604875 0.0364724 0.795485 240.275 0.0284776 0.997321 -0.0673804 -22.1727 -0.795811 0.0634102 0.602216 -6.87794 
0.623158 0.0337802 0.781366 241.22 0.0281735 0.997449 -0.0655909 -22.2633 -0.781588 0.0628873 0.620616 -6.13022 
0.640195 0.0304536 0.767608 242.152 0.0293038 0.997519 -0.0640146 -22.353 -0.767653 0.0634757 0.637714 -5.36048 
0.65628 0.0278101 0.754005 243.07 0.0301147 0.997559 -0.0630047 -22.4404 -0.753917 0.0640553 0.65384 -4.56926 
0.671618 0.0255275 0.740458 243.973 0.0316918 0.997502 -0.0631346 -22.5271 -0.740219 0.0658688 0.669131 -3.75753 
0.686777 0.0249789 0.726439 244.862 0.0312383 0.997472 -0.0638313 -22.6135 -0.726197 0.0665306 0.68426 -2.92323 
0.701736 0.0234163 0.712053 245.735 0.0318219 0.997432 -0.064162 -22.6999 -0.711726 0.0676836 0.699188 -2.07021 
0.716287 0.0209522 0.697491 246.593 0.0313095 0.997577 -0.0621199 -22.7858 -0.697103 0.0663338 0.713896 -1.19296 
0.730566 0.0178907 0.682607 247.437 0.0319081 0.99767 -0.0602982 -22.8729 -0.682096 0.0658326 0.728293 -0.297992 
0.744568 0.0160122 0.667355 248.264 0.0321876 0.997688 -0.0598497 -22.9572 -0.66677 0.0660427 0.742331 0.616841 
0.757999 0.015379 0.652075 249.076 0.0330871 0.997528 -0.0619882 -23.0414 -0.651416 0.0685623 0.755616 1.54974 
0.770386 0.0143939 0.637415 249.871 0.0334409 0.997457 -0.0629412 -23.1258 -0.6367 0.0698048 0.767945 2.50331 
0.781965 0.0135829 0.623174 250.649 0.0327991 0.997481 -0.0628981 -23.213 -0.622458 0.0696237 0.77955 3.47566 
0.792905 0.0108043 0.609249 251.414 0.0332321 0.997588 -0.0609409 -23.2995 -0.608438 0.068567 0.790634 4.46594 
0.803431 0.00807397 0.595343 252.165 0.0346156 0.997583 -0.0602438 -23.3868 -0.594391 0.0690099 0.80121 5.47237 
0.813294 0.00739166 0.581806 252.898 0.0345316 0.997544 -0.0609446 -23.4726 -0.580827 0.0696566 0.811041 6.49553 
0.822301 0.00443076 0.569035 253.623 0.0384455 0.997252 -0.0633218 -23.5587 -0.567752 0.0739465 0.819872 7.53197 
0.830745 0.00204115 0.556649 254.335 0.0394848 0.997258 -0.062584 -23.645 -0.555251 0.0739705 0.828387 8.58692 
0.838453 -0.00135264 0.544973 255.038 0.0420809 0.997172 -0.0622674 -23.7338 -0.543347 0.0751412 0.836139 9.6571 
0.845372 -0.00302634 0.53417 255.728 0.0432119 0.997094 -0.0627376 -23.8195 -0.532428 0.0761191 0.843046 10.7413 
0.85082 -0.00451838 0.525438 256.408 0.0437577 0.997099 -0.0622807 -23.9075 -0.523632 0.0759816 0.84855 11.8414 
0.854778 -0.00559485 0.518964 257.082 0.0433068 0.997224 -0.060579 -23.9965 -0.517185 0.0742562 0.852647 12.9525 
0.857665 -0.00679421 0.514165 257.754 0.0434872 0.997289 -0.0593615 -24.0839 -0.512367 0.0732718 0.855635 14.0753 
0.860314 -0.00782201 0.509704 258.422 0.044044 0.997284 -0.059036 -24.1723 -0.507858 0.0732389 0.858322 15.202 
0.862751 -0.00911753 0.505547 259.087 0.0448615 0.997275 -0.0585733 -24.2566 -0.503636 0.0732138 0.860808 16.3376 
0.86492 -0.0113275 0.501782 259.751 0.0458771 0.997344 -0.0565635 -24.3419 -0.499809 0.0719432 0.863143 17.4806 
0.867057 -0.013211 0.498033 260.415 0.0473279 0.997312 -0.0559411 -24.4267 -0.495955 0.072075 0.865352 18.6318 
0.869297 -0.014487 0.494079 261.072 0.0486225 0.997229 -0.0563079 -24.5099 -0.491894 0.0729716 0.867592 19.7859 
0.87146 -0.0156085 0.490219 261.726 0.049284 0.997221 -0.0558605 -24.5933 -0.487985 0.0728402 0.869807 20.9482 
0.873545 -0.0154414 0.486499 262.372 0.048672 0.997258 -0.0557413 -24.6782 -0.484304 0.0723714 0.871901 22.117 
0.875623 -0.0159511 0.482732 263.019 0.048708 0.997276 -0.0553977 -24.7638 -0.480533 0.0720203 0.874014 23.2925 
0.877553 -0.0155692 0.479226 263.661 0.0478554 0.997326 -0.0552309 -24.8502 -0.477085 0.0714017 0.875952 24.4762 
0.878839 -0.0145371 0.476897 264.298 0.0464877 0.997389 -0.0552658 -24.9356 -0.474848 0.0707396 0.87722 25.6604 
0.87967 -0.012545 0.475419 264.93 0.0439376 0.99752 -0.054976 -25.0208 -0.473551 0.0692495 0.87804 26.8488 
0.880173 -0.0124982 0.474489 265.566 0.0438165 0.997524 -0.055004 -25.1075 -0.472627 0.0692034 0.878541 28.0338 
0.880755 -0.0100288 0.473465 266.191 0.0415205 0.997561 -0.0561076 -25.1929 -0.471748 0.0690755 0.879024 29.216 
0.881402 -0.00856792 0.472288 266.823 0.0405978 0.99751 -0.0576689 -25.282 -0.470618 0.0700034 0.879556 30.4019 
0.881739 -0.00710543 0.471684 267.449 0.039661 0.997463 -0.0591143 -25.3696 -0.470068 0.0708308 0.879784 31.5856 
0.881739 -0.00543343 0.471706 268.072 0.0379452 0.99751 -0.0594392 -25.4615 -0.470209 0.0703088 0.87975 32.7702 
0.881985 -0.00474947 0.471253 268.7 0.0367335 0.9976 -0.0586953 -25.5533 -0.469843 0.0690792 0.880043 33.954 
0.882115 -0.00656967 0.470989 269.327 0.03803 0.997632 -0.0573107 -25.643 -0.469497 0.0684663 0.880276 35.138 
0.882162 -0.00971804 0.470845 269.958 0.0407182 0.997617 -0.0556981 -25.7322 -0.469182 0.0683068 0.880456 36.3207 
0.882192 -0.0116806 0.470746 270.591 0.0424756 0.997591 -0.0548472 -25.8195 -0.468971 0.068381 0.880563 37.5092 
0.882298 -0.0126158 0.470523 271.225 0.0443457 0.997422 -0.0564113 -25.9062 -0.468598 0.0706373 0.880583 38.6994 
0.882359 -0.012952 0.4704 271.861 0.0458365 0.997233 -0.0585208 -25.9926 -0.46834 0.0731978 0.880511 39.8944 
0.882414 -0.0130695 0.470292 272.5 0.0460102 0.99722 -0.0586166 -26.0803 -0.468219 0.0733623 0.880562 41.0948 
0.882466 -0.0133178 0.470188 273.138 0.0453797 0.997347 -0.0569208 -26.1695 -0.468183 0.0715677 0.880729 42.3002 
0.882473 -0.0139438 0.470157 273.778 0.0450411 0.997472 -0.0549581 -26.2571 -0.468202 0.0696754 0.88087 43.5079 
0.882462 -0.0142074 0.470169 274.419 0.044883 0.997526 -0.0540983 -26.3423 -0.468238 0.0688423 0.880917 44.7185 
0.882536 -0.0141488 0.470032 275.062 0.0448196 0.997528 -0.0541264 -26.4273 -0.468104 0.0688352 0.880988 45.9317 
0.882668 -0.0137025 0.469797 275.707 0.0446326 0.997501 -0.054763 -26.512 -0.467873 0.0693058 0.881074 47.1489 
0.882786 -0.0132611 0.469588 276.353 0.0441688 0.997516 -0.0548639 -26.5969 -0.467694 0.0691742 0.881179 48.3703 
0.88289 -0.0119279 0.469428 276.998 0.0432698 0.997491 -0.0560353 -26.6849 -0.467582 0.0697851 0.881191 49.5948 
0.882978 -0.0107497 0.469291 277.643 0.0418597 0.997558 -0.0559092 -26.773 -0.467544 0.069011 0.881272 50.8252 
0.883018 -0.0123345 0.469177 278.292 0.041245 0.997826 -0.0513929 -26.8586 -0.467524 0.0647321 0.881607 52.0581 
0.883137 -0.0146396 0.468887 278.942 0.0409731 0.9981 -0.0460091 -26.9403 -0.467323 0.0598441 0.882059 53.2948 
0.883276 -0.0153699 0.468601 279.591 0.040549 0.998222 -0.0436903 -27.0168 -0.467097 0.0575919 0.882329 54.5274 
0.883496 -0.0142613 0.468221 280.237 0.0398487 0.998201 -0.0447876 -27.0915 -0.46674 0.0582276 0.882475 55.7602 
0.883686 -0.0139888 0.467871 280.881 0.0394778 0.998219 -0.0447176 -27.1653 -0.466412 0.0579868 0.882665 56.9909 
0.88407 -0.0145806 0.467127 281.525 0.0388971 0.998341 -0.0424538 -27.241 -0.465733 0.0557021 0.88317 58.2209 
0.884706 -0.0161492 0.46587 282.167 0.0395068 0.998402 -0.0404157 -27.3157 -0.464473 0.0541611 0.88393 59.4472 
0.885509 -0.0170696 0.464308 282.807 0.0401412 0.998399 -0.039851 -27.3878 -0.462885 0.0539264 0.884777 60.6695 
0.886429 -0.0170167 0.462552 283.44 0.0406038 0.99833 -0.0410855 -27.4609 -0.46108 0.0552007 0.88564 61.8884 
0.887685 -0.0167365 0.460147 284.066 0.0398276 0.998385 -0.0405195 -27.5323 -0.458725 0.0542951 0.886918 63.1041 
0.889109 -0.0171227 0.457376 284.686 0.0395647 0.998435 -0.039533 -27.6049 -0.455983 0.0532451 0.888394 64.3182 
0.890544 -0.0178554 0.454546 285.298 0.0388077 0.998569 -0.0368063 -27.6761 -0.453239 0.0504176 0.889962 65.5258 
0.891879 -0.019651 0.451847 285.905 0.0392634 0.998648 -0.0340685 -27.7417 -0.450567 0.048126 0.891445 66.7397 
0.893215 -0.0217957 0.449101 286.507 0.0403093 0.998684 -0.0317029 -27.8056 -0.44782 0.0464205 0.892918 67.939 
0.894683 -0.0226276 0.446129 287.101 0.0411486 0.998645 -0.0318699 -27.8668 -0.444803 0.046871 0.894401 69.1334 
0.896101 -0.0231735 0.443244 287.686 0.0419259 0.99859 -0.0325533 -27.9284 -0.441865 0.0477545 0.89581 70.3193 
0.897508 -0.0219821 0.44045 288.263 0.0412279 0.998565 -0.0341738 -27.991 -0.439067 0.0488301 0.897127 71.5021 
0.898577 -0.0219178 0.438268 288.832 0.040874 0.99859 -0.0338641 -28.054 -0.436908 0.0483433 0.898206 72.6784 
0.89937 -0.0213989 0.436665 289.392 0.039603 0.998683 -0.0326268 -28.1173 -0.435392 0.0466368 0.899032 73.8456 
0.89983 -0.019889 0.435786 289.946 0.0390018 0.998628 -0.0349561 -28.181 -0.434493 0.048451 0.899371 75.0005 
0.899925 -0.0188186 0.435638 290.495 0.0401152 0.998404 -0.0397396 -28.2465 -0.434195 0.0532384 0.899244 76.1431 
0.899917 -0.0140489 0.435835 291.035 0.0369522 0.998343 -0.0441183 -28.3159 -0.434492 0.0558078 0.898945 77.279 
0.899145 -0.0111377 0.437509 291.574 0.0343909 0.998383 -0.0452623 -28.3882 -0.436297 0.0557437 0.898074 78.4109 
0.897369 -0.00753745 0.441217 292.114 0.0304503 0.998529 -0.044873 -28.4623 -0.44023 0.0537028 0.896278 79.5367 
0.894543 -0.00191675 0.446977 292.656 0.0250039 0.99864 -0.0457583 -28.5336 -0.446282 0.0521089 0.893374 80.6574 
0.89092 0.00136818 0.454159 293.207 0.0219268 0.9987 -0.0460224 -28.6051 -0.453631 0.0509605 0.889731 81.7685 
0.886576 0.00268175 0.462575 293.772 0.0209604 0.998723 -0.045963 -28.676 -0.462108 0.0504455 0.885388 82.8702 
0.881635 0.00401699 0.471916 294.347 0.0198191 0.998766 -0.0455276 -28.747 -0.471516 0.0494916 0.880467 83.9619 
0.875913 0.0038995 0.482453 294.934 0.0198917 0.998825 -0.0441873 -28.8168 -0.482058 0.048301 0.874807 85.0477 
0.869451 0.00232429 0.494013 295.539 0.0219001 0.998825 -0.0432431 -28.8844 -0.493533 0.0484167 0.868379 86.1249 
0.862253 0.003328 0.506467 296.155 0.0208274 0.9989 -0.0420221 -28.9504 -0.50605 0.046782 0.861235 87.1934 
0.854209 0.00380208 0.519915 296.789 0.0210765 0.998898 -0.041933 -29.0155 -0.519502 0.0467775 0.853188 88.2519 
0.845152 0.00646731 0.534487 297.438 0.0186263 0.998963 -0.0415401 -29.0769 -0.534201 0.0450632 0.844155 89.2994 
0.834821 0.011028 0.55041 298.102 0.0157085 0.998915 -0.0438396 -29.141 -0.550297 0.0452444 0.833742 90.3334 
0.82328 0.0137569 0.567469 298.789 0.014841 0.998843 -0.0457457 -29.2059 -0.567442 0.0460834 0.822123 91.35 
0.810553 0.0165829 0.58543 299.493 0.012795 0.998859 -0.0460089 -29.2738 -0.585525 0.0447833 0.809416 92.3523 
0.796635 0.0175266 0.604207 300.221 0.0118793 0.998933 -0.0446391 -29.3423 -0.604344 0.0427386 0.795576 93.3354 
0.781784 0.0194997 0.623245 300.968 0.00928261 0.999036 -0.0429011 -29.4106 -0.623481 0.0393247 0.780849 94.2972 
0.765806 0.0219112 0.642698 301.732 0.00666282 0.999095 -0.0420008 -29.4789 -0.643037 0.0364467 0.764967 95.2364 
0.748651 0.0246675 0.662505 302.518 0.00491666 0.999073 -0.0427551 -29.546 -0.662946 0.035266 0.747836 96.1475 
0.730322 0.0277922 0.682538 303.323 0.00310263 0.999027 -0.0439991 -29.6118 -0.683096 0.0342512 0.729525 97.0339 
0.710464 0.0307379 0.703062 304.15 0.00111337 0.998995 -0.0448012 -29.68 -0.703733 0.0326124 0.709716 97.8932 
0.688853 0.0335258 0.724126 304.997 -0.00114531 0.998979 -0.0451615 -29.7491 -0.7249 0.0302803 0.688188 98.7254 
0.665426 0.0349702 0.745644 305.868 -0.00259183 0.999004 -0.0445396 -29.8179 -0.746459 0.0277053 0.664854 99.5263 
0.640225 0.0359092 0.767348 306.758 -0.00378707 0.999042 -0.0435921 -29.8862 -0.768178 0.0250027 0.639748 100.293 
0.613751 0.0359475 0.788681 307.671 -0.00419614 0.999097 -0.0422727 -29.953 -0.789488 0.0226355 0.613348 101.022 
0.586263 0.0368789 0.809281 308.607 -0.00509737 0.999111 -0.0418368 -30.0203 -0.810105 0.0204022 0.58593 101.718 
0.557924 0.0388832 0.828981 309.556 -0.00607988 0.999066 -0.0427691 -30.0872 -0.82987 0.0188218 0.557639 102.377 
0.528899 0.0415622 0.847666 310.52 -0.00681293 0.998976 -0.0447302 -30.1526 -0.848657 0.0178827 0.52864 102.997 
0.49913 0.0423654 0.865491 311.503 -0.00704561 0.99897 -0.0448359 -30.2171 -0.866498 0.016281 0.498914 103.583 
0.468751 0.0415832 0.882351 312.504 -0.00745785 0.999042 -0.0431206 -30.2822 -0.883299 0.0136324 0.468612 104.133 
0.437905 0.0409009 0.89809 313.521 -0.00690155 0.999088 -0.0421354 -30.3469 -0.898995 0.0122531 0.437788 104.645 
0.406296 0.0429887 0.91273 314.55 -0.00818762 0.999024 -0.0434084 -30.4113 -0.913705 0.0101636 0.406251 105.119 
0.373847 0.0456223 0.926368 315.589 -0.00751283 0.998906 -0.0461628 -30.4754 -0.92746 0.0102982 0.37378 105.552 
0.340984 0.04825 0.93883 316.64 -0.00699159 0.998784 -0.048792 -30.5412 -0.940043 0.0100734 0.340907 105.947 
0.3079 0.0487217 0.950171 317.707 -0.0068617 0.998776 -0.0489906 -30.608 -0.951394 0.00856439 0.307857 106.304 
0.274024 0.0472883 0.96056 318.783 -0.00869417 0.998871 -0.0466941 -30.6753 -0.961684 0.00444403 0.274126 106.625 
0.239648 0.0452891 0.969803 319.872 -0.00835374 0.998971 -0.044587 -30.7412 -0.970824 0.00258367 0.239779 106.909 
0.205104 0.0449519 0.977707 320.968 -0.00992254 0.998989 -0.0438488 -30.805 -0.97869 -0.000707785 0.205342 107.153 
0.169962 0.0467128 0.984343 322.068 -0.00927533 0.998907 -0.0458024 -30.8702 -0.985407 -0.00134541 0.17021 107.355 
0.134596 0.051749 0.989548 323.168 -0.0120625 0.998647 -0.0505841 -30.9372 -0.990827 -0.00512801 0.135038 107.525 
0.0994444 0.0559322 0.99347 324.272 -0.012745 0.998409 -0.0549345 -31.0058 -0.994961 -0.00719886 0.099999 107.651 
0.0641523 0.0570952 0.996305 325.382 -0.01406 0.998315 -0.056305 -31.0773 -0.997841 -0.010396 0.064847 107.737 
0.0284593 0.0543145 0.998118 326.495 -0.0152328 0.99843 -0.0538971 -31.151 -0.999479 -0.0136702 0.029242 107.785 
-0.00709637 0.0494568 0.998751 327.609 -0.015869 0.998645 -0.0495643 -31.2217 -0.999849 -0.016201 -0.00630192 107.792 
-0.0428691 0.0469048 0.997979 328.717 -0.0176676 0.998706 -0.0476979 -31.2929 -0.998924 -0.0196767 -0.0419849 107.76 
-0.0793788 0.0492767 0.995626 329.814 -0.0164798 0.998576 -0.0507366 -31.3607 -0.996708 -0.0204352 -0.0784537 107.686 
-0.115828 0.0521514 0.991899 330.906 -0.0158775 0.998396 -0.0543471 -31.4259 -0.993142 -0.0220438 -0.114814 107.571 
-0.152297 0.0516037 0.986987 331.992 -0.0174921 0.998339 -0.0548964 -31.4947 -0.98818 -0.0256251 -0.151142 107.418 
-0.188857 0.0485538 0.980804 333.072 -0.0193216 0.9984 -0.0531453 -31.5665 -0.981814 -0.0289875 -0.187617 107.227 
-0.225252 0.0459531 0.973216 334.142 -0.020231 0.998451 -0.0518271 -31.6383 -0.974091 -0.0313633 -0.223973 106.997 
-0.261088 0.0430933 0.964353 335.202 -0.0219172 0.998481 -0.0505522 -31.7075 -0.965066 -0.0343345 -0.259747 106.728 
-0.29615 0.0401361 0.954298 336.25 -0.02155 0.998582 -0.0486863 -31.775 -0.954898 -0.0349836 -0.294865 106.416 
-0.330818 0.0369082 0.942973 337.286 -0.0215772 0.998678 -0.0466583 -31.8403 -0.943448 -0.0357821 -0.329584 106.067 
-0.365184 0.0343888 0.9303 338.307 -0.0207292 0.998769 -0.0450569 -31.9046 -0.930705 -0.0357384 -0.364022 105.678 
-0.399086 0.0327097 0.91633 339.312 -0.0217734 0.998744 -0.0451344 -31.9678 -0.916655 -0.0379641 -0.397872 105.255 
-0.43251 0.0318974 0.901065 340.299 -0.0226145 0.998676 -0.0462078 -32.03 -0.901345 -0.0403625 -0.431216 104.798 
-0.465022 0.0321245 0.884716 341.272 -0.0208879 0.998665 -0.0472411 -32.0903 -0.885053 -0.040448 -0.46373 104.298 
-0.496928 0.0299015 0.867276 342.232 -0.0217704 0.998662 -0.0469052 -32.1505 -0.867519 -0.0421895 -0.495612 103.761 
-0.529143 0.0282756 0.848062 343.182 -0.0224256 0.99863 -0.0472881 -32.2139 -0.848237 -0.0440404 -0.527783 103.186 
-0.561234 0.0283658 0.827171 344.112 -0.0231692 0.998482 -0.0499609 -32.277 -0.827332 -0.0472047 -0.559726 102.573 
-0.59282 0.0269772 0.804883 345.023 -0.0258359 0.998287 -0.0524884 -32.3403 -0.80492 -0.0519111 -0.591108 101.926 
-0.623445 0.0255206 0.78145 345.913 -0.0265995 0.998196 -0.0538203 -32.4072 -0.781414 -0.0543402 -0.621642 101.24 
-0.653085 0.0236124 0.756917 346.778 -0.0270839 0.998146 -0.0545062 -32.4777 -0.7568 -0.0560974 -0.651234 100.516 
-0.682108 0.021228 0.730943 347.623 -0.0288914 0.998016 -0.0559454 -32.5497 -0.730681 -0.0592787 -0.680141 99.7539 
-0.7099 0.0204144 0.704007 348.437 -0.0284401 0.997934 -0.0576157 -32.6226 -0.703728 -0.0609234 -0.707852 98.9585 
-0.73676 0.0183207 0.675906 349.228 -0.0297195 0.997789 -0.0594407 -32.698 -0.675501 -0.0638811 -0.734587 98.1303 
-0.762501 0.0170087 0.646763 349.986 -0.0300736 0.997642 -0.0616915 -32.7769 -0.646288 -0.0664903 -0.760192 97.2659 
-0.786619 0.0155336 0.617244 350.711 -0.028811 0.997671 -0.0618244 -32.8562 -0.616766 -0.0664156 -0.784339 96.3684 
-0.809608 0.0131599 0.586823 351.401 -0.0277899 0.997768 -0.0607158 -32.9406 -0.586313 -0.0654638 -0.807435 95.4423 
-0.831647 0.0129358 0.555155 352.055 -0.0249205 0.997852 -0.0605831 -33.0228 -0.554746 -0.0642185 -0.829538 94.4889 
-0.852378 0.0119181 0.522791 352.667 -0.0235038 0.997857 -0.0610698 -33.1053 -0.522398 -0.0643422 -0.850271 93.5193 
-0.871686 0.00849996 0.489991 353.243 -0.0236728 0.997952 -0.0594252 -33.1896 -0.489493 -0.0633996 -0.8697 92.532 
-0.889377 0.00878496 0.45709 353.769 -0.0188394 0.998262 -0.0558425 -33.2741 -0.456786 -0.0582763 -0.887666 91.523 
-0.905017 0.00376769 0.425359 354.261 -0.0205049 0.998412 -0.0524709 -33.3502 -0.424881 -0.056209 -0.903502 90.5099 
-0.919359 0.000431287 0.393421 354.716 -0.021971 0.998383 -0.052437 -33.4309 -0.392807 -0.0568522 -0.917862 89.4839 
-0.932536 0.00588194 0.361029 355.123 -0.015483 0.998296 -0.0562568 -33.5076 -0.360745 -0.0580513 -0.930856 88.4461 
-0.94354 0.00251191 0.331249 355.507 -0.0190996 0.997895 -0.0619713 -33.5855 -0.330707 -0.0647991 -0.941506 87.4009 
-0.952365 0.00316124 0.304944 355.854 -0.0174321 0.997747 -0.0647851 -33.667 -0.304462 -0.0670148 -0.950164 86.3429 
-0.959879 0.00624863 0.280345 356.169 -0.0123838 0.997832 -0.0646418 -33.7515 -0.280141 -0.0655201 -0.95772 85.2654 
-0.966072 0.00870641 0.258125 356.457 -0.00774155 0.998006 -0.0626362 -33.8346 -0.258155 -0.0625094 -0.964079 84.1771 
-0.970862 0.0103125 0.239416 356.725 -0.0044802 0.998118 -0.0611603 -33.9167 -0.239596 -0.0604508 -0.968989 83.0849 
-0.974412 0.0118116 0.224459 356.975 -0.00187405 0.998157 -0.0606611 -33.997 -0.224762 -0.0595295 -0.972594 81.9911 
-0.977041 0.0131946 0.212645 357.213 0.000177069 0.99813 -0.0611203 -34.0759 -0.213054 -0.0596793 -0.975216 80.8972 
-0.979062 0.0133919 0.203121 357.441 0.000725998 0.998057 -0.0623031 -34.1552 -0.20356 -0.0608511 -0.97717 79.8022 
-0.980756 0.0137676 0.194751 357.662 0.00154968 0.998028 -0.0627498 -34.2354 -0.195231 -0.0612404 -0.978843 78.7046 
-0.982321 0.0132061 0.186739 357.875 0.00162122 0.998071 -0.0620545 -34.3163 -0.187199 -0.0606547 -0.980448 77.6047 
-0.983857 0.0132063 0.178468 358.079 0.00219517 0.998089 -0.061755 -34.3971 -0.178943 -0.0603664 -0.982006 76.5002 
-0.985295 0.0127798 0.170383 358.273 0.00217773 0.998057 -0.0622673 -34.4783 -0.170848 -0.0609806 -0.983409 75.3995 
-0.986666 0.0132498 0.162218 358.457 0.00311915 0.998037 -0.0625473 -34.5587 -0.162728 -0.0612073 -0.984771 74.2903 
-0.987955 0.0131727 0.154178 358.633 0.00358299 0.99805 -0.0623125 -34.6398 -0.154698 -0.0610096 -0.986076 73.1808 
-0.989186 0.0123312 0.14615 358.801 0.00330307 0.99808 -0.0618552 -34.722 -0.146632 -0.0607035 -0.987327 72.074 
-0.990325 0.0123772 0.138214 358.957 0.00401512 0.998153 -0.060617 -34.8045 -0.138709 -0.0594756 -0.988546 70.9792 
-0.99129 0.0120547 0.131145 359.105 0.00419854 0.998189 -0.0600167 -34.886 -0.131631 -0.0589434 -0.989545 69.8872 
-0.991985 0.0137321 0.125607 359.243 0.0062092 0.998174 -0.0600886 -34.9678 -0.126203 -0.058827 -0.990259 68.8081 
-0.992389 0.0155566 0.122155 359.373 0.00828461 0.998175 -0.0598148 -35.0471 -0.122863 -0.0583475 -0.990707 67.7373 
-0.992588 0.0182307 0.120155 359.498 0.0112902 0.998242 -0.0581924 -35.1257 -0.121005 -0.0564045 -0.991048 66.6762 
-0.992594 0.0203333 0.119762 359.622 0.0136788 0.99833 -0.056127 -35.2028 -0.120703 -0.0540732 -0.991215 65.6259 
-0.992413 0.0226146 0.120855 359.747 0.0159588 0.998317 -0.0557595 -35.2793 -0.121912 -0.0534077 -0.991103 64.5871 
-0.991944 0.0272164 0.123719 359.869 0.0203927 0.998217 -0.0560905 -35.3531 -0.125025 -0.0531156 -0.990731 63.5604 
-0.991226 0.0297544 0.128783 359.998 0.0224509 0.998076 -0.0577967 -35.427 -0.130255 -0.0543983 -0.989987 62.5458 
-0.990177 0.0307679 0.136391 360.136 0.0227896 0.997958 -0.0596765 -35.5019 -0.137949 -0.055982 -0.988856 61.5495 
-0.988657 0.0317344 0.146799 360.283 0.0230582 0.997906 -0.0604313 -35.5746 -0.14841 -0.0563609 -0.987319 60.5699 
-0.986781 0.0313283 0.159001 360.441 0.0223622 0.998074 -0.05787 -35.6478 -0.160508 -0.0535494 -0.985581 59.6109 
-0.984485 0.029905 0.172903 360.611 0.020811 0.998315 -0.0541715 -35.7194 -0.174232 -0.0497327 -0.983448 58.6752 
-0.98147 0.0284168 0.189499 360.794 0.0184216 0.998355 -0.0543004 -35.7887 -0.19073 -0.0498033 -0.980378 57.7737 
-0.97736 0.0299805 0.209447 360.985 0.0187546 0.998289 -0.05538 -35.8539 -0.210749 -0.0501981 -0.97625 56.9005 
-0.971883 0.0338404 0.233021 361.188 0.0215496 0.998249 -0.0550914 -35.9163 -0.234477 -0.0485209 -0.97091 56.0554 
-0.965154 0.0339734 0.259466 361.413 0.020494 0.998304 -0.054481 -35.9792 -0.260877 -0.0472651 -0.964214 55.2462 
-0.956728 0.0352689 0.28884 361.657 0.0203319 0.998304 -0.0545528 -36.0406 -0.290274 -0.0463195 -0.955822 54.4681 
-0.945752 0.0385463 0.322595 361.922 0.0216607 0.998209 -0.0557714 -36.0989 -0.324167 -0.0457583 -0.944893 53.7122 
-0.931882 0.0396921 0.360584 362.218 0.0205158 0.998172 -0.0568558 -36.1564 -0.362182 -0.0455852 -0.930992 52.9804 
-0.91438 0.0404774 0.40283 362.545 0.0198336 0.998273 -0.0552891 -36.2137 -0.404372 -0.0425656 -0.913604 52.2693 
-0.893009 0.0378827 0.448442 362.91 0.0157136 0.998468 -0.0530555 -36.2675 -0.449765 -0.0403324 -0.892236 51.584 
-0.86812 0.0327903 0.495271 363.311 0.00932252 0.998717 -0.0497811 -36.3193 -0.496268 -0.0385988 -0.867311 50.9295 
-0.839049 0.0265028 0.54341 363.748 0.00164536 0.998932 -0.0461787 -36.3675 -0.544054 -0.037852 -0.838196 50.3047 
-0.805984 0.01928 0.591623 364.218 -0.00596869 0.999154 -0.040692 -36.4123 -0.591907 -0.0363284 -0.805187 49.7139 
-0.768648 0.0117884 0.639564 364.719 -0.0136053 0.999303 -0.0347704 -36.452 -0.639527 -0.0354276 -0.767952 49.1602 
-0.727319 0.00464861 0.686283 365.251 -0.0198677 0.999415 -0.0278254 -36.4856 -0.686012 -0.0338728 -0.726802 48.6437 
-0.682705 -0.00132659 0.730693 365.812 -0.0244209 0.999481 -0.0210025 -36.5116 -0.730286 -0.0321827 -0.682383 48.1618 
-0.634847 -0.00736902 0.772603 366.398 -0.0302257 0.999426 -0.015304 -36.5323 -0.772047 -0.0330682 -0.634705 47.7208 
-0.584152 -0.00754716 0.811609 367.008 -0.0312034 0.999426 -0.0131649 -36.5481 -0.811044 -0.0330153 -0.584052 47.3177 
-0.530196 -0.00648973 0.84785 367.652 -0.0326624 0.999385 -0.0127755 -36.5577 -0.847246 -0.0344664 -0.530082 46.946 
-0.473208 -0.00483497 0.880938 368.329 -0.0345427 0.999318 -0.0130704 -36.5667 -0.880273 -0.036615 -0.473052 46.6127 
-0.414411 -0.0063823 0.910068 369.043 -0.0354772 0.999329 -0.00914668 -36.5698 -0.909398 -0.0360771 -0.414359 46.315 
-0.35442 -0.0112962 0.935018 369.795 -0.0360572 0.999348 -0.00159414 -36.5694 -0.934391 -0.0342791 -0.354596 46.0541 
-0.29521 -0.0207993 0.955206 370.583 -0.0375973 0.999242 0.0101386 -36.5648 -0.954692 -0.0329202 -0.295769 45.8331 
-0.238071 -0.0281504 0.97084 371.398 -0.0347344 0.999187 0.0204548 -36.5562 -0.970627 -0.0288518 -0.238855 45.6499 
-0.183614 -0.0322308 0.98247 372.234 -0.0302275 0.999175 0.0271296 -36.5429 -0.982534 -0.0247162 -0.184437 45.5068 
-0.131478 -0.0296235 0.990876 373.087 -0.0270539 0.999288 0.0262852 -36.524 -0.99095 -0.0233511 -0.132186 45.4056 
-0.0821941 -0.0209467 0.996396 373.953 -0.0247289 0.999514 0.0189723 -36.5054 -0.996309 -0.0230804 -0.0826722 45.3457 
-0.0371499 -0.0102731 0.999257 374.839 -0.0222899 0.999707 0.00944907 -36.4901 -0.999061 -0.0219223 -0.037368 45.3229 
0.00293072 -0.001927 0.999994 375.743 -0.0193824 0.99981 0.00198345 -36.4798 -0.999808 -0.0193881 0.00289281 45.3339 
0.040029 0.00128351 0.999198 376.668 -0.0172841 0.99985 -0.000591922 -36.4761 -0.999049 -0.0172466 0.0400452 45.3778 
0.0758687 0.00186349 0.997116 377.605 -0.0160401 0.999871 -0.00064818 -36.4799 -0.996989 -0.0159447 0.0758888 45.4562 
0.110722 0.00335162 0.993846 378.548 -0.0138957 0.999902 -0.00182396 -36.4858 -0.993754 -0.0136083 0.110758 45.5669 
0.143739 0.00621185 0.989596 379.495 -0.0135364 0.999899 -0.00431036 -36.4917 -0.989523 -0.012776 0.143809 45.7121 
0.174808 0.00894801 0.984562 380.445 -0.0150954 0.999866 -0.00640691 -36.4994 -0.984487 -0.0137424 0.17492 45.8914 
0.204636 0.0106308 0.97878 381.393 -0.015435 0.999852 -0.00763259 -36.5118 -0.978716 -0.0135456 0.20477 46.1008 
0.23479 0.0117665 0.971975 382.338 -0.0172592 0.99982 -0.00793449 -36.5258 -0.971893 -0.0149126 0.234951 46.3403 
0.264915 0.0133141 0.96418 383.275 -0.0187179 0.999787 -0.00866294 -36.5419 -0.96409 -0.0157525 0.265108 46.6089 
0.294618 0.0143397 0.955507 384.204 -0.0186539 0.999783 -0.00925243 -36.5584 -0.955433 -0.015098 0.294822 46.9048 
0.323492 0.0146635 0.946117 385.13 -0.0181945 0.999791 -0.00927445 -36.5758 -0.946056 -0.0142139 0.323692 47.2265 
0.351325 0.0157038 0.936122 386.046 -0.0192826 0.999769 -0.00953474 -36.5943 -0.936055 -0.014701 0.351546 47.5793 
0.379149 0.0169403 0.92518 386.949 -0.0209766 0.999733 -0.0097089 -36.613 -0.925098 -0.015726 0.379403 47.9609 
0.408263 0.0151189 0.912739 387.848 -0.0178769 0.999804 -0.00856485 -36.6304 -0.912689 -0.0128202 0.408453 48.3678 
0.439201 0.0140142 0.898279 388.732 -0.0156296 0.999846 -0.00795691 -36.6496 -0.898253 -0.0105451 0.439353 48.8033 
0.470498 0.0148878 0.882275 389.6 -0.0138257 0.999859 -0.00949895 -36.6669 -0.882293 -0.00772887 0.470638 49.2695 
0.502667 0.0169605 0.864314 390.447 -0.0119044 0.999849 -0.0126967 -36.6851 -0.864398 -0.00390689 0.502793 49.7671 
0.535717 0.017783 0.84421 391.278 -0.0102957 0.999841 -0.0145279 -36.7044 -0.844335 -0.000908841 0.535815 50.2979 
0.568296 0.0184043 0.822619 392.089 -0.0105413 0.999831 -0.0150867 -36.7278 -0.822757 -9.77959e-05 0.568393 50.8634 
0.59969 0.0178419 0.800034 392.877 -0.00967406 0.99984 -0.0150463 -36.7528 -0.800174 0.00128356 0.599766 51.4626 
0.630337 0.0185679 0.7761 393.643 -0.011218 0.999827 -0.0148095 -36.7779 -0.776241 0.000628689 0.630437 52.0949 
0.659976 0.0186613 0.751055 394.385 -0.0103825 0.999823 -0.015719 -36.8041 -0.751215 0.00257632 0.660052 52.7559 
0.687947 0.0196086 0.725496 395.103 -0.0100861 0.999797 -0.0174583 -36.8299 -0.72569 0.00469294 0.688005 53.4456 
0.713355 0.0210744 0.700486 395.794 -0.0110827 0.999762 -0.018792 -36.8565 -0.700715 0.00564214 0.713419 54.1622 
0.736351 0.0230638 0.676206 396.464 -0.0125022 0.999712 -0.0204836 -36.8851 -0.676484 0.00662899 0.736427 54.9034 
0.756402 0.0245682 0.653645 397.105 -0.0137308 0.999671 -0.0216847 -36.9159 -0.653963 0.00742723 0.75649 55.6611 
0.773677 0.0271879 0.632997 397.724 -0.0152294 0.999588 -0.0243193 -36.9496 -0.633397 0.00917517 0.773772 56.4331 
0.788413 0.03014 0.614407 398.32 -0.0163901 0.999474 -0.0279977 -36.9867 -0.614927 0.0120036 0.788492 57.2142 
0.801663 0.032042 0.596917 398.898 -0.0167693 0.999375 -0.0311243 -37.0247 -0.597541 0.0149413 0.801699 58.0056 
0.813965 0.030933 0.580089 399.459 -0.0155543 0.999384 -0.0314664 -37.0651 -0.580705 0.0165897 0.813945 58.8064 
0.826043 0.0261322 0.563002 400.009 -0.0117379 0.999506 -0.0291709 -37.1056 -0.563485 0.017488 0.825941 59.6164 
0.837663 0.022801 0.545711 400.541 -0.00952741 0.999586 -0.0271403 -37.1458 -0.546104 0.0175352 0.837534 60.4363 
0.84889 0.0192715 0.528219 401.054 -0.00572634 0.999612 -0.0272671 -37.1843 -0.528539 0.020122 0.84867 61.2616 
0.859763 0.0168847 0.510415 401.547 -0.00304316 0.999605 -0.0279412 -37.2211 -0.510685 0.0224695 0.859474 62.095 
0.870269 0.0159876 0.492317 402.018 -0.00211033 0.999585 -0.0287302 -37.2585 -0.492572 0.0239641 0.869941 62.9365 
0.880309 0.0137494 0.474202 402.474 0.00019529 0.999569 -0.0293449 -37.2968 -0.474401 0.0259251 0.879927 63.7874 
0.89022 0.0120197 0.455373 402.911 0.00179562 0.999551 -0.0298937 -37.3341 -0.455528 0.0274296 0.889799 64.6477 
0.899726 0.00916256 0.436359 403.332 0.00395538 0.999567 -0.0291443 -37.3722 -0.436437 0.0279478 0.899301 65.5188 
0.908904 0.00620697 0.41696 403.733 0.00586866 0.9996 -0.027673 -37.4105 -0.416965 0.0275991 0.908503 66.3982 
0.9176 0.00343506 0.39749 404.115 0.00763062 0.999626 -0.0262538 -37.448 -0.397432 0.0271236 0.917231 67.2876 
0.926214 -0.000144733 0.376997 404.478 0.0108517 0.999596 -0.026277 -37.4846 -0.376841 0.0284292 0.925842 68.1831 
0.93502 -0.00255057 0.354587 404.82 0.0130105 0.999548 -0.0271179 -37.5201 -0.354357 0.0299691 0.93463 69.0881 
0.943948 -0.0054734 0.330049 405.138 0.0155102 0.999494 -0.0277844 -37.5548 -0.32973 0.0313461 0.943555 70.0042 
0.952527 -0.00753851 0.304361 405.43 0.0166313 0.999489 -0.0272935 -37.5908 -0.304 0.0310598 0.952166 70.9318 
0.960672 -0.0092328 0.277533 405.695 0.0172671 0.999499 -0.026519 -37.6278 -0.277149 0.0302682 0.96035 71.8698 
0.968191 -0.0116053 0.249942 405.934 0.0186591 0.999491 -0.0258708 -37.6641 -0.249515 0.0297116 0.967915 72.818 
0.975036 -0.0124335 0.221699 406.145 0.0187164 0.99948 -0.0262618 -37.7006 -0.221257 0.0297556 0.974761 73.775 
0.980984 -0.0148163 0.19352 406.328 0.0202529 0.999453 -0.0261451 -37.7361 -0.193027 0.0295673 0.980748 74.738 
0.986155 -0.0186498 0.164777 406.488 0.0232138 0.999397 -0.0258162 -37.771 -0.164196 0.0292838 0.985993 75.7104 
0.990438 -0.0234059 0.13596 406.622 0.027216 0.999285 -0.0262325 -37.8073 -0.135249 0.029682 0.990367 76.6904 
0.99388 -0.026702 0.107187 406.727 0.0298674 0.999161 -0.0280354 -37.8442 -0.106348 0.0310653 0.993844 77.6803 
0.996359 -0.0291611 0.0801168 406.806 0.0316628 0.999044 -0.0301342 -37.8795 -0.0791615 0.0325612 0.99633 78.6838 
0.997992 -0.0305753 0.0554709 406.858 0.0323801 0.998965 -0.0319344 -37.9181 -0.0544371 0.0336664 0.997949 79.699 
0.998919 -0.0316925 0.034007 406.888 0.0327943 0.998939 -0.0323459 -37.957 -0.0329458 0.0334262 0.998898 80.7286 
0.999404 -0.0309395 0.0153213 406.898 0.031392 0.99905 -0.0302322 -37.9954 -0.0143713 0.0306951 0.999425 81.7695 
0.999574 -0.0291821 -1.79485e-05 406.889 0.029167 0.999078 -0.031518 -38.038 0.000937692 0.031504 0.999503 82.8171 
0.99948 -0.029803 -0.0122772 406.869 0.0293638 0.998973 -0.0345182 -38.0784 0.0132934 0.0341398 0.999329 83.8716 
0.999422 -0.0257418 -0.0221962 406.835 0.0248871 0.998969 -0.0379569 -38.118 0.0231504 0.0373825 0.999033 84.935 
0.999234 -0.0256766 -0.029532 406.797 0.0245587 0.998991 -0.0376138 -38.1625 0.030468 0.0368598 0.998856 86.0105 
0.99904 -0.0261123 -0.0351677 406.754 0.0248354 0.999033 -0.0362687 -38.2091 0.0360808 0.0353605 0.998723 87.095 
0.998844 -0.0269633 -0.0398008 406.706 0.025515 0.999009 -0.0364573 -38.2566 0.0407444 0.0353996 0.998542 88.1884 
0.998625 -0.0285299 -0.0439789 406.653 0.0268434 0.998899 -0.0384743 -38.3048 0.0450281 0.0372408 0.998291 89.288 
0.998402 -0.03039 -0.0476387 406.596 0.0284616 0.998768 -0.0406497 -38.3539 0.0488153 0.0392289 0.998037 90.3967 
0.998191 -0.0319492 -0.0509343 406.537 0.0298526 0.998696 -0.0414044 -38.4049 0.0521907 0.039809 0.997843 91.5137 
0.998032 -0.0321446 -0.0538385 406.472 0.0299952 0.998739 -0.0402664 -38.4574 0.0550649 0.0385723 0.997737 92.6418 
0.997875 -0.032135 -0.0566875 406.402 0.0299531 0.998793 -0.0389291 -38.5101 0.05787 0.0371484 0.997633 93.7787 
0.997696 -0.0325464 -0.0595302 406.33 0.0302889 0.998802 -0.0384384 -38.5625 0.0607099 0.0365467 0.997486 94.9232 
0.997504 -0.0329436 -0.0624571 406.253 0.0305654 0.998785 -0.0386589 -38.614 0.0636548 0.0366534 0.997299 96.0739 
0.997286 -0.0338523 -0.0653876 406.173 0.031275 0.998708 -0.0400449 -38.6663 0.0666588 0.0378912 0.997056 97.2302 
0.997061 -0.0348725 -0.0682092 406.089 0.0321465 0.998656 -0.040662 -38.7197 0.0695355 0.0383498 0.996842 98.3959 
0.996847 -0.035828 -0.0707939 406.002 0.0329477 0.998597 -0.0414436 -38.7751 0.0721794 0.0389804 0.99663 99.5699 
0.996674 -0.0364897 -0.07287 405.912 0.0334808 0.998552 -0.0420948 -38.8317 0.0743006 0.039515 0.996453 100.752 
0.996515 -0.0373218 -0.0745971 405.82 0.0342546 0.998531 -0.0419823 -38.8887 0.0760544 0.0392806 0.99633 101.943 
0.996365 -0.0383242 -0.0760841 405.726 0.0352829 0.998539 -0.0409235 -38.946 0.0775413 0.0380903 0.996261 103.145 
0.9962 -0.0397662 -0.0774843 405.628 0.0367433 0.998522 -0.040056 -39.0036 0.0789626 0.0370568 0.996189 104.357 
0.996016 -0.0414355 -0.0789577 405.53 0.0384453 0.998498 -0.0390222 -39.06 0.0804561 0.0358312 0.996114 105.578 
0.995836 -0.0424314 -0.0806901 405.428 0.0393434 0.998445 -0.0394831 -39.1169 0.08224 0.0361441 0.995957 106.807 
0.995663 -0.0424934 -0.082762 405.322 0.0392987 0.998432 -0.0398556 -39.1734 0.0843259 0.0364303 0.995772 108.043 
0.995532 -0.0417794 -0.0846801 405.21 0.0384277 0.998427 -0.0408322 -39.2312 0.0862528 0.0373957 0.995571 109.288 
0.995464 -0.0398435 -0.0863902 405.094 0.0363904 0.998489 -0.0411843 -39.2904 0.0879005 0.0378537 0.99541 110.542 
0.995367 -0.038504 -0.0880966 404.975 0.0349224 0.998514 -0.0418426 -39.3521 0.0895768 0.0385723 0.995233 111.799 
0.995187 -0.0383072 -0.0901936 404.856 0.0346084 0.998509 -0.042222 -39.4155 0.0916765 0.0388973 0.995029 113.06 
0.994836 -0.0404527 -0.0930864 404.736 0.0366321 0.998429 -0.0423928 -39.4794 0.094655 0.038764 0.994755 114.325 
0.994414 -0.0421013 -0.0967855 404.613 0.0381236 0.998365 -0.0425876 -39.5456 0.0984203 0.03866 0.994394 115.588 
0.993843 -0.0467357 -0.100455 404.489 0.0425919 0.998166 -0.043008 -39.6119 0.10228 0.0384646 0.994012 116.849 
0.99337 -0.048142 -0.104399 404.356 0.0435534 0.998001 -0.0457963 -39.6819 0.106395 0.0409457 0.99348 118.103 
0.992877 -0.0500308 -0.108131 404.217 0.0448382 0.997746 -0.0499317 -39.7532 0.110386 0.0447276 0.992882 119.354 
0.99243 -0.0508175 -0.111808 404.075 0.0451862 0.997607 -0.0523371 -39.8294 0.1142 0.0468887 0.992351 120.605 
0.992051 -0.0502003 -0.115386 403.924 0.04452 0.997691 -0.0512908 -39.9076 0.117695 0.0457461 0.991996 121.86 
0.991679 -0.048524 -0.119237 403.769 0.0430176 0.997905 -0.0483297 -39.9836 0.121332 0.0427982 0.991689 123.113 
0.991289 -0.0474408 -0.12286 403.608 0.0418708 0.997992 -0.0475291 -40.0568 0.124868 0.0419708 0.991285 124.365 
0.990939 -0.0456708 -0.126312 403.443 0.0403987 0.998215 -0.0439913 -40.1277 0.128095 0.0384898 0.991015 125.617 
0.990587 -0.0436829 -0.129724 403.273 0.0384912 0.998365 -0.0422638 -40.197 0.131358 0.0368728 0.990649 126.867 
0.990151 -0.0439522 -0.132925 403.101 0.0386309 0.998356 -0.042351 -40.2647 0.134568 0.0367989 0.990221 128.111 
0.989791 -0.0419729 -0.136206 402.922 0.036262 0.998367 -0.0441433 -40.331 0.137836 0.0387536 0.989697 129.352 
0.98941 -0.0401962 -0.139469 402.739 0.0340179 0.998343 -0.0464041 -40.3998 0.141103 0.0411683 0.989139 130.591 
0.989093 -0.037624 -0.142409 402.552 0.0310102 0.998347 -0.0483811 -40.4707 0.143994 0.0434372 0.988625 131.829 
0.988804 -0.0362189 -0.144761 402.362 0.0292011 0.998307 -0.0503129 -40.5449 0.146338 0.0455224 0.988187 133.066 
0.988652 -0.0307623 -0.147041 402.165 0.0235685 0.99845 -0.0504186 -40.6193 0.148364 0.0463809 0.987845 134.304 
0.988526 -0.0280849 -0.148414 401.967 0.0207205 0.998487 -0.050936 -40.6932 0.14962 0.0472764 0.987613 135.54 
0.988381 -0.0289916 -0.149209 401.774 0.0210855 0.998302 -0.0542987 -40.7704 0.15053 0.0505216 0.987314 136.776 
0.988325 -0.029304 -0.149514 401.579 0.0207521 0.998075 -0.0584411 -40.8485 0.150939 0.0546561 0.987031 138.01 
0.987998 -0.0349281 -0.150463 401.392 0.0261561 0.997862 -0.0598905 -40.9326 0.152233 0.0552362 0.9868 139.245 
0.987702 -0.0403506 -0.151054 401.209 0.0317366 0.997753 -0.0590097 -41.0182 0.153096 0.05349 0.986763 140.482 
0.987565 -0.043838 -0.150973 401.021 0.0353077 0.997649 -0.0587282 -41.1052 0.153192 0.0526674 0.986792 141.72 
0.987684 -0.0421288 -0.150682 400.828 0.0335236 0.997683 -0.0592004 -41.1905 0.152827 0.0534199 0.986808 142.955 
0.987971 -0.0386775 -0.149726 400.632 0.0298864 0.997719 -0.0605265 -41.2774 0.151726 0.0553236 0.986873 144.186 
0.988403 -0.032738 -0.148281 400.433 0.0237679 0.997801 -0.0618668 -41.3647 0.14998 0.057625 0.987008 145.415 
0.988825 -0.0287202 -0.146291 400.237 0.0198837 0.997908 -0.0615117 -41.4537 0.147752 0.0579155 0.987327 146.643 
0.989127 -0.0272516 -0.144516 400.05 0.018601 0.997972 -0.0608758 -41.5426 0.145882 0.0575258 0.987628 147.869 
0.989352 -0.0279648 -0.142832 399.868 0.0192638 0.997894 -0.061942 -41.6304 0.144263 0.058531 0.987807 149.09 
0.989526 -0.0305491 -0.141087 399.69 0.0218671 0.997794 -0.062682 -41.7178 0.142691 0.0589402 0.988011 150.31 
0.989731 -0.0310468 -0.139528 399.514 0.0225249 0.997807 -0.0622461 -41.8063 0.141154 0.058464 0.98826 151.529 
0.989964 -0.0313027 -0.137812 399.34 0.0230403 0.997863 -0.0611462 -41.8947 0.139431 0.0573573 0.988569 152.748 
0.99023 -0.0295587 -0.136276 399.166 0.0216767 0.998025 -0.058964 -41.9813 0.13775 0.0554339 0.988915 153.967 
0.990534 -0.0272388 -0.134536 398.991 0.0193921 0.998052 -0.0592935 -42.0664 0.13589 0.0561233 0.989133 155.183 
0.990811 -0.026215 -0.132687 398.82 0.0182077 0.997959 -0.0612051 -42.1516 0.13402 0.0582268 0.989266 156.396 
0.991045 -0.0247512 -0.131212 398.651 0.0164084 0.997797 -0.0642867 -42.2383 0.132514 0.061558 0.989268 157.609 
0.991171 -0.0251848 -0.130178 398.485 0.0165808 0.997631 -0.0667604 -42.3277 0.131551 0.0640125 0.98924 158.822 
0.991215 -0.0263598 -0.129605 398.322 0.0178113 0.997615 -0.0666807 -42.4183 0.131053 0.0637865 0.989321 160.038 
0.991279 -0.0262352 -0.12914 398.159 0.0179954 0.997751 -0.0645632 -42.5098 0.130543 0.0616763 0.989522 161.255 
0.991323 -0.0276932 -0.128497 397.998 0.0197045 0.997817 -0.0630308 -42.6002 0.129962 0.0599519 0.989705 162.474 
0.991381 -0.027879 -0.12801 397.836 0.020001 0.997849 -0.0624212 -42.6865 0.129474 0.0593229 0.989807 163.694 
0.991427 -0.0284471 -0.127526 397.674 0.0205348 0.997806 -0.0629354 -42.7752 0.129037 0.0597771 0.989836 164.915 
0.991462 -0.0304084 -0.126797 397.514 0.0223117 0.997649 -0.0647938 -42.8617 0.12847 0.0614116 0.98981 166.136 
0.991455 -0.0321508 -0.126422 397.354 0.023802 0.997469 -0.0670034 -42.9514 0.128257 0.0634217 0.989711 167.358 
0.991413 -0.0323906 -0.126696 397.192 0.0239701 0.997436 -0.0674308 -43.0443 0.128555 0.0638148 0.989647 168.581 
0.991425 -0.0334946 -0.126314 397.032 0.0248549 0.997282 -0.0693654 -43.1398 0.128294 0.0656311 0.989562 169.805 
0.991497 -0.0325216 -0.125998 396.868 0.0239052 0.997309 -0.0693039 -43.2352 0.127912 0.0657026 0.989607 171.031 
0.991545 -0.0322361 -0.125695 396.706 0.023831 0.997414 -0.0678093 -43.3309 0.127556 0.0642405 0.989749 172.261 
0.99157 -0.0324684 -0.125435 396.544 0.0242706 0.997502 -0.0663389 -43.4259 0.127276 0.0627353 0.989881 173.493 
0.991552 -0.0341659 -0.125131 396.385 0.0260009 0.99746 -0.0663136 -43.5187 0.127079 0.0624998 0.989922 174.725 
0.991554 -0.0352923 -0.124801 396.227 0.0271843 0.997444 -0.0660841 -43.6107 0.126814 0.0621333 0.989979 175.959 
0.991555 -0.0369955 -0.124299 396.068 0.0290341 0.997446 -0.0652619 -43.703 0.126396 0.0611019 0.990096 177.195 
0.991612 -0.0363074 -0.124045 395.908 0.0282982 0.997436 -0.0657303 -43.7955 0.126113 0.0616687 0.990097 178.43 
0.99165 -0.0372673 -0.12346 395.749 0.0290049 0.99726 -0.0680582 -43.889 0.125658 0.0639089 0.990013 179.665 
0.991672 -0.0387477 -0.122819 395.592 0.0300568 0.996963 -0.0718415 -43.9853 0.12523 0.0675516 0.989825 180.9 
0.991724 -0.0392843 -0.122233 395.435 0.0304526 0.996845 -0.0733006 -44.0838 0.124727 0.0689717 0.989791 182.136 
0.99167 -0.0412596 -0.12202 395.28 0.0328106 0.996975 -0.0704601 -44.1836 0.124558 0.0658696 0.990023 183.377 
0.991642 -0.042858 -0.121696 395.126 0.0348308 0.997122 -0.0673397 -44.2812 0.124232 0.0625381 0.99028 184.62 
0.99163 -0.0443443 -0.121259 394.973 0.0366411 0.99721 -0.0650359 -44.3752 0.123805 0.0600485 0.990488 185.861 
0.991726 -0.0432291 -0.120873 394.816 0.03546 0.997209 -0.0657048 -44.4684 0.123376 0.0608751 0.990491 187.1 
0.991802 -0.0447376 -0.1197 394.663 0.0369786 0.997116 -0.0662747 -44.5615 0.12232 0.061305 0.990596 188.342 
0.992215 -0.0403489 -0.117816 394.504 0.0324155 0.997125 -0.0684947 -44.6568 0.12024 0.0641425 0.99067 189.583 
0.9926 -0.0403035 -0.114544 394.352 0.032316 0.99697 -0.0707547 -44.7521 0.117048 0.0665295 0.990895 190.824 
0.993179 -0.0368625 -0.110616 394.201 0.0290002 0.996993 -0.071863 -44.8516 0.112932 0.068165 0.991262 192.065 
0.993761 -0.0354002 -0.105768 394.06 0.0277776 0.996967 -0.0726932 -44.9508 0.108021 0.0693017 0.99173 193.306 
0.994357 -0.0341286 -0.100443 393.925 0.0268622 0.996983 -0.0728278 -45.0513 0.102626 0.0697187 0.992274 194.552 
0.99494 -0.0325402 -0.0950543 393.796 0.025861 0.997164 -0.0706725 -45.1519 0.0970844 0.0678567 0.99296 195.802 
0.995392 -0.0346507 -0.0894122 393.678 0.0287767 0.997393 -0.0661683 -45.2487 0.0914719 0.0632904 0.993794 197.06 
0.995821 -0.0352232 -0.0842569 393.565 0.0298567 0.997495 -0.0641252 -45.3437 0.0863045 0.0613416 0.994379 198.316 
0.996161 -0.0387494 -0.0784969 393.465 0.0338121 0.997423 -0.0632791 -45.4334 0.0807467 0.060382 0.994904 199.575 
0.996609 -0.0385922 -0.0726681 393.367 0.0339846 0.997396 -0.063609 -45.5237 0.0749336 0.0609237 0.995326 200.835 
0.996987 -0.039437 -0.0667987 393.276 0.0350734 0.99725 -0.0652841 -45.6146 0.0691897 0.0627446 0.995628 202.096 
0.997423 -0.0380234 -0.0608371 393.19 0.0340097 0.997259 -0.0657028 -45.7058 0.0631686 0.0634644 0.995983 203.358 
0.997861 -0.0349382 -0.0552589 393.108 0.0311285 0.997175 -0.0683613 -45.8012 0.0574912 0.0664949 0.996129 204.619 
0.998088 -0.0367383 -0.0496999 393.039 0.0332459 0.997038 -0.0693597 -45.8963 0.0521008 0.0675748 0.996353 205.881 
0.998503 -0.0323797 -0.0440718 392.971 0.029215 0.997073 -0.0706507 -45.9952 0.0462304 0.0692575 0.996527 207.144 
0.998751 -0.0316156 -0.0386898 392.914 0.0288667 0.997153 -0.0696562 -46.0932 0.0407818 0.0684523 0.996821 208.409 
0.999027 -0.0288742 -0.0333328 392.861 0.026576 0.997369 -0.0674429 -46.1899 0.0351925 0.0664914 0.997166 209.677 
0.999271 -0.0260598 -0.0279123 392.815 0.0243013 0.997806 -0.0615871 -46.283 0.029456 0.0608639 0.997711 210.949 
0.999421 -0.0254633 -0.0225809 392.777 0.02404 0.997836 -0.0612063 -46.3729 0.0240905 0.060628 0.99787 212.218 
0.999475 -0.0271944 -0.0176174 392.75 0.0259713 0.997463 -0.0662825 -46.4633 0.0193752 0.0657901 0.997645 213.481 
0.999541 -0.0275912 -0.0125076 392.728 0.0266004 0.996944 -0.0734533 -46.558 0.014496 0.0730868 0.99722 214.742 
0.999455 -0.0321806 -0.00729674 392.719 0.0315293 0.996572 -0.0764907 -46.66 0.00973324 0.076219 0.997044 216.008 
0.999445 -0.0332625 -0.00173032 392.715 0.0330457 0.996752 -0.0734455 -46.7658 0.00416768 0.0733476 0.997298 217.281 
0.999348 -0.0358665 0.00424108 392.718 0.0360769 0.996838 -0.0707927 -46.8683 -0.00168858 0.0708995 0.997482 218.555 
0.999272 -0.0368619 0.00985684 392.728 0.0374595 0.996876 -0.0695352 -46.9668 -0.00726284 0.0698538 0.997531 219.829 
0.999172 -0.0375786 0.0156007 392.745 0.0385763 0.996833 -0.0695363 -47.0656 -0.0129382 0.0700805 0.997457 221.102 
0.999113 -0.0364069 0.0211499 392.766 0.0377977 0.99686 -0.0695817 -47.1647 -0.0185502 0.0703195 0.997352 222.374 
0.999005 -0.0359713 0.0263789 392.794 0.0377317 0.996862 -0.0695913 -47.2644 -0.0237929 0.0705174 0.997227 223.647 
0.998942 -0.0338031 0.0311768 392.826 0.0358767 0.997003 -0.0685431 -47.363 -0.0287664 0.0695891 0.997161 224.922 
0.998962 -0.0280362 0.0359116 392.859 0.030435 0.997215 -0.0680932 -47.4622 -0.0339025 0.0691154 0.997032 226.196 
0.998837 -0.0248896 0.0412902 392.899 0.0277573 0.997133 -0.0704005 -47.5615 -0.0394195 0.0714648 0.996664 227.468 
0.998667 -0.0210805 0.0471102 392.947 0.0243992 0.997177 -0.071019 -47.6596 -0.0454801 0.0720738 0.996362 228.746 
0.998361 -0.0207664 0.0533279 393.007 0.0243481 0.997428 -0.0674184 -47.7592 -0.0517907 0.0686063 0.996299 230.029 
0.998035 -0.0212513 0.058941 393.076 0.0251079 0.997538 -0.0654823 -47.8556 -0.0574043 0.0668336 0.996111 231.315 
0.997651 -0.0222736 0.0647759 393.154 0.0265398 0.997482 -0.0657644 -47.9503 -0.063148 0.0673291 0.99573 232.599 
0.997233 -0.0212726 0.0712354 393.239 0.0260048 0.997469 -0.0661761 -48.0448 -0.0696474 0.0678454 0.995262 233.885 
0.996768 -0.0186408 0.0781393 393.329 0.0236983 0.997649 -0.0643048 -48.1396 -0.0767569 0.0659487 0.994866 235.174 
0.996252 -0.0156231 0.0850743 393.427 0.0209609 0.997843 -0.0622152 -48.2339 -0.0839188 0.0637653 0.99443 236.464 
0.995652 -0.0143633 0.0920352 393.538 0.0200467 0.997929 -0.0611289 -48.326 -0.0909665 0.0627082 0.993878 237.754 
0.995025 -0.0126716 0.098816 393.657 0.0187865 0.997949 -0.0611991 -48.416 -0.0978378 0.0627511 0.993222 239.043 
0.994342 -0.0124078 0.105502 393.786 0.0188891 0.99798 -0.0606575 -48.5053 -0.104536 0.0623071 0.992567 240.334 
0.993656 -0.0121853 0.111796 393.925 0.0190796 0.997967 -0.0608072 -48.5952 -0.110828 0.0625544 0.991869 241.624 
0.993029 -0.0110959 0.117343 394.07 0.0183265 0.997987 -0.0607208 -48.6849 -0.116433 0.0624481 0.991233 242.916 
0.992417 -0.0116448 0.122368 394.223 0.0191541 0.997992 -0.06037 -48.7738 -0.121419 0.062256 0.990647 244.209 
0.991759 -0.0131868 0.12744 394.385 0.0207301 0.998099 -0.0580471 -48.8615 -0.126432 0.0602106 0.990146 245.506 
0.99112 -0.0129001 0.132347 394.552 0.0205402 0.99819 -0.0565261 -48.9487 -0.131378 0.0587426 0.98959 246.804 
0.990409 -0.0133908 0.137514 394.725 0.0212649 0.998207 -0.055952 -49.0313 -0.136518 0.0583396 0.988918 248.101 
0.989686 -0.012191 0.142737 394.905 0.0203844 0.998218 -0.0560815 -49.1136 -0.141799 0.0584127 0.988171 249.399 
0.988926 -0.00772684 0.148209 395.088 0.0158793 0.99842 -0.0539026 -49.1956 -0.147558 0.0556592 0.987486 250.702 
0.988109 -0.00592315 0.153643 395.28 0.013916 0.998602 -0.0509986 -49.2754 -0.153127 0.0525303 0.986809 252.008 
0.987198 -0.00516765 0.159413 395.482 0.0134032 0.998628 -0.0506295 -49.3549 -0.158933 0.052118 0.985913 253.312 
0.986193 -0.00535421 0.165516 395.693 0.0149961 0.998258 -0.0570587 -49.4321 -0.164923 0.0587529 0.984555 254.612 
0.985206 -0.00764263 0.171202 395.918 0.0179513 0.998111 -0.0587469 -49.5152 -0.170429 0.0609512 0.983483 255.917 
0.984035 -0.0114678 0.177605 396.154 0.0216968 0.998208 -0.0557592 -49.6021 -0.176648 0.0587225 0.982521 257.229 
0.982803 -0.0122249 0.184252 396.394 0.0220735 0.998429 -0.0514958 -49.6854 -0.183333 0.0546774 0.981529 258.544 
0.981389 -0.0115417 0.191682 396.643 0.0217075 0.998462 -0.0510198 -49.7655 -0.190798 0.0542312 0.98013 259.857 
0.979762 -0.00917603 0.199956 396.9 0.0200018 0.998437 -0.0521883 -49.8443 -0.199164 0.0551316 0.978414 261.168 
0.977917 -0.00684803 0.208881 397.169 0.0183399 0.998419 -0.0531293 -49.9241 -0.208187 0.0557869 0.976497 262.481 
0.975946 -0.00623586 0.217923 397.453 0.0177976 0.998533 -0.0511316 -50.004 -0.217285 0.0537802 0.974626 263.796 
0.973879 -0.00699003 0.22696 397.751 0.0184643 0.998654 -0.0484727 -50.0825 -0.226316 0.0513972 0.972697 265.111 
0.971769 -0.00772568 0.235808 398.063 0.0188095 0.998819 -0.0447905 -50.1572 -0.235183 0.0479615 0.970767 266.426 
