-0 -0 -0
0.0510237 -0.0217024 1.02657
0.154193 -0.0467841 2.05192
0.298747 -0.0723567 3.06811
0.490677 -0.102232 4.08564
0.731669 -0.134347 5.09175
1.01377 -0.169584 6.07557
1.34161 -0.205523 7.03873
1.71841 -0.241026 7.99204
2.12617 -0.275443 8.92083
2.57028 -0.3113 9.82548
3.04917 -0.347342 10.7029
3.56838 -0.382405 11.5581
4.1255 -0.416696 12.3847
4.72777 -0.44845 13.1862
5.35869 -0.480518 13.956
6.03178 -0.510198 14.6926
6.73177 -0.540232 15.3988
7.46254 -0.571623 16.0727
8.22424 -0.598792 16.7082
9.01017 -0.627687 17.3085
9.82568 -0.65789 17.8727
10.6713 -0.68439 18.4034
11.5411 -0.708663 18.8981
12.4394 -0.734949 19.3532
13.3545 -0.763605 19.7605
14.2849 -0.788406 20.1378
15.2397 -0.810584 20.4858
16.2203 -0.833777 20.8007
17.2064 -0.853756 21.0822
18.2035 -0.870191 21.3353
19.2242 -0.886354 21.5551
20.27 -0.904164 21.7414
21.3293 -0.920856 21.8936
22.4124 -0.93397 22.0197
23.498 -0.944675 22.1148
24.6068 -0.949975 22.1737
25.7102 -0.957348 22.2057
26.8223 -0.961815 22.2143
28.0373 -0.966519 22.195
29.2823 -0.968232 22.1543
30.531 -0.967445 22.0975
31.7739 -0.967954 22.0286
33.0223 -0.965254 21.9473
34.2785 -0.962521 21.8512
35.5339 -0.95577 21.7422
36.8084 -0.950819 21.6184
38.1001 -0.945058 21.4814
39.3994 -0.939963 21.335
40.7215 -0.935817 21.1761
42.0597 -0.931096 21.0033
43.4023 -0.926878 20.8264
44.7615 -0.925585 20.6384
46.1422 -0.922738 20.443
47.5601 -0.918864 20.2507
49.0022 -0.911953 20.0547
50.4554 -0.90518 19.8513
51.9212 -0.896332 19.648
53.3962 -0.888066 19.4406
54.8905 -0.880599 19.2322
56.4108 -0.877197 19.0218
57.9486 -0.872917 18.8101
59.5013 -0.86841 18.5989
61.0932 -0.863209 18.3823
62.7015 -0.857834 18.1642
64.3113 -0.853768 17.9507
65.9616 -0.848922 17.7299
67.6259 -0.845762 17.5048
69.2882 -0.839885 17.2822
70.9758 -0.835216 17.0639
72.6787 -0.830227 16.8431
74.3851 -0.82797 16.6298
76.1068 -0.824869 16.4127
77.8379 -0.819887 16.1956
79.6014 -0.812058 15.9718
81.3732 -0.805366 15.7469
83.1401 -0.802888 15.5262
84.9145 -0.8005 15.3065
86.7057 -0.802885 15.0855
88.5324 -0.804474 14.8535
90.3541 -0.806913 14.6239
92.1898 -0.808227 14.3895
94.0272 -0.809608 14.1589
95.874 -0.80966 13.926
97.7243 -0.811491 13.694
99.6211 -0.813305 13.4434
101.478 -0.820426 13.201
103.366 -0.82633 12.9421
105.256 -0.834329 12.6756
107.147 -0.84266 12.3944
109.066 -0.849264 12.0931
110.994 -0.859249 11.7868
112.902 -0.873252 11.4848
114.852 -0.884265 11.162
116.816 -0.891601 10.8191
118.786 -0.895104 10.4636
120.767 -0.900676 10.0948
122.74 -0.904077 9.71664
124.725 -0.906608 9.32142
126.71 -0.909477 8.92041
128.695 -0.910465 8.50638
130.688 -0.910842 8.07964
132.665 -0.910204 7.64464
134.66 -0.911486 7.19492
136.67 -0.909466 6.73523
138.688 -0.908568 6.261
140.705 -0.906766 5.77493
142.735 -0.906182 5.29225
144.758 -0.909421 4.79717
146.777 -0.914773 4.29084
148.818 -0.921326 3.77305
150.863 -0.925797 3.25052
152.917 -0.930394 2.71624
154.963 -0.934457 2.1712
157.034 -0.938719 1.60966
159.104 -0.94195 1.03902
161.181 -0.943248 0.456142
163.241 -0.949868 -0.130439
165.296 -0.953697 -0.72825
167.378 -0.962659 -1.34104
169.469 -0.971745 -1.96604
171.542 -0.980791 -2.59594
173.637 -0.989582 -3.24321
175.684 -0.998182 -3.886
177.754 -1.00629 -4.54298
179.837 -1.01314 -5.21245
181.897 -1.02025 -5.87918
183.948 -1.03129 -6.5444
186.014 -1.04567 -7.22229
188.091 -1.06451 -7.90947
190.187 -1.08422 -8.61065
192.269 -1.10517 -9.3161
194.381 -1.12596 -10.0408
196.449 -1.1436 -10.7568
198.564 -1.16108 -11.4975
200.711 -1.17919 -12.2562
202.827 -1.20013 -13.0075
204.958 -1.23084 -13.7614
207.058 -1.25731 -14.5229
209.144 -1.28275 -15.2872
211.235 -1.30425 -16.0633
213.366 -1.32283 -16.8646
215.486 -1.34351 -17.6656
217.598 -1.36464 -18.4717
219.769 -1.38833 -19.3098
221.921 -1.41346 -20.1485
224.061 -1.44044 -20.9847
226.217 -1.46976 -21.8378
228.367 -1.4989 -22.6973
230.551 -1.5252 -23.5768
232.548 -1.54627 -24.3796
234.549 -1.56814 -25.1892
236.723 -1.59155 -26.0874
238.847 -1.61561 -26.9671
241.013 -1.63902 -27.8764
243.19 -1.66196 -28.7994
245.332 -1.6837 -29.7155
247.453 -1.70534 -30.6349
249.565 -1.72603 -31.5608
251.703 -1.74553 -32.5104
253.845 -1.76802 -33.4657
255.977 -1.78891 -34.4246
258.151 -1.81058 -35.416
260.309 -1.82946 -36.4088
262.452 -1.84894 -37.4083
264.593 -1.87177 -38.4203
266.721 -1.89559 -39.429
268.859 -1.91881 -40.4511
271.005 -1.94256 -41.485
273.156 -1.96674 -42.5287
275.306 -1.98955 -43.5797
277.507 -2.01378 -44.6638
279.687 -2.04016 -45.7507
281.858 -2.06754 -46.8368
283.885 -2.10141 -47.8655
286.036 -2.12966 -48.9669
288.228 -2.15494 -50.0937
290.42 -2.17675 -51.2274
291.231 -2.18814 -51.6204
293.409 -2.20972 -52.761
293.897 -2.21452 -52.963
294.262 -2.21524 -53.1043
294.782 -2.39212 -53.6161
295.384 -2.56368 -54.1696
295.968 -2.58745 -54.4307
296.475 -2.61282 -54.6492
296.983 -2.6474 -54.901
297.521 -2.65264 -55.1392
298.16 -2.71392 -55.58
298.823 -2.7341 -55.9441
299.555 -2.77667 -56.4048
300.311 -2.81701 -56.8808
301.072 -2.84553 -57.2996
301.916 -2.87955 -57.8208
302.799 -2.89938 -58.3485
305.043 -2.87423 -59.6913
307.293 -2.84456 -61.0493
308.255 -2.8421 -61.6359
309.27 -2.83351 -62.2707
310.243 -2.81907 -62.8923
311.222 -2.80018 -63.5398
312.171 -2.78459 -64.1687
313.106 -2.77648 -64.7732
314.027 -2.76725 -65.3649
314.935 -2.75901 -65.9478
315.855 -2.74312 -66.5416
316.794 -2.7264 -67.1509
319.017 -2.68063 -68.6354
321.216 -2.63295 -70.1083
323.425 -2.57514 -71.5984
325.66 -2.51429 -73.1204
327.889 -2.45638 -74.6519
330.08 -2.40171 -76.1549
332.274 -2.3463 -77.6755
334.422 -2.28853 -79.1757
336.628 -2.23385 -80.7142
338.848 -2.19134 -82.2583
341.026 -2.16582 -83.8142
343.182 -2.13971 -85.3729
345.376 -2.0927 -86.9499
347.577 -2.01729 -88.5197
349.75 -1.9335 -90.0785
351.905 -1.84905 -91.6402
354.081 -1.76911 -93.2358
356.215 -1.6961 -94.8196
358.368 -1.62869 -96.4197
360.539 -1.56282 -98.0361
362.658 -1.49276 -99.6356
364.783 -1.42003 -101.248
366.919 -1.34506 -102.88
369.034 -1.27189 -104.503
370.662 -1.21454 -105.777
371.699 -1.17492 -106.632
372.754 -1.1265 -107.495
373.797 -1.07221 -108.355
374.842 -1.01361 -109.215
375.873 -0.960943 -110.069
376.894 -0.916641 -110.924
377.918 -0.878246 -111.784
378.944 -0.841739 -112.659
379.966 -0.807396 -113.54
380.985 -0.777674 -114.423
382.026 -0.743681 -115.341
383.108 -0.703347 -116.263
385.164 -0.6046 -117.938
387.235 -0.491799 -119.62
389.29 -0.381354 -121.26
391.353 -0.277503 -122.9
393.438 -0.185073 -124.555
395.517 -0.0953836 -126.196
397.614 -0.00624702 -127.849
399.697 0.0836418 -129.473
401.776 0.166627 -131.077
403.891 0.241148 -132.667
406.011 0.317699 -134.257
408.117 0.396046 -135.853
410.219 0.47392 -137.447
412.338 0.553776 -139.062
414.45 0.636435 -140.664
416.545 0.723365 -142.237
418.665 0.810536 -143.818
420.781 0.893519 -145.392
422.906 0.970892 -146.973
425.018 1.04361 -148.54
427.153 1.12369 -150.125
428.358 1.16876 -151.021
428.843 1.19121 -151.396
429.363 1.22054 -151.793
429.894 1.2527 -152.195
430.206 1.28116 -152.441
430.282 1.29035 -152.506
430.647 1.30351 -152.78
430.599 1.30693 -152.748
430.909 1.32377 -152.975
431.454 1.35047 -153.373
431.513 1.36326 -153.43
431.78 1.37839 -153.64
432.212 1.39812 -153.962
432.749 1.42498 -154.361
433.165 1.44732 -154.668
433.362 1.46045 -154.809
433.605 1.47635 -154.994
434.03 1.49608 -155.31
434.292 1.51093 -155.508
434.585 1.5249 -155.729
435.25 1.5498 -156.213
435.413 1.55407 -156.336
435.635 1.56129 -156.504
435.863 1.57342 -156.68
435.987 1.58253 -156.778
436.119 1.59013 -156.883
436.225 1.59775 -156.966
436.428 1.61116 -157.125
436.619 1.62457 -157.278
436.989 1.64071 -157.556
437.145 1.6478 -157.675
437.332 1.65965 -157.815
437.453 1.67146 -157.91
437.717 1.68897 -158.102
438.212 1.71003 -158.469
438.737 1.72543 -158.863
439.048 1.7351 -159.099
439.242 1.74497 -159.246
439.466 1.76015 -159.425
439.903 1.78166 -159.757
440.141 1.79075 -159.943
440.366 1.79583 -160.126
440.633 1.8076 -160.342
440.921 1.82197 -160.573
440.834 1.82269 -160.54
440.903 1.83058 -160.618
441.099 1.8416 -160.783
441.5 1.86475 -161.094
441.978 1.89022 -161.453
442.496 1.91815 -161.843
443.035 1.9446 -162.251
443.384 1.95842 -162.514
443.886 1.98187 -162.893
444.398 2.01013 -163.277
444.928 2.04122 -163.676
445.394 2.06431 -164.022
445.837 2.08395 -164.347
446.362 2.10772 -164.722
446.587 2.12271 -164.886
447.168 2.14951 -165.305
447.674 2.17391 -165.668
448.025 2.18745 -165.919
448.088 2.191 -165.976
448.559 2.21702 -166.318
449.055 2.24362 -166.673
449.591 2.27333 -167.057
450.119 2.30047 -167.439
450.514 2.31829 -167.734
451.008 2.33656 -168.094
451.495 2.3561 -168.45
452.002 2.37827 -168.819
452.2 2.39148 -168.973
452.715 2.41855 -169.352
453.2 2.44093 -169.704
453.636 2.46094 -170.032
454.04 2.48247 -170.337
454.492 2.50531 -170.674
455.048 2.53004 -171.078
455.573 2.55365 -171.463
456.022 2.57316 -171.79
456.337 2.5919 -172.024
456.33 2.59836 -172.033
455.238 2.56642 -171.294
455.794 2.58926 -171.697
456.353 2.60885 -172.098
456.841 2.63019 -172.459
457.361 2.65401 -172.838
457.88 2.6785 -173.214
458.411 2.70504 -173.59
458.959 2.7361 -173.978
459.236 2.75387 -174.182
459.777 2.77717 -174.562
460.296 2.79672 -174.922
460.87 2.81796 -175.317
461.428 2.83897 -175.705
462.007 2.85978 -176.106
462.563 2.87948 -176.492
463.319 2.90425 -177.011
463.993 2.92788 -177.479
465.944 2.98821 -178.793
468.129 3.05931 -180.265
470.322 3.1315 -181.737
472.508 3.20329 -183.207
474.707 3.27397 -184.687
476.895 3.34188 -186.155
479.082 3.40802 -187.625
481.265 3.47262 -189.09
482.741 3.51883 -190.094
483.367 3.54132 -190.538
483.987 3.56439 -190.983
484.581 3.58242 -191.405
485.202 3.60111 -191.851
485.698 3.62149 -192.218
486.205 3.6447 -192.584
486.797 3.67101 -192.997
487.34 3.69409 -193.375
487.867 3.71748 -193.739
488.403 3.74195 -194.111
488.984 3.76465 -194.516
489.463 3.78341 -194.853
489.995 3.80231 -195.221
490.499 3.82031 -195.565
490.986 3.83955 -195.894
491.534 3.86137 -196.266
492.159 3.88027 -196.681
492.68 3.89838 -197.036
493.24 3.9141 -197.41
493.542 3.92541 -197.624
494.119 3.94452 -198
494.666 3.96431 -198.368
495.204 3.98077 -198.732
495.761 3.99501 -199.105
496.342 4.01572 -199.497
496.876 4.03949 -199.852
497.092 4.05927 -200.023
497.669 4.07957 -200.399
497.969 4.09014 -200.61
498.572 4.10092 -201.005
499.107 4.11256 -201.355
499.304 4.12436 -201.499
499.899 4.14083 -201.866
500.481 4.15623 -202.229
500.678 4.16385 -202.364
500.858 4.16755 -202.481
501.457 4.17671 -202.838
502.05 4.18618 -203.199
502.713 4.19646 -203.591
503.431 4.20877 -204.013
504.013 4.22294 -204.362
504.563 4.23633 -204.695
505.075 4.24694 -205.011
505.663 4.25538 -205.364
506.265 4.26673 -205.735
506.91 4.27709 -206.127
507.547 4.28915 -206.515
508.161 4.30619 -206.9
508.921 4.32474 -207.359
509.559 4.34012 -207.749
510.268 4.34919 -208.174
510.495 4.35269 -208.349
511.115 4.35519 -208.725
513.411 4.36576 -209.99
515.703 4.37903 -211.252
517.994 4.39351 -212.511
520.309 4.40861 -213.782
522.619 4.42468 -215.046
524.909 4.44011 -216.288
527.222 4.45507 -217.539
529.532 4.47197 -218.786
531.867 4.49022 -220.042
534.195 4.5096 -221.284
536.528 4.53014 -222.523
538.877 4.55034 -223.774
541.213 4.56724 -225.005
543.51 4.58289 -226.195
545.855 4.60129 -227.423
548.207 4.62348 -228.66
550.543 4.64652 -229.871
552.892 4.67197 -231.092
555.233 4.69339 -232.306
555.33 4.70848 -232.388
555.164 4.7201 -232.342
555.081 4.73012 -232.343
554.97 4.73223 -232.325
554.773 4.73073 -232.274
554.488 4.7359 -232.21
554.442 4.74272 -232.254
554.557 4.7531 -232.374
554.566 4.76476 -232.449
554.517 4.77579 -232.492
554.465 4.78666 -232.539
554.523 4.79518 -232.634
554.252 4.80079 -232.578
553.99 4.80264 -232.514
553.742 4.80317 -232.441
553.514 4.80246 -232.363
553.263 4.80205 -232.271
553.124 4.79889 -232.211
552.83 4.80222 -232.109
552.53 4.80602 -232.006
552.216 4.80768 -231.903
551.919 4.80619 -231.8
551.63 4.80104 -231.692
551.348 4.79792 -231.584
551.076 4.79736 -231.469
550.824 4.79958 -231.35
550.573 4.79956 -231.231
550.295 4.79907 -231.122
550.094 4.79008 -231.013
549.938 4.77605 -230.898
549.758 4.7693 -230.79
549.604 4.76853 -230.688
549.437 4.77565 -230.569
549.251 4.77686 -230.456
549.148 4.77152 -230.408
549.13 4.75009 -230.385
549.027 4.7194 -230.312
548.938 4.70645 -230.261
548.821 4.7057 -230.195
548.833 4.70985 -230.192
548.723 4.70811 -230.153
548.635 4.71046 -230.153
548.533 4.71558 -230.142
548.422 4.72505 -230.134
548.297 4.7308 -230.115
548.16 4.7335 -230.088
548.064 4.7356 -230.079
547.961 4.73556 -230.064
547.868 4.73263 -230.058
547.774 4.72429 -230.035
547.676 4.71418 -230.012
547.574 4.70382 -230.002
547.481 4.69016 -230.008
547.39 4.67789 -229.996
547.29 4.67693 -229.967
547.702 4.68244 -230.096
548.037 4.68805 -230.227
549.035 4.69067 -230.553
549.649 4.6883 -230.763
550.234 4.69001 -230.967
550.61 4.69198 -231.104
550.572 4.69232 -231.123
551.213 4.69274 -231.339
551.87 4.69337 -231.564
552.514 4.69202 -231.779
553.134 4.69133 -231.992
553.873 4.69244 -232.224
554.609 4.69665 -232.443
556.036 4.70623 -232.845
558.514 4.70813 -233.531
560.963 4.70834 -234.205
563.354 4.70848 -234.863
565.802 4.71048 -235.533
568.263 4.71744 -236.203
570.772 4.72687 -236.887
573.26 4.73592 -237.555
575.752 4.738 -238.223
578.198 4.73818 -238.876
580.69 4.74308 -239.55
583.152 4.74423 -240.203
584.5 4.74375 -240.583
585.322 4.7406 -240.834
586.282 4.73698 -241.122
587.69 4.73462 -241.511
588.387 4.73531 -241.727
588.675 4.73642 -241.838
589.25 4.73899 -242.014
590.535 4.74273 -242.35
593.001 4.74101 -242.948
594.195 4.73722 -243.263
595.11 4.7341 -243.511
597.516 4.72952 -244.069
599.17 4.72611 -244.47
600.103 4.72307 -244.719
600.715 4.71309 -244.899
603.196 4.70101 -245.446
604.072 4.69162 -245.681
606.532 4.69101 -246.218
608.989 4.69676 -246.737
611.392 4.70178 -247.239
613.863 4.70243 -247.757
616.304 4.70233 -248.265
618.748 4.69706 -248.777
620.661 4.70984 -249.552
621.946 4.71384 -250.202
622.903 4.69051 -250.426
624.406 4.67222 -250.744
625.191 4.6464 -250.916
625.934 4.63312 -251.096
626.137 4.61839 -251.184
626.334 4.60266 -251.314
628.843 4.59293 -251.769
629.406 4.57163 -251.94
631.879 4.5647 -252.357
633.575 4.52963 -252.671
635.209 4.51662 -252.995
637.649 4.532 -253.391
640.128 4.54461 -253.789
641.117 4.53424 -254.004
642.356 4.52779 -254.254
644.838 4.53341 -254.619
647.33 4.54102 -254.985
649.844 4.54843 -255.357
652.308 4.55971 -255.709
654.793 4.57215 -256.066
657.295 4.58078 -256.42
659.795 4.58529 -256.758
662.316 4.58951 -257.101
664.284 4.6337 -257.553
666.801 4.63977 -257.882
669.326 4.64171 -258.205
671.824 4.63986 -258.511
672.406 4.64893 -258.685
674.938 4.64304 -258.981
677.444 4.63434 -259.262
679.993 4.62635 -259.555
682.507 4.61932 -259.829
685.04 4.61473 -260.107
687.58 4.61032 -260.384
690.093 4.60577 -260.648
692.647 4.59997 -260.917
693.996 4.60317 -261.152
696.164 4.60115 -261.423
698.667 4.59519 -261.638
701.205 4.59216 -261.861
703.765 4.5862 -262.09
706.304 4.57472 -262.298
708.854 4.56826 -262.514
711.34 4.5707 -262.723
713.907 4.57077 -262.945
716.49 4.56433 -263.163
719.04 4.55122 -263.377
721.65 4.54469 -263.593
724.229 4.54782 -263.815
726.831 4.55494 -264.026
729.424 4.56242 -264.221
732.002 4.56819 -264.419
734.568 4.57258 -264.608
737.138 4.57301 -264.794
739.719 4.56983 -264.983
742.328 4.56406 -265.173
744.941 4.55584 -265.362
747.54 4.54469 -265.556
750.133 4.53231 -265.717
752.77 4.52275 -265.876
755.382 4.51145 -266.023
757.984 4.50082 -266.162
760.519 4.4938 -266.311
763.08 4.48602 -266.46
765.693 4.47464 -266.597
768.337 4.46113 -266.733
770.991 4.44281 -266.856
773.472 4.42739 -266.995
776.119 4.39847 -267.108
778.704 4.36485 -267.188
781.349 4.33263 -267.268
783.958 4.3016 -267.334
786.589 4.26935 -267.407
789.259 4.23544 -267.495
791.28 4.21561 -267.594
793.351 4.19062 -267.695
795.998 4.15065 -267.778
798.007 4.12218 -267.862
800.087 4.1061 -267.972
801.775 4.1096 -268.104
803.275 4.12083 -268.234
805.92 4.07391 -268.173
808.603 4.02714 -268.105
811.249 3.97903 -268.034
813.94 3.92224 -267.966
816.665 3.84934 -267.896
819.443 3.75943 -267.802
822.187 3.67094 -267.702
824.908 3.58926 -267.598
827.6 3.51015 -267.482
830.267 3.43199 -267.353
832.968 3.35459 -267.228
835.676 3.27931 -267.097
838.401 3.20549 -266.967
841.094 3.12486 -266.832
843.847 3.03601 -266.684
846.556 2.94316 -266.532
849.247 2.84804 -266.373
851.924 2.75543 -266.212
854.609 2.66162 -266.048
857.288 2.56708 -265.88
859.983 2.47235 -265.711
863.574 2.34206 -265.472
866.283 2.24173 -265.316
869.005 2.13531 -265.158
871.723 2.02874 -264.997
874.459 1.92326 -264.832
877.178 1.82018 -264.662
879.86 1.71667 -264.489
882.57 1.60904 -264.313
885.293 1.50089 -264.134
887.993 1.39266 -263.955
890.69 1.27594 -263.762
893.374 1.15384 -263.566
896.047 1.03134 -263.374
898.738 0.912323 -263.184
901.428 0.795943 -262.992
904.134 0.678171 -262.793
906.813 0.556275 -262.588
909.496 0.429379 -262.381
912.177 0.298062 -262.176
914.855 0.164327 -261.969
917.52 0.0282005 -261.75
920.186 -0.105113 -261.53
922.852 -0.234704 -261.319
925.532 -0.366851 -261.104
928.196 -0.498345 -260.889
930.866 -0.632906 -260.669
933.524 -0.767142 -260.446
936.189 -0.901298 -260.221
938.859 -1.03731 -259.997
941.551 -1.17624 -259.772
944.215 -1.31536 -259.543
946.874 -1.45588 -259.311
949.539 -1.60161 -259.07
952.189 -1.75173 -258.825
954.849 -1.90677 -258.578
957.512 -2.0619 -258.326
960.138 -2.21712 -258.069
962.772 -2.37131 -257.809
965.411 -2.52577 -257.544
968.045 -2.6788 -257.278
970.672 -2.83464 -257.009
973.325 -2.99836 -256.735
975.955 -3.15929 -256.458
978.58 -3.3221 -256.174
981.202 -3.4849 -255.89
983.828 -3.6487 -255.609
986.459 -3.81713 -255.322
989.104 -3.9832 -255.04
991.745 -4.14775 -254.754
994.35 -4.31123 -254.463
996.995 -4.47753 -254.171
999.637 -4.6468 -253.874
1002.24 -4.81962 -253.573
1004.87 -4.99571 -253.268
1007.48 -5.17329 -252.964
1010.07 -5.35416 -252.636
1012.65 -5.53097 -252.311
1015.21 -5.70897 -251.986
1017.77 -5.88881 -251.655
1020.33 -6.0718 -251.322
1022.9 -6.2503 -250.987
1025.48 -6.42967 -250.651
1028.05 -6.61181 -250.309
1030.61 -6.79336 -249.968
1033.17 -6.97547 -249.622
1035.71 -7.1595 -249.269
1038.28 -7.34241 -248.912
1040.82 -7.52345 -248.563
1043.35 -7.70752 -248.209
1045.89 -7.88757 -247.85
1048.46 -8.07618 -247.483
1050.98 -8.26362 -247.119
1053.53 -8.44885 -246.747
1056.07 -8.63135 -246.375
1058.61 -8.81167 -246.005
1061.14 -8.98681 -245.633
1063.66 -9.16239 -245.263
1066.18 -9.33931 -244.89
1068.67 -9.51516 -244.517
1071.14 -9.69018 -244.144
1073.63 -9.86434 -243.773
1076.11 -10.0344 -243.397
1078.58 -10.2083 -243.025
1081.04 -10.3849 -242.65
1083.48 -10.5576 -242.276
1085.92 -10.7272 -241.899
1088.36 -10.8946 -241.52
1090.8 -11.0663 -241.137
1093.26 -11.2428 -240.741
1095.71 -11.4151 -240.351
1098.14 -11.5853 -239.965
1100.59 -11.7554 -239.574
1103.03 -11.9226 -239.178
1105.46 -12.0873 -238.782
1107.87 -12.2555 -238.384
1110.29 -12.43 -237.982
1112.71 -12.6081 -237.577
1115.13 -12.7847 -237.168
1117.54 -12.9553 -236.751
1119.92 -13.115 -236.341
1122.32 -13.2768 -235.924
1124.7 -13.442 -235.513
1125.72 -13.5131 -235.338
1126.01 -13.533 -235.284
1126.66 -13.5778 -235.167
1127.45 -13.6332 -235.017
1127.88 -13.6616 -234.928
1128.63 -13.7108 -234.786
1128.76 -13.7166 -234.737
1128.6 -13.7042 -234.749
1128.57 -13.6997 -234.743
1128.16 -13.6687 -234.809
1128.21 -13.6674 -234.793
1128.72 -13.6974 -234.708
1128.82 -13.6995 -234.692
1129.13 -13.7129 -234.639
1130.23 -13.7802 -234.461
1131.05 -13.8318 -234.332
1131.52 -13.8583 -234.27
1131.91 -13.881 -234.225
1132.3 -13.9012 -234.18
1134.46 -14.0417 -233.842
1136.78 -14.1915 -233.483
1139.09 -14.3397 -233.131
1141.39 -14.4876 -232.784
1143.68 -14.6351 -232.444
1145.96 -14.7835 -232.11
1148.24 -14.9333 -231.779
1150.5 -15.0835 -231.456
1152.78 -15.2311 -231.14
1155.04 -15.3733 -230.833
1157.31 -15.5132 -230.532
1159.6 -15.654 -230.237
1161.87 -15.7933 -229.947
1164.14 -15.9337 -229.665
1166.41 -16.0736 -229.388
1168.66 -16.2145 -229.114
1170.5 -16.3287 -228.911
1172.75 -16.4729 -228.64
1174.99 -16.6194 -228.369
1177.23 -16.7694 -228.098
1179.46 -16.9168 -227.836
1181.69 -17.068 -227.572
1183.92 -17.2196 -227.31
1186.12 -17.3682 -227.045
1188.33 -17.5153 -226.775
1190.21 -17.6406 -226.566
1192.4 -17.786 -226.299
1194.58 -17.929 -226.031
1196.65 -18.0578 -225.781
1198.82 -18.1861 -225.504
1200.99 -18.311 -225.222
1202.76 -18.4137 -225.006
1203.81 -18.4761 -224.918
1204.64 -18.5342 -224.87
1205.46 -18.5946 -224.812
1206.29 -18.6473 -224.744
1206.16 -18.6343 -224.838
1205.79 -18.5962 -224.98
1205.68 -18.5811 -225.066
1205.71 -18.5718 -225.124
1205.88 -18.5731 -225.15
1205.42 -18.5299 -225.282
1205.03 -18.4894 -225.405
1204.62 -18.4521 -225.526
1204.63 -18.4398 -225.572
1204.77 -18.4436 -225.583
1205.47 -18.4852 -225.485
1206.62 -18.5526 -225.307
1207.41 -18.5973 -225.199
1208.18 -18.6445 -225.092
1208.93 -18.691 -224.986
1208.43 -18.6519 -225.131
1207.94 -18.6095 -225.276
1207.42 -18.5652 -225.42
1206.96 -18.5179 -225.561
1206.51 -18.4715 -225.706
1206.05 -18.4253 -225.848
1205.55 -18.3767 -225.987
1205.05 -18.3239 -226.13
1204.55 -18.2734 -226.262
1204.08 -18.2298 -226.399
1203.62 -18.1908 -226.527
1203.56 -18.186 -226.563
1203.48 -18.178 -226.59
1204.21 -18.2251 -226.442
1205.97 -18.3445 -226.063
1207.97 -18.4805 -225.631
1209.98 -18.6169 -225.196
1212 -18.757 -224.757
1213.99 -18.8948 -224.317
1216 -19.0331 -223.871
1217.96 -19.1717 -223.433
1219.93 -19.3101 -222.991
1221.88 -19.451 -222.556
1223.8 -19.5894 -222.124
1225.71 -19.726 -221.686
1227.63 -19.8598 -221.245
1229.53 -19.9921 -220.803
1231.42 -20.1252 -220.363
1233.32 -20.2585 -219.927
1235.22 -20.393 -219.489
1237.12 -20.5255 -219.054
1238.98 -20.6542 -218.622
1240.88 -20.7822 -218.187
1242.75 -20.9074 -217.757
1244.61 -21.0308 -217.332
1246.46 -21.153 -216.913
1248.3 -21.2727 -216.501
1250.13 -21.3909 -216.092
1251.95 -21.5081 -215.688
1253.76 -21.6243 -215.291
1255.54 -21.7382 -214.907
1257.3 -21.8533 -214.52
1259.04 -21.9681 -214.141
1260.77 -22.0833 -213.764
1262.49 -22.1969 -213.394
1264.19 -22.3105 -213.028
1265.88 -22.4224 -212.671
1267.55 -22.5331 -212.322
1269.2 -22.6422 -211.978
1270.84 -22.7507 -211.641
1272.47 -22.8581 -211.311
1274.08 -22.9618 -210.994
1275.66 -23.0625 -210.689
1277.24 -23.1605 -210.399
1278.82 -23.2575 -210.123
1280.37 -23.3526 -209.865
1281.91 -23.4461 -209.632
1283.45 -23.5366 -209.423
1284.97 -23.6232 -209.243
1286.48 -23.7053 -209.089
1287.99 -23.7821 -208.961
1289.49 -23.8539 -208.861
1290.98 -23.9208 -208.784
1292.47 -23.9842 -208.736
1293.96 -24.0432 -208.717
1295.44 -24.0982 -208.729
1296.92 -24.1446 -208.774
1298.39 -24.1867 -208.848
1299.87 -24.2242 -208.959
1301.31 -24.2586 -209.099
1302.77 -24.288 -209.277
1304.23 -24.3137 -209.493
1305.68 -24.3322 -209.752
1307.12 -24.3429 -210.043
1308.55 -24.3456 -210.372
1309.96 -24.3393 -210.74
1311.37 -24.3261 -211.147
1312.76 -24.3105 -211.592
1314.14 -24.2923 -212.075
1315.5 -24.269 -212.596
1316.85 -24.2407 -213.153
1318.18 -24.2068 -213.744
1319.5 -24.167 -214.376
1320.8 -24.1211 -215.049
1322.08 -24.0701 -215.762
1323.35 -24.0137 -216.51
1324.58 -23.952 -217.283
1325.8 -23.8841 -218.095
1327 -23.8107 -218.946
1328.17 -23.7304 -219.826
1329.31 -23.6446 -220.745
1330.43 -23.5537 -221.69
1331.53 -23.4564 -222.664
1332.6 -23.3516 -223.667
1333.64 -23.2397 -224.703
1334.65 -23.1225 -225.763
1335.63 -23.0003 -226.856
1336.59 -22.8758 -227.974
1337.52 -22.7454 -229.121
1338.43 -22.6096 -230.294
1339.3 -22.469 -231.48
1340.15 -22.3221 -232.698
1340.97 -22.1741 -233.939
1341.75 -22.0237 -235.201
1342.51 -21.8707 -236.483
1343.22 -21.7158 -237.784
1343.9 -21.5547 -239.117
1344.56 -21.3873 -240.468
1345.17 -21.2126 -241.84
1345.75 -21.0327 -243.236
1346.29 -20.8499 -244.644
1346.79 -20.6627 -246.072
1347.25 -20.4695 -247.52
1347.68 -20.2715 -248.983
1348.06 -20.0688 -250.466
1348.4 -19.8631 -251.956
1348.69 -19.6543 -253.454
1348.94 -19.443 -254.955
1349.15 -19.2245 -256.484
1349.31 -19.0028 -258.015
1349.43 -18.7796 -259.545
1349.5 -18.5522 -261.08
1349.53 -18.3192 -262.621
1349.5 -18.086 -264.153
1349.44 -17.8521 -265.677
1349.32 -17.6156 -267.2
1349.17 -17.3743 -268.736
1348.96 -17.1284 -270.276
1348.71 -16.8796 -271.814
1348.42 -16.6322 -273.339
1348.07 -16.38 -274.874
1347.68 -16.1292 -276.395
1347.25 -15.8743 -277.912
1346.77 -15.618 -279.415
1346.25 -15.3594 -280.907
1345.69 -15.1001 -282.381
1345.09 -14.8399 -283.839
1344.44 -14.5761 -285.309
1343.74 -14.3089 -286.772
1343.02 -14.0438 -288.209
1342.25 -13.7749 -289.644
1341.45 -13.5042 -291.065
1340.62 -13.2329 -292.47
1339.74 -12.9614 -293.856
1338.84 -12.6944 -295.211
1337.89 -12.4175 -296.598
1336.9 -12.1407 -297.969
1335.89 -11.8669 -299.313
1334.85 -11.5929 -300.647
1333.8 -11.3191 -301.972
1332.72 -11.0497 -303.277
1331.61 -10.7819 -304.572
1330.49 -10.5122 -305.865
1329.34 -10.2401 -307.158
1328.18 -9.96845 -308.443
1326.99 -9.69326 -309.727
1325.79 -9.41577 -311.006
1324.57 -9.13907 -312.277
1323.34 -8.86064 -313.54
1322.12 -8.58349 -314.796
1320.88 -8.30774 -316.042
1319.64 -8.03206 -317.287
1318.39 -7.75616 -318.52
1317.14 -7.47999 -319.75
1315.88 -7.20391 -320.979
1314.63 -6.93062 -322.195
1313.36 -6.65357 -323.42
1312.09 -6.37804 -324.643
1310.82 -6.10148 -325.867
1309.56 -5.82667 -327.081
1308.29 -5.55032 -328.294
1307.01 -5.27314 -329.507
1305.74 -4.99282 -330.719
1304.45 -4.71134 -331.932
1303.18 -4.43021 -333.134
1301.9 -4.14838 -334.338
1300.62 -3.86805 -335.537
1299.34 -3.58867 -336.73
1298.07 -3.31085 -337.913
1296.8 -3.03259 -339.097
1295.54 -2.75899 -340.27
1294.28 -2.48893 -341.431
1293.02 -2.22152 -342.591
1291.76 -1.95561 -343.745
1290.51 -1.69181 -344.894
1289.26 -1.42841 -346.033
1288.01 -1.16721 -347.159
1286.77 -0.90557 -348.276
1285.52 -0.64718 -349.379
1284.27 -0.39235 -350.459
1283.02 -0.138198 -351.526
1281.77 0.111889 -352.57
1280.51 0.357298 -353.584
1279.25 0.602074 -354.578
1277.99 0.842604 -355.546
1276.71 1.07916 -356.487
1275.43 1.31183 -357.4
1274.13 1.54013 -358.284
1272.82 1.76159 -359.132
1271.51 1.97843 -359.945
1270.18 2.19277 -360.726
1268.84 2.40385 -361.471
1267.49 2.61017 -362.18
1266.13 2.80999 -362.844
1264.74 3.0064 -363.469
1263.35 3.19535 -364.052
1261.93 3.38115 -364.595
1260.5 3.56339 -365.096
1259.06 3.74066 -365.55
1257.62 3.91327 -365.954
1256.15 4.08352 -366.318
1254.66 4.24805 -366.63
1253.18 4.40459 -366.892
1251.68 4.55415 -367.107
1250.16 4.69945 -367.274
1248.65 4.83916 -367.396
1247.14 4.97068 -367.464
1245.64 5.09138 -367.47
1244.13 5.20644 -367.42
1242.63 5.31247 -367.315
1241.13 5.41053 -367.161
1239.64 5.49832 -366.958
1238.16 5.57577 -366.706
1236.82 5.64568 -366.457
1235.36 5.70949 -366.106
1233.92 5.76632 -365.711
1232.5 5.81047 -365.27
1231.08 5.84888 -364.782
1229.67 5.87983 -364.253
1228.27 5.90359 -363.685
1226.89 5.92385 -363.077
1225.53 5.93246 -362.426
1224.17 5.93624 -361.733
1222.83 5.93111 -360.996
1221.5 5.92349 -360.213
1220.2 5.91126 -359.389
1218.95 5.89246 -358.528
1217.73 5.85974 -357.63
1216.52 5.80948 -356.684
1215.34 5.74935 -355.679
1214.2 5.68827 -354.637
1213.09 5.62768 -353.56
1212.03 5.56182 -352.457
1211.01 5.48384 -351.329
1210.02 5.39469 -350.161
1209.07 5.29618 -348.966
1208.15 5.1856 -347.74
1207.25 5.06489 -346.467
1206.4 4.9397 -345.135
1205.59 4.81042 -343.79
1205.42 4.79323 -344.349
1204.68 4.65632 -342.974
1204.24 4.59305 -342.597
1203.66 4.47952 -341.574
1203.36 4.45127 -341.541
1202.88 4.35064 -340.677
1202.45 4.25325 -339.86
1202.05 4.15574 -339.098
1201.63 4.03936 -338.087
1201.35 3.98467 -337.694
1201.08 3.92953 -337.261
1200.83 3.88693 -336.878
1200.58 3.83357 -336.396
1200.38 3.79396 -336.064
1200.18 3.74754 -335.696
1200.02 3.71694 -335.499
1199.84 3.67642 -335.189
1199.7 3.65458 -335.044
1199.47 3.57159 -334.248
1199.26 3.50949 -333.61
1199.05 3.44653 -332.949
1198.87 3.40758 -332.509
1198.71 3.38724 -332.26
1198.46 3.29223 -331.222
1198.15 3.13597 -329.533
1197.93 3.04113 -328.576
1197.78 2.99506 -328.177
