0,0,-0
0.0162197,-0.00619029,0.290573
0.0294229,-0.0110892,0.584553
0.0431416,-0.0138297,0.88455
0.0506637,-0.0165632,1.18938
0.0561534,-0.018748,1.50717
0.0547555,-0.0212121,1.83106
0.0403642,-0.0267476,2.16551
0.0113011,-0.0327959,2.51002
-0.0234368,-0.0364897,2.86666
-0.0619231,-0.039712,3.2353
-0.106702,-0.0421836,3.61833
-0.16003,-0.0458803,4.01415
-0.228353,-0.0508435,4.41978
-0.305006,-0.0575214,4.8359
-0.38822,-0.0639032,5.26105
-0.475959,-0.0716396,5.69698
-0.565125,-0.0785058,6.14523
-0.666443,-0.085043,6.6072
-0.773163,-0.0922559,7.07829
-0.887609,-0.103252,7.55891
-1.00148,-0.115699,8.05201
-1.11712,-0.128758,8.55808
-1.24958,-0.143781,9.07157
-1.40028,-0.157621,9.59193
-1.55606,-0.17624,10.125
-1.71158,-0.199163,10.6686
-1.87209,-0.218569,11.2294
-2.04867,-0.242949,11.797
-2.23638,-0.270242,12.3749
-2.42814,-0.300347,12.9625
-2.62631,-0.335394,13.5589
-2.83305,-0.374477,14.1663
-3.04689,-0.418055,14.7831
-3.26792,-0.468103,15.4109
-3.49594,-0.525336,16.0494
-3.73465,-0.58907,16.6991
-3.97948,-0.658194,17.359
-4.23304,-0.731703,18.0281
-4.49519,-0.808211,18.7068
-4.76313,-0.888991,19.3958
-5.03496,-0.973634,20.0968
-5.31519,-1.05798,20.8051
-5.60451,-1.14132,21.5206
-5.90253,-1.22461,22.2408
-6.21317,-1.30603,22.9701
-6.53695,-1.38642,23.7034
-6.87328,-1.46523,24.4407
-7.21637,-1.54015,25.1822
-7.56792,-1.61299,25.9307
-7.93151,-1.68526,26.6848
-8.30855,-1.75849,27.4463
-8.69492,-1.83171,28.2153
-9.09435,-1.90238,28.9939
-9.50593,-1.97064,29.7773
-9.92731,-2.03794,30.5652
-10.3582,-2.10264,31.3611
-10.8015,-2.16242,32.1631
-11.2566,-2.222,32.9713
-11.7219,-2.28256,33.7895
-12.1999,-2.34341,34.619
-12.697,-2.40265,35.4629
-13.1897,-2.4661,36.3064
-13.7005,-2.52835,37.1707
-14.2112,-2.5932,38.0443
-14.7318,-2.65798,38.9313
-15.2579,-2.7229,39.8285
-15.791,-2.78819,40.7342
-16.3284,-2.85431,41.6407
-16.8739,-2.91981,42.5481
-17.4201,-2.98419,43.4481
-17.9714,-3.04715,44.3398
-18.5285,-3.10886,45.2221
-19.0968,-3.17075,46.0984
-19.6802,-3.23152,46.9737
-20.2777,-3.29379,47.8466
-20.8856,-3.3532,48.7119
-21.4965,-3.40925,49.5698
-22.1106,-3.46895,50.4228
-22.7315,-3.53133,51.2697
-23.3563,-3.59695,52.121
-23.9895,-3.66321,52.9768
-24.6304,-3.72717,53.8303
-25.275,-3.78538,54.6781
-25.9248,-3.84285,55.5215
-26.5783,-3.90175,56.3616
-27.2369,-3.96185,57.2017
-27.9049,-4.0231,58.0404
-28.5827,-4.08508,58.8776
-29.2679,-4.14767,59.7099
-29.9609,-4.20974,60.5377
-30.6634,-4.27107,61.3628
-31.3724,-4.33426,62.1834
-32.0913,-4.39918,62.9976
-32.8199,-4.46506,63.8084
-33.5595,-4.5325,64.6152
-34.3061,-4.59996,65.4169
-35.0632,-4.6658,66.2123
-35.8288,-4.73196,67.0042
-36.6076,-4.79665,67.7907
-37.3995,-4.8627,68.5755
-38.1968,-4.93047,69.3572
-39.0088,-4.99869,70.1384
-39.8258,-5.06629,70.9154
-40.6526,-5.13621,71.6899
-41.4873,-5.20794,72.4624
-42.3357,-5.28142,73.2348
-43.1924,-5.35665,74.0057
-44.0582,-5.43282,74.775
-44.9294,-5.508,75.5397
-45.8082,-5.58269,76.3015
-46.6973,-5.6586,77.0639
-47.5977,-5.73364,77.8264
-48.501,-5.81155,78.5875
-49.4106,-5.88951,79.3473
-50.327,-5.96965,80.1044
-51.2537,-6.05273,80.8614
-52.1909,-6.13699,81.6109
-53.1402,-6.21964,82.3496
-54.1077,-6.30273,83.0771
-55.0848,-6.38513,83.7946
-56.0717,-6.46406,84.5012
-57.0694,-6.54749,85.1992
-58.0803,-6.63141,85.8893
-59.104,-6.71908,86.5731
-60.1406,-6.80664,87.2459
-61.1866,-6.89363,87.9043
-62.2433,-6.98029,88.5513
-63.3103,-7.06929,89.1828
-64.3886,-7.16056,89.806
-65.477,-7.2518,90.4213
-66.5779,-7.34308,91.0275
-67.6872,-7.43423,91.6264
-68.8027,-7.52406,92.2162
-69.9217,-7.61379,92.7993
-71.0461,-7.70543,93.3743
-72.1764,-7.80246,93.9407
-73.3081,-7.90315,94.5006
-74.4437,-8.00539,95.0556
-75.5825,-8.10828,95.6059
-76.7199,-8.20707,96.1515
-77.8549,-8.30234,96.6879
-78.9908,-8.39621,97.22
-80.1214,-8.48665,97.7436
-81.2579,-8.577,98.2658
-82.3857,-8.66411,98.7808
-83.517,-8.74645,99.289
-84.6363,-8.82879,99.7943
-85.7374,-8.91446,100.293
-86.829,-8.99691,100.784
-87.9091,-9.07881,101.268
-88.976,-9.1621,101.744
-90.0277,-9.2473,102.211
-91.0696,-9.32934,102.674
-92.1001,-9.41407,103.139
-93.1172,-9.49873,103.606
-94.1278,-9.58002,104.078
-95.1329,-9.66045,104.556
-96.1316,-9.74022,105.04
-97.1175,-9.81808,105.532
-98.0967,-9.89523,106.033
-99.0663,-9.97298,106.543
-100.023,-10.0514,107.062
-100.971,-10.1306,107.591
-101.911,-10.2107,108.132
-102.84,-10.2912,108.684
-103.756,-10.3714,109.247
-104.659,-10.4504,109.821
-105.544,-10.5303,110.4
-106.416,-10.6071,110.99
-107.272,-10.6847,111.589
-108.114,-10.7624,112.196
-108.946,-10.8383,112.806
-109.762,-10.911,113.423
-110.562,-10.9805,114.041
-111.349,-11.0475,114.663
-112.125,-11.1155,115.293
-112.882,-11.1833,115.927
-113.633,-11.2502,116.57
-114.369,-11.3156,117.217
-115.092,-11.3792,117.867
-115.805,-11.4405,118.518
-116.507,-11.4999,119.172
-117.198,-11.5582,119.829
-117.877,-11.6166,120.487
-118.539,-11.6724,121.142
-119.187,-11.7248,121.798
-119.822,-11.7754,122.452
-120.441,-11.8246,123.11
-121.044,-11.8719,123.771
-121.63,-11.9173,124.431
-122.2,-11.9608,125.095
-122.757,-12.0027,125.768
-123.304,-12.0431,126.449
-123.839,-12.0845,127.14
-124.362,-12.125,127.837
-124.872,-12.1635,128.543
-125.369,-12.1985,129.257
-125.857,-12.232,129.977
-126.332,-12.264,130.704
-126.8,-12.2934,131.436
-127.262,-12.3216,132.177
-127.719,-12.3486,132.926
-128.164,-12.3769,133.682
-128.6,-12.404,134.447
-129.03,-12.4303,135.221
-129.455,-12.4565,136.002
-129.88,-12.4818,136.793
-130.305,-12.5049,137.598
-130.732,-12.5256,138.414
-131.158,-12.545,139.241
-131.583,-12.5577,140.083
-132.006,-12.5697,140.938
-132.427,-12.5806,141.811
-132.844,-12.5882,142.697
-133.26,-12.5955,143.599
-133.672,-12.601,144.516
-134.079,-12.6066,145.449
-134.482,-12.6126,146.398
-134.88,-12.6208,147.364
-135.275,-12.6298,148.351
-135.662,-12.6382,149.359
-136.034,-12.6477,150.392
-136.39,-12.6544,151.445
-136.725,-12.6591,152.518
-137.038,-12.6623,153.61
-137.328,-12.6636,154.723
-137.598,-12.6623,155.854
-137.845,-12.6575,157.006
-138.069,-12.6502,158.175
-138.269,-12.6379,159.358
-138.443,-12.6258,160.559
-138.593,-12.6127,161.777
-138.717,-12.6007,163.015
-138.82,-12.5899,164.266
-138.9,-12.5751,165.532
-138.957,-12.5579,166.814
-138.985,-12.5417,168.11
-138.99,-12.5249,169.418
-138.967,-12.5091,170.741
-138.917,-12.4954,172.072
-138.843,-12.4838,173.417
-138.741,-12.475,174.778
-138.61,-12.4708,176.148
-138.453,-12.4721,177.53
-138.272,-12.4795,178.919
-138.062,-12.4962,180.317
-137.826,-12.52,181.727
-137.561,-12.5503,183.145
-137.267,-12.5838,184.57
-136.947,-12.6184,185.994
-136.599,-12.6569,187.417
-136.227,-12.6989,188.849
-135.83,-12.7451,190.291
-135.403,-12.7951,191.742
-134.948,-12.8467,193.195
-134.457,-12.9054,194.651
-133.942,-12.9671,196.096
-133.389,-13.0376,197.544
-132.808,-13.1145,198.991
-132.196,-13.1979,200.435
-131.542,-13.2902,201.878
-130.85,-13.3882,203.306
-130.121,-13.4869,204.722
-129.34,-13.5969,206.124
-128.517,-13.711,207.505
-127.651,-13.8314,208.869
-126.745,-13.9541,210.211
-125.799,-14.085,211.528
-124.814,-14.2246,212.824
-123.79,-14.3714,214.1
-122.732,-14.522,215.356
-121.644,-14.6781,216.59
-120.523,-14.8327,217.808
-119.375,-14.995,218.999
-118.204,-15.1639,220.166
-117.011,-15.3378,221.31
-115.794,-15.5165,222.435
-114.556,-15.6981,223.536
-113.299,-15.8808,224.614
-112.03,-16.0627,225.658
-110.747,-16.2444,226.664
-109.46,-16.4266,227.631
-108.161,-16.6091,228.566
-106.848,-16.7935,229.462
-105.523,-16.9755,230.327
-104.184,-17.1535,231.149
-102.841,-17.3294,231.931
-101.487,-17.5006,232.673
-100.128,-17.6687,233.374
-98.7697,-17.8343,234.031
-97.4078,-17.9985,234.647
-96.0421,-18.162,235.224
-94.6694,-18.3244,235.768
-93.3012,-18.4855,236.278
-91.9363,-18.6453,236.756
-90.5882,-18.8117,237.204
-89.2402,-18.9861,237.622
-87.8951,-19.1688,238.014
-86.555,-19.3547,238.38
-85.2179,-19.5382,238.719
-83.8832,-19.7192,239.026
-82.5536,-19.8973,239.303
-81.2292,-20.0741,239.553
-79.9157,-20.2492,239.768
-78.6111,-20.4251,239.967
-77.3157,-20.5996,240.138
-76.0202,-20.7778,240.28
-74.7348,-20.9523,240.397
-73.4581,-21.1191,240.494
-72.1906,-21.2783,240.564
-70.9446,-21.4356,240.626
-69.7175,-21.5903,240.677
-68.503,-21.7448,240.722
-67.3073,-21.9032,240.758
-66.132,-22.0659,240.79
-64.963,-22.2255,240.82
-63.7924,-22.3892,240.841
-62.6323,-22.5449,240.858
-61.4902,-22.6899,240.873
-60.3648,-22.831,240.889
-59.2518,-22.9731,240.906
-58.1481,-23.117,240.928
-57.0505,-23.2613,240.954
-55.9615,-23.4033,240.98
-54.8845,-23.5456,241.014
-53.8113,-23.6854,241.052
-52.7459,-23.825,241.094
-51.6816,-23.9672,241.141
-50.6241,-24.1065,241.191
-49.5727,-24.2429,241.251
-48.5243,-24.3785,241.321
-47.482,-24.5137,241.4
-46.4436,-24.6462,241.485
-45.4116,-24.7781,241.574
-44.3866,-24.9069,241.671
-43.3662,-25.035,241.775
-42.3526,-25.1613,241.884
-41.3442,-25.2919,242.003
-40.3399,-25.4192,242.126
-39.3381,-25.5476,242.256
-38.3421,-25.6749,242.393
-37.353,-25.8008,242.535
-36.3684,-25.9254,242.68
-35.3915,-26.0475,242.831
-34.4216,-26.1678,242.984
-33.4582,-26.2902,243.146
-32.5031,-26.4129,243.317
-31.5549,-26.5331,243.497
-30.6105,-26.6552,243.689
-29.6659,-26.7766,243.887
-28.7203,-26.8982,244.089
-27.7721,-27.0178,244.292
-26.8172,-27.1371,244.496
-25.8598,-27.2583,244.704
-24.8962,-27.382,244.913
-23.9361,-27.5053,245.128
-22.9728,-27.6291,245.347
-22.0086,-27.7511,245.57
-21.0422,-27.8733,245.794
-20.0785,-27.996,246.024
-19.1199,-28.1144,246.258
-18.1623,-28.2331,246.497
-17.2061,-28.3543,246.743
-16.2525,-28.4755,246.996
-15.3034,-28.5943,247.256
-14.3597,-28.7153,247.522
-13.4205,-28.833,247.797
-12.4839,-28.9518,248.085
-11.5503,-29.072,248.387
-10.6248,-29.1924,248.699
-9.70763,-29.3103,249.022
-8.79789,-29.4272,249.354
-7.89094,-29.5451,249.697
-6.98557,-29.6635,250.052
-6.08476,-29.7808,250.414
-5.18612,-29.896,250.781
-4.29062,-30.011,251.156
-3.3992,-30.1236,251.54
-2.51564,-30.2362,251.931
-1.63877,-30.3492,252.324
-0.768388,-30.4577,252.725
0.0963093,-30.5683,253.134
0.954081,-30.6793,253.546
1.8036,-30.7858,253.966
2.64828,-30.8904,254.391
3.48518,-30.9929,254.824
4.31181,-31.0907,255.265
5.13289,-31.1848,255.711
5.94636,-31.2795,256.164
6.75508,-31.3747,256.624
7.55656,-31.4678,257.089
8.35171,-31.5591,257.559
9.14251,-31.6518,258.037
9.932,-31.7416,258.524
10.7175,-31.8311,259.019
11.5014,-31.9191,259.521
12.283,-32.0028,260.028
13.0648,-32.0836,260.542
13.8479,-32.1634,261.06
14.6327,-32.2394,261.58
15.4178,-32.3143,262.104
16.2004,-32.3889,262.628
16.9836,-32.4624,263.154
17.7693,-32.5361,263.682
18.5584,-32.6113,264.215
19.3498,-32.6873,264.748
20.1414,-32.7598,265.285
20.9342,-32.829,265.826
21.7287,-32.8966,266.37
22.5232,-32.9619,266.916
23.3188,-33.0251,267.465
24.1202,-33.0893,268.022
24.9221,-33.1521,268.577
25.7271,-33.214,269.133
26.5343,-33.2746,269.692
27.3403,-33.3342,270.248
28.1438,-33.3909,270.806
28.9471,-33.4455,271.364
29.7484,-33.5009,271.922
30.5463,-33.5536,272.482
31.3447,-33.6031,273.042
32.1409,-33.652,273.606
32.9375,-33.698,274.174
33.7307,-33.743,274.744
34.5173,-33.7858,275.319
35.299,-33.8253,275.896
36.0715,-33.8637,276.482
36.8414,-33.902,277.074
37.6099,-33.9354,277.672
38.3742,-33.9706,278.276
39.1317,-34.0025,278.886
39.8835,-34.0299,279.503
40.6317,-34.0592,280.129
41.3722,-34.0891,280.767
42.1076,-34.1154,281.416
42.8372,-34.1421,282.076
43.5588,-34.1655,282.747
44.2762,-34.187,283.427
44.9878,-34.205,284.12
45.6968,-34.2193,284.826
46.404,-34.2314,285.543
47.1058,-34.239,286.27
47.8005,-34.2436,287.005
48.4886,-34.2459,287.756
49.167,-34.2465,288.522
49.8369,-34.2457,289.301
50.4988,-34.2413,290.092
51.1505,-34.2338,290.896
51.7964,-34.2244,291.71
52.4287,-34.2147,292.538
53.0509,-34.2027,293.376
53.6636,-34.1898,294.226
54.2689,-34.1763,295.089
54.867,-34.1643,295.957
55.4613,-34.1495,296.836
56.0512,-34.1333,297.727
56.6366,-34.1164,298.63
57.2139,-34.0953,299.541
57.7892,-34.0708,300.459
58.3629,-34.0436,301.388
58.9343,-34.0183,302.321
59.5034,-33.9933,303.247
60.073,-33.9701,304.187
60.6434,-33.9516,305.133
61.2179,-33.9377,306.086
61.7992,-33.9237,307.046
62.3782,-33.9092,308.004
62.9581,-33.8963,308.96
63.5384,-33.8814,309.924
64.1192,-33.8688,310.892
64.6997,-33.8565,311.86
65.2792,-33.845,312.831
65.8541,-33.8339,313.808
66.4206,-33.8232,314.787
66.9808,-33.8099,315.77
67.5316,-33.7958,316.759
68.0673,-33.782,317.755
68.5882,-33.767,318.754
69.0952,-33.7502,319.757
69.5872,-33.7329,320.769
70.0669,-33.7152,321.784
70.5325,-33.6945,322.8
70.9836,-33.6718,323.823
71.4178,-33.6495,324.851
71.8332,-33.6271,325.882
72.2328,-33.604,326.915
72.6185,-33.5806,327.953
72.9919,-33.5568,328.994
73.3614,-33.5329,330.035
73.7287,-33.5068,331.076
74.0921,-33.4817,332.118
74.4516,-33.4564,333.159
74.8057,-33.4326,334.201
75.1537,-33.4095,335.244
75.4949,-33.3872,336.287
75.828,-33.3669,337.332
76.153,-33.347,338.378
76.4716,-33.3258,339.429
76.779,-33.3031,340.479
77.081,-33.2796,341.529
77.3759,-33.2543,342.573
77.6682,-33.2324,343.616
77.9577,-33.2089,344.656
78.2433,-33.1885,345.694
78.5221,-33.1676,346.724
78.7983,-33.1476,347.745
79.0797,-33.1285,348.753
79.3706,-33.11,349.741
79.6751,-33.0929,350.713
79.9872,-33.0764,351.665
80.3042,-33.0602,352.598
80.6201,-33.0446,353.516
80.9347,-33.0294,354.42
81.2471,-33.0155,355.318
81.5571,-33.0021,356.217
81.8604,-32.9883,357.115
82.1532,-32.9741,358.011
82.4346,-32.9587,358.907
82.6991,-32.9447,359.804
82.9491,-32.9293,360.701
83.1805,-32.9141,361.597
83.3901,-32.8986,362.496
83.5742,-32.8816,363.401
83.7304,-32.8655,364.312
83.8521,-32.8593,365.207
83.9693,-32.8478,366.181
84.0576,-32.8349,367.166
84.1154,-32.823,368.144
84.1448,-32.8084,369.12
84.1393,-32.7907,370.095
84.1066,-32.7748,371.07
84.0456,-32.7578,372.047
83.9554,-32.7457,373.02
83.8444,-32.7315,373.999
83.712,-32.7101,374.989
83.5657,-32.6929,375.986
83.4191,-32.6716,376.982
83.2699,-32.6476,377.979
83.1218,-32.6284,378.988
82.9736,-32.6133,380.013
82.8302,-32.6017,381.048
82.693,-32.5897,382.09
82.5584,-32.5792,383.139
82.4257,-32.5715,384.196
82.2951,-32.566,385.263
82.1648,-32.5628,386.342
82.0309,-32.5609,387.435
81.8937,-32.559,388.538
81.7556,-32.5547,389.651
81.6153,-32.5491,390.773
81.4729,-32.5438,391.906
81.3313,-32.5386,393.047
81.188,-32.5368,394.194
81.0446,-32.5379,395.345
80.8999,-32.5413,396.503
80.7528,-32.5479,397.666
80.5986,-32.5561,398.831
80.4332,-32.5644,399.99
80.2557,-32.5729,401.144
80.0642,-32.5827,402.293
79.8607,-32.5933,403.44
79.6457,-32.6047,404.585
79.4207,-32.6164,405.726
79.1871,-32.6283,406.858
78.9421,-32.6409,407.981
78.6866,-32.6531,409.096
78.4243,-32.6675,410.208
78.1535,-32.6831,411.312
77.8761,-32.6991,412.412
77.5955,-32.716,413.507
77.3122,-32.7323,414.599
77.0228,-32.7536,415.684
76.7322,-32.7754,416.768
76.4328,-32.7985,417.853
76.1221,-32.8238,418.941
75.8075,-32.8463,420.025
75.4875,-32.8686,421.109
75.1594,-32.8921,422.193
74.8309,-32.9139,423.28
74.502,-32.9343,424.368
74.174,-32.9483,425.457
73.8461,-32.9614,426.549
73.5177,-32.9739,427.643
73.1875,-32.9878,428.738
72.8546,-33.0016,429.83
72.52,-33.0167,430.923
72.1819,-33.0309,432.018
71.839,-33.0445,433.112
71.4922,-33.0568,434.206
71.1454,-33.0659,435.298
70.7959,-33.0731,436.388
70.4474,-33.0775,437.478
70.1027,-33.08,438.566
69.7588,-33.0802,439.656
69.4211,-33.0804,440.744
69.0833,-33.078,441.828
68.747,-33.0732,442.911
68.4128,-33.0677,443.989
68.0844,-33.0616,445.065
67.761,-33.0541,446.134
67.4394,-33.0455,447.205
67.1221,-33.037,448.275
66.8074,-33.0247,449.339
66.4955,-33.0105,450.397
66.186,-32.9956,451.449
65.8828,-32.9792,452.497
65.5786,-32.9633,453.539
65.2818,-32.9462,454.576
64.9818,-32.9293,455.605
64.6822,-32.9116,456.631
64.3853,-32.8947,457.651
64.0874,-32.8755,458.665
63.7911,-32.8575,459.67
63.496,-32.8374,460.669
63.2035,-32.8185,461.66
62.9121,-32.7985,462.646
62.6223,-32.7783,463.627
62.3337,-32.7585,464.602
62.0456,-32.7359,465.57
61.7571,-32.7136,466.531
61.4691,-32.6915,467.484
61.1828,-32.6679,468.433
60.8992,-32.6439,469.377
60.6171,-32.6169,470.317
60.3378,-32.5871,471.251
60.0594,-32.5553,472.183
59.7821,-32.5207,473.109
59.5032,-32.4834,474.029
59.2255,-32.4432,474.944
58.9486,-32.4003,475.854
58.6714,-32.3557,476.76
58.3915,-32.3116,477.661
58.1135,-32.267,478.557
57.8384,-32.2211,479.447
57.5628,-32.1771,480.326
57.2939,-32.1335,481.196
57.0345,-32.0884,482.061
56.775,-32.0441,482.915
56.5153,-32.001,483.759
56.2629,-31.959,484.587
56.0154,-31.9185,485.401
55.7711,-31.8797,486.203
55.529,-31.8428,486.992
55.2919,-31.8077,487.774
55.0593,-31.7733,488.549
54.8306,-31.7387,489.32
54.602,-31.7039,490.09
54.3733,-31.6694,490.859
54.1541,-31.6359,491.628
53.9382,-31.6026,492.398
53.7269,-31.5667,493.17
53.5263,-31.53,493.946
53.3389,-31.4912,494.727
53.1672,-31.4495,495.511
53.0116,-31.4053,496.292
52.8697,-31.3563,497.078
52.7479,-31.3043,497.867
52.6497,-31.2541,498.662
52.5732,-31.2018,499.456
52.5194,-31.1484,500.252
52.4872,-31.0952,501.05
52.4767,-31.0427,501.852
52.4889,-30.9899,502.657
52.522,-30.9381,503.464
52.5789,-30.886,504.273
52.656,-30.8314,505.085
52.7521,-30.7764,505.898
52.8704,-30.7204,506.713
53.0093,-30.6636,507.528
53.1681,-30.6074,508.342
53.3467,-30.5522,509.158
53.5435,-30.4958,509.973
53.7574,-30.4406,510.789
53.9857,-30.3861,511.606
54.2294,-30.3318,512.424
54.4895,-30.2773,513.241
54.7675,-30.2228,514.058
55.0611,-30.1693,514.874
55.3709,-30.1153,515.69
55.7023,-30.0588,516.504
56.049,-30.0028,517.316
56.407,-29.9494,518.121
56.7815,-29.8926,518.921
57.1709,-29.8366,519.714
57.5718,-29.7854,520.505
57.985,-29.732,521.292
58.4195,-29.6796,522.072
58.8774,-29.6298,522.841
59.3543,-29.5796,523.603
59.8488,-29.5262,524.353
60.3647,-29.4724,525.088
60.9008,-29.42,525.805
61.4554,-29.3693,526.505
62.0278,-29.3178,527.186
62.6164,-29.2657,527.848
63.2181,-29.2151,528.492
63.833,-29.1643,529.118
64.4589,-29.1146,529.731
65.0999,-29.0634,530.332
65.7578,-29.0089,530.923
66.4273,-28.9555,531.507
67.1086,-28.904,532.081
67.8003,-28.8487,532.642
68.5081,-28.7896,533.189
69.2326,-28.7313,533.729
69.9693,-28.6729,534.261
70.7185,-28.6107,534.775
71.4808,-28.5478,535.271
72.2588,-28.4844,535.748
73.0525,-28.4199,536.207
73.8644,-28.3556,536.652
74.6921,-28.2931,537.074
75.5358,-28.2287,537.478
76.3941,-28.1637,537.868
77.2679,-28.0995,538.239
78.1551,-28.0349,538.591
79.0566,-27.9699,538.923
79.9726,-27.9055,539.236
80.9038,-27.843,539.527
81.8506,-27.7793,539.794
82.8106,-27.7169,540.037
83.7846,-27.6543,540.252
84.7671,-27.5896,540.439
85.7635,-27.524,540.603
86.7708,-27.4596,540.741
87.7868,-27.3938,540.856
88.8124,-27.3279,540.947
89.8486,-27.2633,541.013
90.8935,-27.1967,541.054
91.9467,-27.1294,541.072
93.0054,-27.0601,541.064
94.0675,-26.9908,541.032
95.1349,-26.9206,540.976
96.208,-26.8522,540.889
97.2839,-26.7845,540.773
98.3628,-26.7178,540.627
99.4489,-26.6504,540.456
100.53,-26.5852,540.256
101.612,-26.5198,540.035
102.699,-26.4524,539.793
103.789,-26.3886,539.526
104.875,-26.3266,539.238
105.957,-26.2669,538.926
107.039,-26.2096,538.592
108.122,-26.1551,538.232
109.203,-26.1033,537.849
110.279,-26.0488,537.44
111.353,-25.9928,537.009
112.425,-25.9366,536.558
113.494,-25.8807,536.089
114.561,-25.8227,535.608
115.633,-25.7656,535.111
116.706,-25.7098,534.607
117.782,-25.6528,534.099
118.86,-25.5942,533.589
119.945,-25.5334,533.079
121.033,-25.4696,532.568
122.129,-25.4015,532.054
123.229,-25.3301,531.534
124.332,-25.2557,531.011
125.435,-25.1807,530.486
126.543,-25.1075,529.951
127.64,-25.0383,529.422
128.743,-24.9691,528.89
129.854,-24.8994,528.354
130.97,-24.8282,527.814
132.092,-24.7535,527.269
133.217,-24.6756,526.72
134.345,-24.5961,526.167
135.478,-24.515,525.608
136.612,-24.4356,525.047
137.749,-24.3564,524.484
138.895,-24.277,523.921
140.049,-24.197,523.353
141.211,-24.1149,522.787
142.374,-24.0332,522.217
143.545,-23.9557,521.643
144.723,-23.88,521.065
145.914,-23.8054,520.482
147.112,-23.7275,519.895
148.314,-23.6465,519.308
149.523,-23.5648,518.719
150.739,-23.4849,518.126
151.961,-23.4038,517.528
153.187,-23.323,516.927
154.416,-23.2428,516.323
155.654,-23.1627,515.712
156.898,-23.0826,515.099
158.149,-23.0009,514.482
159.404,-22.9178,513.862
160.664,-22.8337,513.244
161.927,-22.7499,512.627
163.198,-22.6678,512.008
164.473,-22.586,511.385
165.745,-22.5034,510.756
167.016,-22.423,510.121
168.287,-22.3445,509.484
169.559,-22.2653,508.848
170.834,-22.1847,508.215
172.11,-22.1028,507.585
173.387,-22.0191,506.956
174.662,-21.936,506.328
175.932,-21.8532,505.697
177.204,-21.7712,505.064
178.474,-21.6926,504.432
179.744,-21.6136,503.805
181.025,-21.5333,503.184
182.302,-21.4483,502.564
183.573,-21.358,501.955
184.837,-21.2696,501.342
186.106,-21.1855,500.733
187.368,-21.1068,500.131
188.631,-21.0304,499.531
189.894,-20.9546,498.932
191.155,-20.876,498.334
192.41,-20.7957,497.738
193.663,-20.7163,497.145
194.913,-20.6392,496.547
196.16,-20.5648,495.948
197.403,-20.4929,495.345
198.643,-20.4214,494.742
199.879,-20.3484,494.137
201.112,-20.2729,493.533
202.334,-20.197,492.923
203.551,-20.1202,492.312
204.761,-20.0459,491.697
205.966,-19.9731,491.083
207.171,-19.9038,490.469
208.368,-19.8338,489.853
209.558,-19.7634,489.24
210.736,-19.6926,488.629
211.898,-19.6228,488.02
213.044,-19.5521,487.415
214.17,-19.4841,486.815
215.277,-19.4154,486.226
216.366,-19.3479,485.645
217.438,-19.2814,485.074
218.491,-19.217,484.512
219.526,-19.1549,483.956
220.543,-19.0943,483.413
221.545,-19.0345,482.883
222.531,-18.9754,482.367
223.506,-18.9164,481.866
224.475,-18.8581,481.381
225.443,-18.7994,480.911
226.406,-18.7418,480.462
227.367,-18.6859,480.036
228.329,-18.6285,479.637
229.286,-18.5758,479.26
230.243,-18.5244,478.898
231.209,-18.4724,478.56
232.182,-18.4218,478.234
233.162,-18.3682,477.931
234.151,-18.3132,477.649
235.148,-18.2571,477.39
236.149,-18.199,477.149
237.152,-18.1366,476.933
238.154,-18.0735,476.739
239.158,-18.0089,476.564
240.163,-17.944,476.41
241.171,-17.8805,476.273
242.181,-17.8165,476.158
243.191,-17.753,476.066
244.204,-17.6921,476
245.223,-17.632,475.963
246.248,-17.5746,475.956
247.278,-17.5167,475.982
248.308,-17.4585,476.037
249.341,-17.3981,476.126
250.377,-17.3352,476.251
251.413,-17.2727,476.406
252.444,-17.2064,476.596
253.474,-17.1376,476.813
254.503,-17.0717,477.059
255.529,-17.0065,477.335
256.552,-16.9418,477.641
257.575,-16.8765,477.976
258.59,-16.8091,478.341
259.599,-16.7398,478.734
260.594,-16.6698,479.16
261.584,-16.5975,479.611
262.567,-16.5274,480.098
263.544,-16.4519,480.617
264.514,-16.3741,481.161
265.474,-16.2939,481.727
266.423,-16.2093,482.319
267.357,-16.1206,482.941
268.285,-16.0308,483.584
269.204,-15.9386,484.251
270.109,-15.8461,484.945
271.013,-15.7504,485.652
271.908,-15.6547,486.378
272.799,-15.5578,487.119
273.683,-15.4615,487.871
274.562,-15.3656,488.635
275.433,-15.2715,489.41
276.298,-15.1795,490.193
277.156,-15.0905,490.986
278.009,-15.0022,491.784
278.855,-14.9138,492.584
279.7,-14.8234,493.386
280.54,-14.7327,494.19
281.378,-14.6378,494.997
282.213,-14.542,495.806
283.042,-14.4476,496.616
283.871,-14.3548,497.421
284.697,-14.2674,498.224
285.517,-14.1822,499.025
286.332,-14.0986,499.819
287.14,-14.0148,500.606
287.943,-13.9312,501.381
288.74,-13.8472,502.144
289.531,-13.7642,502.889
290.315,-13.6828,503.616
291.093,-13.6043,504.324
291.867,-13.5286,505.012
292.641,-13.46,505.675
293.408,-13.3956,506.313
294.171,-13.3344,506.928
294.928,-13.2762,507.52
295.68,-13.2217,508.087
296.421,-13.1744,508.624
297.152,-13.1332,509.136
297.865,-13.0992,509.622
298.569,-13.0748,510.093
299.271,-13.0516,510.542
299.977,-13.039,510.966
300.681,-13.0331,511.375
301.388,-13.0246,511.753
302.1,-13.0146,512.1
302.814,-13.0095,512.412
303.529,-13.0033,512.691
304.25,-12.9986,512.936
304.982,-12.9959,513.151
305.723,-12.9981,513.344
306.474,-13.0047,513.51
307.239,-13.013,513.639
308.016,-13.0243,513.739
308.798,-13.0379,513.811
309.58,-13.0488,513.85
310.358,-13.0547,513.843
311.134,-13.0618,513.803
311.907,-13.0707,513.738
312.674,-13.0818,513.639
313.436,-13.0894,513.505
314.184,-13.1003,513.346
314.943,-13.1125,513.181
315.693,-13.1249,512.996
316.433,-13.135,512.789
317.171,-13.1459,512.568
317.909,-13.1562,512.338
318.644,-13.1631,512.092
319.379,-13.1715,511.835
320.108,-13.1805,511.559
320.834,-13.1875,511.273
321.556,-13.1916,510.971
322.272,-13.1989,510.65
322.974,-13.2087,510.31
323.665,-13.217,509.946
324.348,-13.2215,509.562
325.017,-13.2298,509.152
325.659,-13.2385,508.711
326.277,-13.2449,508.241
326.872,-13.2476,507.748
327.447,-13.2517,507.235
327.997,-13.2546,506.701
328.515,-13.257,506.146
329.007,-13.259,505.574
329.463,-13.2601,504.995
329.89,-13.2646,504.405
330.293,-13.2608,503.807
330.664,-13.2578,503.204
331.015,-13.2552,502.592
331.349,-13.2537,501.968
331.668,-13.2507,501.332
331.974,-13.2468,500.685
332.259,-13.2428,500.028
332.525,-13.2367,499.359
332.775,-13.2276,498.682
333.004,-13.2185,497.996
333.211,-13.2153,497.305
333.395,-13.2087,496.609
333.556,-13.199,495.907
333.693,-13.1828,495.193
333.805,-13.1687,494.471
333.892,-13.1576,493.737
333.965,-13.1455,493.004
334.009,-13.1252,492.268
334.03,-13.1064,491.527
334.023,-13.0836,490.772
333.992,-13.0624,490.008
333.935,-13.0394,489.238
333.855,-13.0171,488.461
333.757,-12.9944,487.675
333.637,-12.971,486.883
333.504,-12.9498,486.083
333.359,-12.9273,485.277
333.2,-12.9054,484.465
333.025,-12.8814,483.642
332.841,-12.8602,482.812
332.643,-12.8398,481.975
332.432,-12.8153,481.13
332.211,-12.7872,480.279
331.981,-12.7634,479.421
331.751,-12.7395,478.558
331.52,-12.7128,477.689
331.282,-12.6881,476.81
331.039,-12.6636,475.919
330.792,-12.639,475.018
330.543,-12.6136,474.11
330.29,-12.586,473.199
330.035,-12.5561,472.282
329.778,-12.5274,471.355
329.52,-12.5011,470.422
329.253,-12.4733,469.482
328.983,-12.4466,468.537
328.711,-12.4203,467.584
328.433,-12.3932,466.625
328.152,-12.3647,465.66
327.869,-12.3384,464.693
327.584,-12.3122,463.724
327.3,-12.284,462.753
327.011,-12.2562,461.777
326.723,-12.2284,460.799
326.431,-12.1995,459.824
326.137,-12.1672,458.849
325.839,-12.141,457.871
325.539,-12.1133,456.891
325.244,-12.0855,455.912
324.952,-12.0556,454.932
324.664,-12.0286,453.949
324.383,-12.003,452.965
324.1,-11.9783,451.982
323.828,-11.9569,450.999
323.563,-11.9402,450.017
323.301,-11.9251,449.034
323.05,-11.9138,448.047
322.807,-11.9038,447.055
322.568,-11.8907,446.063
322.339,-11.8785,445.069
322.118,-11.8628,444.072
321.91,-11.846,443.077
321.72,-11.8293,442.082
321.549,-11.8153,441.089
321.396,-11.8011,440.095
321.256,-11.7915,439.099
321.126,-11.783,438.102
321.008,-11.772,437.101
320.905,-11.7636,436.102
320.815,-11.7514,435.103
320.744,-11.7392,434.104
320.689,-11.7278,433.102
320.647,-11.715,432.101
320.615,-11.7009,431.103
320.597,-11.6861,430.105
320.59,-11.6712,429.108
320.594,-11.6545,428.111
320.61,-11.6381,427.111
320.643,-11.6201,426.111
320.685,-11.6013,425.113
320.735,-11.5806,424.116
320.799,-11.5624,423.12
320.875,-11.545,422.127
320.963,-11.5285,421.133
321.066,-11.5146,420.139
321.179,-11.5032,419.145
321.303,-11.4921,418.154
321.436,-11.482,417.164
321.577,-11.4726,416.176
321.728,-11.4663,415.192
321.886,-11.4586,414.21
322.054,-11.4504,413.232
322.231,-11.4431,412.259
322.413,-11.4341,411.291
322.601,-11.4235,410.328
322.799,-11.4121,409.366
323.004,-11.402,408.409
323.215,-11.3897,407.458
323.432,-11.3764,406.508
323.654,-11.3621,405.562
323.881,-11.3475,404.628
324.112,-11.3335,403.703
324.347,-11.3203,402.79
324.586,-11.3111,401.89
324.827,-11.3044,401.001
325.07,-11.3012,400.127
325.316,-11.3007,399.27
325.561,-11.3039,398.432
325.808,-11.3123,397.617
326.056,-11.3273,396.829
326.303,-11.3462,396.067
326.548,-11.3695,395.327
326.79,-11.4005,394.609
327.025,-11.4393,393.915
327.252,-11.4822,393.242
327.475,-11.5243,392.582
327.694,-11.5676,391.925
327.906,-11.6131,391.265
328.112,-11.6577,390.605
328.315,-11.7029,389.953
328.508,-11.744,389.309
328.689,-11.7814,388.666
328.852,-11.8149,388.021
328.99,-11.8492,387.37
329.111,-11.8812,386.721
329.206,-11.9092,386.073
329.277,-11.9326,385.429
329.321,-11.9504,384.786
329.336,-11.9614,384.144
329.32,-11.9701,383.503
329.276,-11.98,382.866
329.21,-11.9852,382.23
329.118,-11.9827,381.594
328.99,-11.9756,380.957
328.828,-11.9707,380.318
328.639,-11.9655,379.682
328.427,-11.953,379.05
328.184,-11.9373,378.424
327.905,-11.9198,377.809
327.592,-11.9024,377.2
327.247,-11.8817,376.599
326.875,-11.8591,376.005
326.478,-11.8381,375.419
326.059,-11.817,374.839
325.616,-11.7933,374.267
325.15,-11.7664,373.698
324.662,-11.7407,373.132
324.156,-11.7166,372.563
323.634,-11.691,371.987
323.094,-11.665,371.405
322.536,-11.6396,370.82
321.958,-11.6114,370.231
321.362,-11.582,369.636
320.748,-11.5542,369.036
320.121,-11.5267,368.426
319.482,-11.4976,367.805
318.836,-11.4684,367.168
318.188,-11.4386,366.511
317.537,-11.4083,365.843
316.879,-11.3787,365.166
316.212,-11.3473,364.483
315.536,-11.3171,363.792
314.856,-11.2875,363.092
314.169,-11.2578,362.387
313.476,-11.2265,361.671
312.778,-11.198,360.943
312.073,-11.1699,360.212
311.365,-11.1422,359.473
310.653,-11.1176,358.724
309.938,-11.0975,357.97
309.217,-11.0762,357.209
308.497,-11.0604,356.438
307.772,-11.0438,355.663
307.045,-11.0275,354.882
306.321,-11.0116,354.1
305.601,-10.9935,353.313
304.883,-10.9737,352.522
304.17,-10.9552,351.724
303.466,-10.9337,350.923
302.763,-10.9119,350.117
302.062,-10.8909,349.302
301.369,-10.8735,348.481
300.689,-10.8569,347.651
300.02,-10.8421,346.813
299.367,-10.8303,345.962
298.731,-10.8188,345.097
298.109,-10.8106,344.223
297.506,-10.8017,343.337
296.912,-10.7923,342.44
296.324,-10.7809,341.529
295.75,-10.7712,340.61
295.187,-10.7535,339.689
294.631,-10.7378,338.758
294.091,-10.7267,337.816
293.56,-10.7175,336.865
293.037,-10.7095,335.905
292.526,-10.705,334.938
292.024,-10.7004,333.959
291.527,-10.6959,332.97
291.036,-10.6917,331.973
290.551,-10.685,330.969
290.071,-10.6769,329.959
289.596,-10.6676,328.943
289.118,-10.6616,327.923
288.642,-10.6518,326.901
288.161,-10.6451,325.87
287.68,-10.6398,324.834
287.197,-10.6336,323.792
286.717,-10.6254,322.746
286.236,-10.6172,321.695
285.758,-10.6063,320.643
285.284,-10.5981,319.585
284.805,-10.5915,318.516
284.325,-10.5888,317.436
283.843,-10.5795,316.348
283.354,-10.5659,315.257
282.86,-10.55,314.164
282.365,-10.5336,313.071
281.867,-10.519,311.97
281.368,-10.5071,310.861
280.869,-10.4946,309.744
280.369,-10.4817,308.621
279.866,-10.4657,307.494
279.354,-10.4491,306.363
278.835,-10.4328,305.229
278.303,-10.4143,304.098
277.761,-10.3974,302.968
277.206,-10.3811,301.838
276.633,-10.3658,300.707
276.044,-10.3465,299.579
275.444,-10.3247,298.456
274.832,-10.3032,297.337
274.211,-10.2853,296.222
273.582,-10.267,295.101
272.939,-10.2495,293.977
272.288,-10.2266,292.851
271.625,-10.1981,291.73
270.95,-10.1681,290.615
270.276,-10.1379,289.503
269.596,-10.1091,288.389
268.922,-10.0876,287.261
268.241,-10.0626,286.134
267.562,-10.0369,285.004
266.873,-10.0095,283.875
266.181,-9.98099,282.742
265.485,-9.95094,281.61
264.79,-9.91904,280.475
264.093,-9.88769,279.335
263.395,-9.85626,278.191
262.696,-9.8256,277.045
261.99,-9.79263,275.897
261.28,-9.75913,274.749
260.564,-9.72332,273.604
259.847,-9.68665,272.455
259.127,-9.65188,271.303
258.406,-9.61771,270.147
257.681,-9.58281,268.988
256.954,-9.54735,267.83
256.223,-9.50971,266.67
255.493,-9.47467,265.505
254.764,-9.44062,264.337
254.035,-9.40742,263.164
253.306,-9.37264,261.989
252.571,-9.33732,260.81
251.835,-9.30202,259.629
251.097,-9.26772,258.446
250.357,-9.23368,257.258
249.614,-9.20124,256.065
248.868,-9.16794,254.869
248.118,-9.13405,253.669
247.365,-9.09875,252.465
246.61,-9.06307,251.26
245.853,-9.02895,250.056
245.094,-8.99641,248.851
244.333,-8.96463,247.64
243.571,-8.93393,246.426
242.809,-8.89939,245.211
242.041,-8.86639,243.993
241.263,-8.83007,242.776
240.483,-8.79358,241.563
239.7,-8.75767,240.353
238.917,-8.72499,239.14
238.13,-8.69315,237.927
237.337,-8.65994,236.712
236.539,-8.625,235.497
235.742,-8.58564,234.283
234.944,-8.54563,233.072
234.147,-8.50597,231.859
233.344,-8.46521,230.644
232.542,-8.42443,229.431
231.742,-8.38162,228.218
230.943,-8.34039,227.005
230.148,-8.3007,225.786
229.353,-8.26175,224.568
228.56,-8.22295,223.347
227.769,-8.18344,222.125
226.977,-8.14235,220.9
226.19,-8.10189,219.676
225.409,-8.06255,218.452
224.633,-8.0295,217.227
223.858,-7.99823,215.996
223.085,-7.96705,214.763
222.315,-7.93122,213.53
221.544,-7.89347,212.294
220.776,-7.85505,211.059
220.01,-7.81524,209.822
219.248,-7.77701,208.582
218.492,-7.73711,207.34
217.743,-7.69854,206.095
217.002,-7.66188,204.842
216.272,-7.62685,203.587
215.556,-7.59298,202.324
214.847,-7.56296,201.054
214.149,-7.53071,199.78
213.46,-7.49834,198.501
212.773,-7.46582,197.22
212.102,-7.43441,195.936
211.435,-7.40297,194.65
210.772,-7.37666,193.357
210.117,-7.34984,192.06
209.463,-7.32089,190.761
208.815,-7.29115,189.462
208.171,-7.26296,188.164
207.532,-7.23595,186.864
206.898,-7.21178,185.561
206.269,-7.18751,184.253
205.643,-7.16189,182.945
205.019,-7.13499,181.634
204.4,-7.10805,180.323
203.783,-7.08184,179.012
203.168,-7.05561,177.699
202.553,-7.02973,176.382
201.942,-7.00373,175.064
201.338,-6.98098,173.742
200.737,-6.95765,172.412
200.138,-6.93414,171.077
199.541,-6.90441,169.744
198.943,-6.8732,168.412
198.343,-6.84364,167.081
197.742,-6.81364,165.75
197.144,-6.7853,164.422
196.547,-6.75797,163.093
195.953,-6.73301,161.761
195.361,-6.71112,160.428
194.77,-6.68891,159.094
194.183,-6.66768,157.759
193.594,-6.64342,156.427
193.011,-6.62107,155.091
192.426,-6.59875,153.757
191.846,-6.57804,152.426
191.266,-6.55889,151.096
190.686,-6.54109,149.764
190.108,-6.52401,148.431
189.53,-6.507,147.103
188.95,-6.48899,145.774
188.365,-6.47047,144.445
187.773,-6.44825,143.121
187.172,-6.42274,141.802
186.563,-6.39396,140.489
185.943,-6.36351,139.183
185.313,-6.33199,137.885
184.672,-6.30121,136.594
184.016,-6.27291,135.309
183.345,-6.24525,134.032
182.659,-6.21617,132.765
181.96,-6.18512,131.509
181.248,-6.15363,130.265
180.524,-6.12233,129.027
179.785,-6.09163,127.802
179.033,-6.05983,126.587
178.26,-6.02816,125.384
177.474,-5.99406,124.187
176.673,-5.95736,123.002
175.861,-5.91739,121.83
175.039,-5.8789,120.669
174.206,-5.8414,119.518
173.368,-5.8066,118.374
172.516,-5.77317,117.24
171.653,-5.73522,116.109
170.788,-5.69994,114.979
169.913,-5.6592,113.858
169.038,-5.62198,112.739
168.158,-5.58877,111.62
167.266,-5.5516,110.51
166.368,-5.51379,109.399
165.462,-5.4718,108.292
164.555,-5.42908,107.188
163.644,-5.38759,106.084
162.722,-5.34522,104.979
161.79,-5.30163,103.876
160.848,-5.25242,102.785
159.901,-5.20337,101.7
158.945,-5.15735,100.622
157.976,-5.11341,99.555
157.004,-5.07063,98.4926
156.025,-5.02706,97.4323
155.046,-4.98137,96.3707
154.066,-4.93443,95.312
153.084,-4.88565,94.255
152.102,-4.83591,93.1978
151.122,-4.78603,92.1367
150.144,-4.73452,91.0732
149.173,-4.68775,90.0082
148.201,-4.64295,88.9459
147.225,-4.6046,87.8783
146.239,-4.56694,86.8077
145.253,-4.52659,85.7362
144.269,-4.48456,84.6606
143.288,-4.44267,83.5835
142.308,-4.40229,82.5058
141.327,-4.3631,81.4274
140.343,-4.32493,80.3488
139.358,-4.28607,79.2724
138.374,-4.24523,78.1982
137.385,-4.20246,77.1214
136.394,-4.15815,76.0468
135.398,-4.11458,74.9743
134.399,-4.0719,73.9046
133.395,-4.02829,72.8367
132.389,-3.98312,71.7702
131.381,-3.93681,70.7052
130.37,-3.88848,69.6402
129.353,-3.83799,68.5759
128.334,-3.78689,67.5176
127.311,-3.73687,66.459
126.284,-3.68819,65.3997
125.254,-3.63962,64.3371
124.225,-3.5888,63.2739
123.197,-3.53687,62.2074
122.166,-3.48444,61.1402
121.132,-3.42947,60.0726
120.092,-3.3741,59.0099
119.058,-3.32139,57.9532
118.026,-3.27295,56.8944
116.993,-3.23287,55.8243
115.957,-3.18999,54.75
114.922,-3.14131,53.68
113.887,-3.09213,52.6169
112.851,-3.04555,51.5512
111.814,-3.00048,50.4849
110.777,-2.95545,49.4185
109.743,-2.91081,48.3513
108.713,-2.86673,47.281
107.683,-2.82297,46.2084
106.659,-2.77966,45.1385
105.638,-2.73418,44.0689
104.616,-2.68903,42.9971
103.594,-2.64346,41.9276
102.575,-2.59676,40.8621
101.555,-2.54898,39.7984
100.538,-2.5045,38.7327
99.5235,-2.46201,37.6658
98.5085,-2.42106,36.5964
97.4937,-2.38117,35.5246
96.4787,-2.34008,34.4545
95.4766,-2.30126,33.4023
93.9822,-2.26233,31.9124
92.6287,-2.20383,30.5146
91.5408,-2.15729,29.3512
90.4575,-2.10934,28.1797
89.4072,-2.0639,27.0685
88.3676,-2.01765,25.9644
87.3351,-1.96961,24.866
86.303,-1.9228,23.7699
85.2785,-1.87998,22.6693
84.2566,-1.83491,21.5698
83.2338,-1.78898,20.4749
82.209,-1.74563,19.3818
81.187,-1.70577,18.2922
80.1682,-1.66561,17.2029
79.1503,-1.62486,16.1087
78.1348,-1.58203,15.0169
77.1236,-1.54043,13.9191
76.1152,-1.50169,12.8261
75.1075,-1.46453,11.7302
74.0998,-1.43072,10.638
73.0977,-1.39727,9.54667
72.093,-1.36369,8.45863
71.1038,-1.33032,7.37776
70.1558,-1.29565,6.33728
69.2527,-1.26287,5.33371
68.4086,-1.23912,4.40476
67.5592,-1.21753,3.47412
66.7151,-1.20052,2.54708
65.8639,-1.18953,1.61262
65.0057,-1.18218,0.6707
64.1392,-1.17755,-0.276473
63.2704,-1.17229,-1.22154
62.4008,-1.16377,-2.16811
61.5325,-1.15658,-3.11718
60.666,-1.15147,-4.06528
59.7978,-1.15033,-5.01448
58.9226,-1.15551,-5.97022
58.0472,-1.15873,-6.92421
57.1765,-1.15889,-7.88714
56.3246,-1.15752,-8.8486
55.4843,-1.15728,-9.80989
54.6588,-1.15653,-10.7669
53.8407,-1.15998,-11.7073
53.032,-1.16735,-12.6359
52.2339,-1.17838,-13.5607
51.4531,-1.1935,-14.482
50.6904,-1.20754,-15.3957
49.9442,-1.22239,-16.2974
49.21,-1.23817,-17.1877
48.4905,-1.25317,-18.064
47.7909,-1.2679,-18.9138
47.1154,-1.28067,-19.7434
46.4576,-1.29557,-20.5581
45.8133,-1.31303,-21.3574
45.1798,-1.32836,-22.1306
44.5629,-1.34256,-22.872
43.9591,-1.35561,-23.5806
43.3678,-1.36807,-24.2561
42.7873,-1.38433,-24.9015
42.2114,-1.40138,-25.5119
41.6402,-1.42004,-26.0859
41.0766,-1.43842,-26.6302
40.51,-1.45728,-27.1404
39.9372,-1.47926,-27.6074
39.3596,-1.50349,-28.0316
38.7881,-1.52687,-28.4204
38.221,-1.55051,-28.7706
37.6564,-1.57769,-29.0817
37.0848,-1.60433,-29.3537
36.5031,-1.63009,-29.5956
35.9156,-1.65881,-29.8075
35.3205,-1.68568,-29.9899
34.7213,-1.70621,-30.1402
34.1165,-1.72136,-30.2488
33.5143,-1.73748,-30.3139
32.9127,-1.75307,-30.3375
32.3183,-1.76376,-30.3296
31.7317,-1.77072,-30.2915
31.1532,-1.77707,-30.2204
30.5825,-1.78599,-30.1118
30.0192,-1.79721,-29.9714
29.4635,-1.80849,-29.8
28.9186,-1.82013,-29.5996
28.3816,-1.83177,-29.3711
27.8556,-1.845,-29.1101
27.3403,-1.85941,-28.8141
26.834,-1.87385,-28.487
26.3401,-1.89048,-28.1269
25.8585,-1.91072,-27.7352
25.3927,-1.93053,-27.3129
24.9408,-1.94652,-26.8622
24.5069,-1.96353,-26.3808
24.0962,-1.98288,-25.8698
23.7045,-2.00403,-25.3292
23.3355,-2.02507,-24.7639
22.9889,-2.04984,-24.1736
22.6671,-2.07857,-23.5578
22.3678,-2.109,-22.9199
22.0866,-2.14172,-22.2592
21.8214,-2.17376,-21.5789
21.576,-2.20657,-20.8785
21.3525,-2.24111,-20.1585
21.1482,-2.27918,-19.4216
20.9504,-2.32012,-18.6711
20.7619,-2.36171,-17.9043
20.5889,-2.40451,-17.1218
20.4248,-2.45023,-16.3241
20.266,-2.4977,-15.5154
20.1102,-2.54319,-14.6957
19.959,-2.58565,-13.8678
19.8082,-2.629,-13.0292
19.6492,-2.67246,-12.186
19.4874,-2.71485,-11.3362
19.3285,-2.75379,-10.4805
19.1747,-2.79031,-9.61365
19.019,-2.82931,-8.7368
18.8558,-2.87054,-7.85062
18.6967,-2.90844,-6.95858
18.5394,-2.94464,-6.05488
18.3823,-2.98223,-5.14436
18.2244,-3.01998,-4.2251
18.0713,-3.05524,-3.29795
17.9177,-3.09146,-2.37077
17.7657,-3.12789,-1.45069
17.6205,-3.16371,-0.540562
17.4777,-3.19885,0.358969
17.3333,-3.23298,1.24858
17.1901,-3.26678,2.12988
17.0466,-3.29895,2.9993
16.9032,-3.32847,3.85695
16.761,-3.35494,4.69949
16.6205,-3.38152,5.52963
16.473,-3.40996,6.3466
16.326,-3.43816,7.15181
16.1799,-3.46348,7.95134
16.0377,-3.48727,8.74309
15.8959,-3.51147,9.51932
15.7505,-3.53134,10.2789
15.5995,-3.54646,11.0257
15.4455,-3.55561,11.7673
15.2981,-3.56569,12.5014
15.1454,-3.58216,13.2295
14.9848,-3.59438,13.9467
14.8198,-3.59801,14.6535
14.6547,-3.60236,15.3585
14.4823,-3.60937,16.0672
14.2982,-3.61641,16.7807
14.1023,-3.62229,17.4941
13.8999,-3.63319,18.2051
13.689,-3.64451,18.9092
13.4655,-3.65494,19.6048
13.2388,-3.66603,20.2984
12.9993,-3.68258,20.9921
12.7556,-3.70162,21.6875
