-0,-0,-0
0.0173957,-0.00633065,0.288088
0.0330841,-0.0109642,0.578316
0.048093,-0.0150699,0.87092
0.0606843,-0.0189657,1.16364
0.0717026,-0.0231339,1.46547
0.0739246,-0.0272351,1.77821
0.0646269,-0.0336358,2.10092
0.0386501,-0.0383281,2.43816
0.00593344,-0.0424451,2.78381
-0.0305364,-0.0447828,3.14611
-0.0742675,-0.0462684,3.52025
-0.129966,-0.0498489,3.90282
-0.201723,-0.0544758,4.29488
-0.281871,-0.059381,4.70339
-0.373258,-0.0639122,5.11827
-0.466313,-0.0704095,5.54164
-0.556026,-0.0778447,5.98239
-0.658781,-0.0840455,6.43706
-0.766554,-0.0911496,6.90478
-0.882837,-0.102319,7.38455
-0.996882,-0.115006,7.87475
-1.11349,-0.129584,8.37905
-1.25107,-0.145475,8.89396
-1.40709,-0.160376,9.41848
-1.56405,-0.179064,9.9581
-1.7235,-0.202216,10.512
-1.88994,-0.222829,11.0776
-2.07113,-0.246596,11.6492
-2.26134,-0.274266,12.2359
-2.45275,-0.304616,12.8273
-2.65462,-0.339081,13.4297
-2.86765,-0.379068,14.0502
-3.07762,-0.424253,14.6712
-3.30553,-0.47649,15.3123
-3.52956,-0.535848,15.9407
-3.77085,-0.600571,16.591
-4.02712,-0.668189,17.2648
-4.28202,-0.740014,17.9365
-4.54699,-0.815577,18.6195
-4.82252,-0.89549,19.3176
-5.09133,-0.979157,20.015
-5.3758,-1.06378,20.7276
-5.67133,-1.14509,21.452
-5.97653,-1.22633,22.1831
-6.29112,-1.30765,22.9136
-6.62225,-1.38679,23.6578
-6.96414,-1.4641,24.4053
-7.31351,-1.53773,25.1536
-7.67166,-1.6091,25.9101
-8.03918,-1.68064,26.672
-8.42197,-1.75096,27.4434
-8.81063,-1.82099,28.2195
-9.21048,-1.88974,29.0035
-9.62621,-1.95486,29.8006
-10.0557,-2.02009,30.6077
-10.5089,-2.0776,31.4251
-10.9699,-2.13128,32.2471
-11.4442,-2.18683,33.0702
-11.9384,-2.24397,33.9148
-12.4569,-2.30034,34.7786
-13.0155,-2.33751,35.6773
-13.5808,-2.38293,36.573
-14.1567,-2.44307,37.4874
-14.668,-2.5086,38.3571
-15.1851,-2.57604,39.2463
-15.716,-2.64023,40.1545
-16.2521,-2.70909,41.0715
-16.7923,-2.77674,41.9902
-17.3492,-2.844,42.9125
-17.9083,-2.91047,43.83
-18.4749,-2.97626,44.7429
-19.0396,-3.04143,45.6409
-19.6167,-3.10537,46.5273
-20.208,-3.16813,47.4134
-20.8138,-3.23241,48.2994
-21.4322,-3.29471,49.1794
-22.06,-3.35307,50.0557
-22.6891,-3.41575,50.9326
-23.3182,-3.4807,51.7967
-23.9557,-3.54929,52.6628
-24.5953,-3.61735,53.5274
-25.2471,-3.6829,54.389
-25.8992,-3.74333,55.2437
-26.5564,-3.80277,56.0924
-27.2183,-3.86539,56.9427
-27.8788,-3.92706,57.7818
-28.5484,-3.98958,58.6172
-29.2262,-4.05469,59.4517
-29.9155,-4.12084,60.2866
-30.6083,-4.18663,61.1134
-31.31,-4.25087,61.9398
-32.0198,-4.31609,62.7604
-32.7393,-4.38261,63.5767
-33.4696,-4.44924,64.3877
-34.2157,-4.51756,65.2065
-34.9742,-4.58821,66.0191
-35.7375,-4.65716,66.8271
-36.5043,-4.7287,67.6229
-37.2904,-4.79611,68.419
-38.0814,-4.86509,69.2034
-38.8966,-4.93894,69.9963
-39.7213,-5.01256,70.787
-40.5515,-5.0868,71.5775
-41.3852,-5.16194,72.3608
-42.2342,-5.23914,73.1486
-43.089,-5.31921,73.9322
-43.9631,-5.3985,74.7198
-44.8365,-5.4816,75.4995
-45.7201,-5.56281,76.2766
-46.6108,-5.64392,77.0529
-47.5122,-5.72722,77.8217
-48.425,-5.80895,78.5925
-49.3417,-5.89073,79.3632
-50.2651,-5.97371,80.1303
-51.1961,-6.05902,80.8958
-52.1278,-6.14753,81.6538
-53.0611,-6.23871,82.4036
-54.0199,-6.32623,83.1452
-54.9949,-6.41425,83.8794
-55.9764,-6.50364,84.6006
-56.9685,-6.58915,85.3124
-57.9739,-6.6795,86.0173
-59.001,-6.77242,86.7199
-60.0471,-6.86735,87.4245
-61.0882,-6.96234,88.1031
-62.1428,-7.05633,88.7681
-63.2027,-7.15069,89.4181
-64.2762,-7.24526,90.0532
-65.3638,-7.34283,90.6804
-66.4598,-7.44051,91.2999
-67.5731,-7.53979,91.9103
-68.6902,-7.63807,92.5119
-69.8164,-7.73637,93.1053
-70.9509,-7.8353,93.6892
-72.0875,-7.93596,94.2653
-73.233,-8.03947,94.8345
-74.3761,-8.14717,95.3984
-75.5238,-8.25887,95.9587
-76.6713,-8.37129,96.5102
-77.8155,-8.47989,97.0577
-78.9632,-8.58409,97.596
-80.1025,-8.68702,98.1243
-81.2377,-8.78564,98.6485
-82.3717,-8.88469,99.1668
-83.4923,-8.98079,99.6739
-84.6147,-9.07463,100.18
-85.7332,-9.16497,100.674
-86.8282,-9.25959,101.167
-87.9188,-9.34939,101.65
-89,-9.44001,102.128
-90.0601,-9.5316,102.592
-91.117,-9.62251,103.049
-92.1544,-9.71515,103.507
-93.184,-9.80774,103.961
-94.1775,-9.90657,104.421
-95.1816,-9.999,104.89
-96.1884,-10.091,105.365
-97.1845,-10.1791,105.844
-98.1714,-10.2655,106.336
-99.1564,-10.3501,106.836
-100.131,-10.4352,107.34
-101.093,-10.5208,107.861
-102.042,-10.608,108.386
-102.985,-10.6976,108.923
-103.922,-10.7872,109.475
-104.838,-10.8748,110.036
-105.754,-10.9586,110.614
-106.656,-11.0444,111.203
-107.535,-11.1274,111.79
-108.397,-11.2131,112.389
-109.247,-11.2977,113.001
-110.082,-11.3826,113.613
-110.903,-11.466,114.236
-111.705,-11.5453,114.858
-112.489,-11.6218,115.476
-113.26,-11.6969,116.101
-114.015,-11.7742,116.733
-114.766,-11.8487,117.374
-115.5,-11.9225,118.016
-116.222,-11.9925,118.661
-116.931,-12.0598,119.308
-117.627,-12.1246,119.955
-118.313,-12.188,120.604
-118.986,-12.2518,121.253
-119.644,-12.3135,121.9
-120.284,-12.3717,122.545
-120.91,-12.428,123.187
-121.523,-12.4826,123.832
-122.119,-12.5352,124.477
-122.7,-12.5851,125.121
-123.266,-12.6327,125.771
-123.816,-12.678,126.426
-124.355,-12.7225,127.09
-124.888,-12.7679,127.77
-125.406,-12.8104,128.454
-125.911,-12.8523,129.145
-126.404,-12.8916,129.842
-126.882,-12.9286,130.539
-127.351,-12.9639,131.246
-127.809,-12.9969,131.956
-128.264,-13.0285,132.673
-128.712,-13.0587,133.4
-129.151,-13.0905,134.134
-129.581,-13.1206,134.877
-130.004,-13.1488,135.63
-130.425,-13.1774,136.389
-130.844,-13.2051,137.161
-131.26,-13.2304,137.942
-131.68,-13.2533,138.739
-132.104,-13.2744,139.555
-132.526,-13.2901,140.376
-132.947,-13.3041,141.213
-133.366,-13.3174,142.062
-133.783,-13.3289,142.926
-134.196,-13.3372,143.809
-134.606,-13.3452,144.699
-135.012,-13.3535,145.609
-135.413,-13.3622,146.527
-135.808,-13.3728,147.463
-136.2,-13.3829,148.415
-136.583,-13.3932,149.39
-136.956,-13.4054,150.392
-137.309,-13.4122,151.406
-137.644,-13.4181,152.443
-137.958,-13.4219,153.501
-138.251,-13.4248,154.577
-138.523,-13.4219,155.659
-138.776,-13.4166,156.765
-139.006,-13.4082,157.895
-139.214,-13.3956,159.045
-139.397,-13.3827,160.204
-139.557,-13.3697,161.372
-139.691,-13.3567,162.557
-139.803,-13.3429,163.763
-139.891,-13.3247,164.987
-139.963,-13.3076,166.228
-140.008,-13.2892,167.492
-140.029,-13.2705,168.763
-140.025,-13.2532,170.039
-139.995,-13.2374,171.337
-139.945,-13.2228,172.633
-139.866,-13.2118,173.938
-139.759,-13.2042,175.252
-139.628,-13.2017,176.575
-139.473,-13.2051,177.9
-139.294,-13.2145,179.235
-139.088,-13.231,180.584
-138.858,-13.2531,181.942
-138.595,-13.2775,183.305
-138.309,-13.302,184.663
-137.994,-13.3287,186.024
-137.658,-13.3606,187.393
-137.296,-13.3957,188.774
-136.901,-13.4341,190.17
-136.487,-13.4735,191.564
-136.039,-13.5194,192.954
-135.565,-13.5688,194.344
-135.064,-13.6257,195.726
-134.53,-13.689,197.117
-133.957,-13.758,198.517
-133.346,-13.8336,199.913
-132.7,-13.9129,201.296
-132.019,-13.9935,202.661
-131.298,-14.0777,203.998
-130.545,-14.1648,205.311
-129.745,-14.2594,206.614
-128.903,-14.3579,207.908
-128.03,-14.4651,209.173
-127.121,-14.5767,210.422
-126.175,-14.6968,211.657
-125.201,-14.8152,212.867
-124.176,-14.9384,214.068
-123.117,-15.0612,215.26
-122.048,-15.1885,216.415
-120.954,-15.3207,217.556
-119.831,-15.4553,218.677
-118.692,-15.591,219.769
-117.547,-15.7276,220.829
-116.374,-15.8673,221.873
-115.187,-16.0056,222.888
-113.984,-16.1433,223.872
-112.769,-16.2817,224.824
-111.56,-16.4202,225.733
-110.325,-16.5583,226.609
-109.088,-16.6939,227.455
-107.83,-16.8252,228.27
-106.568,-16.9549,229.047
-105.304,-17.079,229.782
-104.039,-17.2003,230.481
-102.789,-17.3185,231.134
-101.523,-17.4354,231.758
-100.255,-17.5507,232.342
-98.9758,-17.6652,232.901
-97.7094,-17.7789,233.425
-96.4505,-17.8937,233.92
-95.1848,-18.014,234.384
-93.9118,-18.1415,234.822
-92.6547,-18.2753,235.231
-91.3887,-18.412,235.616
-90.1153,-18.5466,235.978
-88.8612,-18.6778,236.31
-87.608,-18.8062,236.614
-86.3709,-18.932,236.892
-85.1514,-19.0546,237.141
-83.9384,-19.1778,237.37
-82.7224,-19.3007,237.572
-81.4897,-19.4294,237.748
-80.2723,-19.5528,237.898
-79.0913,-19.6687,238.03
-77.9333,-19.7788,238.142
-76.7786,-19.8873,238.246
-75.6279,-19.9962,238.34
-74.488,-20.1042,238.426
-73.3658,-20.216,238.501
-72.2502,-20.3319,238.568
-71.1609,-20.4416,238.634
-70.0677,-20.5551,238.695
-68.9844,-20.6611,238.748
-67.9106,-20.7577,238.803
-66.8501,-20.8524,238.859
-65.7941,-20.9492,238.916
-64.7503,-21.0478,238.978
-63.7179,-21.1472,239.041
-62.6993,-21.2444,239.105
-61.6867,-21.3431,239.174
-60.6772,-21.4394,239.245
-59.6775,-21.5348,239.323
-58.6807,-21.632,239.407
-57.6896,-21.7275,239.493
-56.7079,-21.8208,239.584
-55.7242,-21.913,239.687
-54.7476,-22.006,239.8
-53.7753,-22.0978,239.92
-52.8017,-22.1891,240.044
-51.8371,-22.2785,240.171
-50.8776,-22.3664,240.305
-49.92,-22.4541,240.444
-48.9644,-22.5455,240.591
-48.0146,-22.6343,240.745
-47.0673,-22.7244,240.903
-46.1225,-22.8137,241.071
-45.1796,-22.9025,241.244
-44.2408,-22.9904,241.419
-43.3083,-23.0757,241.599
-42.3765,-23.1607,241.782
-41.4528,-23.2478,241.975
-40.5394,-23.3337,242.179
-39.6319,-23.4202,242.39
-38.7247,-23.5076,242.613
-37.8185,-23.5948,242.84
-36.9055,-23.6837,243.071
-35.9862,-23.7702,243.303
-35.0625,-23.8559,243.538
-34.1361,-23.9441,243.776
-33.2016,-24.0356,244.015
-32.2646,-24.1269,244.261
-31.3265,-24.2181,244.51
-30.3844,-24.308,244.765
-29.437,-24.3981,245.021
-28.493,-24.4896,245.283
-27.5511,-24.578,245.552
-26.6089,-24.6658,245.827
-25.6662,-24.7569,246.11
-24.722,-24.8485,246.398
-23.7841,-24.9386,246.698
-22.8554,-25.0305,247.002
-21.933,-25.1181,247.315
-21.0098,-25.2078,247.64
-20.0841,-25.2983,247.98
-19.1678,-25.3893,248.329
-18.2624,-25.479,248.689
-17.3621,-25.5683,249.059
-16.4704,-25.6587,249.437
-15.5871,-25.7515,249.825
-14.6968,-25.8436,250.22
-13.8011,-25.9345,250.625
-12.9165,-26.0238,251.036
-12.0392,-26.1127,251.454
-11.1683,-26.2002,251.88
-10.3024,-26.2882,252.311
-9.44786,-26.372,252.745
-8.60247,-26.458,253.186
-7.75486,-26.5446,253.634
-6.92154,-26.627,254.087
-6.0882,-26.7084,254.549
-5.26037,-26.7877,255.018
-4.44141,-26.8637,255.498
-3.62667,-26.9361,255.983
-2.82532,-27.0082,256.467
-2.02205,-27.081,256.963
-1.23433,-27.1511,257.46
-0.451393,-27.2199,257.963
0.326516,-27.2914,258.475
1.11224,-27.3595,258.995
1.8775,-27.4259,259.524
2.65177,-27.4922,260.06
3.42494,-27.5539,260.596
4.19059,-27.6136,261.141
4.95919,-27.6725,261.693
5.73076,-27.7278,262.247
6.50561,-27.7813,262.806
7.27507,-27.8353,263.366
8.0425,-27.8881,263.927
8.80886,-27.9404,264.489
9.5825,-27.9947,265.057
10.3572,-28.0491,265.623
11.1305,-28.1006,266.193
11.8998,-28.1487,266.764
12.667,-28.1954,267.334
13.4456,-28.2395,267.91
14.2177,-28.2811,268.486
15.0004,-28.3245,269.073
15.7847,-28.3664,269.662
16.5717,-28.4077,270.251
17.3684,-28.4482,270.849
18.1579,-28.4871,271.441
18.9443,-28.5235,272.034
19.729,-28.5576,272.628
20.5111,-28.5929,273.221
21.2916,-28.6256,273.814
22.0697,-28.6547,274.412
22.8459,-28.6828,275.01
23.6241,-28.7082,275.614
24.3968,-28.7327,276.218
25.1586,-28.7555,276.825
25.9203,-28.7747,277.434
26.6636,-28.7925,278.046
27.4086,-28.8116,278.67
28.1563,-28.8272,279.299
28.8989,-28.8436,279.933
29.6331,-28.8562,280.572
30.3595,-28.8651,281.217
31.0819,-28.8769,281.871
31.7949,-28.8879,282.537
32.5051,-28.8993,283.218
33.2101,-28.9096,283.911
33.904,-28.9171,284.608
34.591,-28.9216,285.314
35.274,-28.9247,286.044
35.9596,-28.921,286.786
36.6418,-28.9171,287.538
37.324,-28.9081,288.3
37.9927,-28.8975,289.06
38.6537,-28.8848,289.837
39.3095,-28.8709,290.636
39.9557,-28.8556,291.45
40.5908,-28.8383,292.273
41.2102,-28.8184,293.111
41.8215,-28.7954,293.955
42.4201,-28.7728,294.813
43.0104,-28.7479,295.682
43.5898,-28.7236,296.559
44.1613,-28.6995,297.452
44.7246,-28.6771,298.349
45.2823,-28.6529,299.258
45.8304,-28.6307,300.178
46.3772,-28.6064,301.116
46.9114,-28.58,302.061
47.4486,-28.547,303.016
47.9813,-28.512,303.978
48.5159,-28.4774,304.948
49.0507,-28.4437,305.918
49.5844,-28.4135,306.906
50.1144,-28.3919,307.869
50.6474,-28.3753,308.848
51.1897,-28.3529,309.842
51.7314,-28.3324,310.834
52.2765,-28.3167,311.822
52.8074,-28.3063,312.808
53.3426,-28.298,313.807
53.8825,-28.2887,314.809
54.419,-28.2773,315.808
54.9542,-28.2664,316.813
55.4764,-28.2574,317.818
55.9982,-28.2398,318.827
56.4998,-28.2261,319.842
56.9893,-28.204,320.866
57.4653,-28.1756,321.897
57.9264,-28.1465,322.933
58.3714,-28.1185,323.976
58.8042,-28.0911,325.023
59.2229,-28.0618,326.074
59.6263,-28.0319,327.126
60.0153,-28.0027,328.187
60.3844,-27.9747,329.25
60.7372,-27.9475,330.31
61.0709,-27.9212,331.369
61.3975,-27.895,332.443
61.7179,-27.8678,333.511
62.0395,-27.8385,334.591
62.3561,-27.8105,335.661
62.6684,-27.7826,336.73
62.9753,-27.7563,337.794
63.2781,-27.7314,338.86
63.5731,-27.7075,339.929
63.8592,-27.6871,340.999
64.1367,-27.6669,342.072
64.4081,-27.6465,343.148
64.6678,-27.6249,344.219
64.9235,-27.6033,345.294
65.1678,-27.5797,346.358
65.411,-27.5604,347.416
65.6516,-27.54,348.469
65.8882,-27.5216,349.524
66.1201,-27.5056,350.574
66.3528,-27.4903,351.614
66.5941,-27.4736,352.638
66.8411,-27.4554,353.634
67.0934,-27.4454,354.615
67.3594,-27.4372,355.58
67.6217,-27.4344,356.514
67.8854,-27.4322,357.437
68.1468,-27.4298,358.35
68.4113,-27.3821,359.257
68.6661,-27.3779,360.16
68.9143,-27.3717,361.065
69.1535,-27.3679,361.97
69.3813,-27.3667,362.867
69.6021,-27.3645,363.76
69.8088,-27.3458,364.658
69.996,-27.3283,365.558
70.161,-27.3132,366.471
70.3016,-27.2979,367.391
70.4253,-27.2822,368.321
70.6693,-27.3207,369.742
70.9159,-27.3669,371.258
71.0285,-27.3605,372.4
71.0381,-27.3508,373.334
71.009,-27.3488,374.254
70.95,-27.346,375.175
70.866,-27.3478,376.097
70.7588,-27.3526,377.021
70.624,-27.3625,377.942
70.4697,-27.3731,378.868
70.2976,-27.376,379.806
70.1122,-27.3843,380.75
69.921,-27.3854,381.693
69.726,-27.3866,382.634
69.5319,-27.3901,383.59
69.3354,-27.3994,384.557
69.1431,-27.4104,385.536
68.9535,-27.4208,386.526
68.7679,-27.4323,387.523
68.5795,-27.4469,388.534
68.3925,-27.4633,389.552
68.2027,-27.4822,390.587
68.0094,-27.5033,391.632
67.8126,-27.5239,392.689
67.6143,-27.5417,393.761
67.4124,-27.5593,394.836
67.2101,-27.5775,395.921
67.0045,-27.5962,397.021
66.8033,-27.6183,398.124
66.5994,-27.6421,399.232
66.3915,-27.6691,400.343
66.1796,-27.6978,401.465
65.9647,-27.7295,402.588
65.7412,-27.7613,403.708
65.5056,-27.7957,404.826
65.2538,-27.8341,405.937
64.9867,-27.8739,407.047
64.7073,-27.9123,408.162
64.4204,-27.9531,409.268
64.1275,-27.9943,410.364
63.824,-28.039,411.446
63.5123,-28.0825,412.514
63.1895,-28.1281,413.584
62.8595,-28.1753,414.647
62.522,-28.2248,415.708
62.1831,-28.2747,416.764
61.8415,-28.3224,417.821
61.4962,-28.3765,418.877
61.1551,-28.4308,419.934
60.7982,-28.4899,420.991
60.4237,-28.555,422.037
60.0382,-28.6141,423.098
59.6571,-28.6735,424.158
59.2697,-28.7318,425.205
58.8797,-28.788,426.264
58.4879,-28.8431,427.322
58.0976,-28.892,428.38
57.7047,-28.9393,429.436
57.3096,-28.9855,430.49
56.9135,-29.0324,431.548
56.5162,-29.0815,432.608
56.1104,-29.1321,433.675
55.7027,-29.1824,434.737
55.2871,-29.2332,435.801
54.8664,-29.2817,436.864
54.4463,-29.3272,437.924
54.0274,-29.3718,438.981
53.6098,-29.4111,440.042
53.1952,-29.4472,441.097
52.7843,-29.4826,442.147
52.3818,-29.5172,443.203
51.9835,-29.5495,444.255
51.5798,-29.5773,445.306
51.1816,-29.6026,446.362
50.7863,-29.6289,447.41
50.4001,-29.6565,448.447
50.0146,-29.6822,449.481
49.6339,-29.706,450.521
49.2546,-29.7274,451.555
48.8778,-29.7453,452.583
48.5051,-29.7621,453.605
48.1402,-29.7758,454.627
47.774,-29.7914,455.641
47.4126,-29.8051,456.653
47.0513,-29.8195,457.653
46.6939,-29.8307,458.648
46.333,-29.8445,459.647
45.9749,-29.8547,460.633
45.6163,-29.8675,461.618
45.2598,-29.8781,462.601
44.9044,-29.8886,463.576
44.5498,-29.8975,464.539
44.1954,-29.9093,465.51
43.8344,-29.9193,466.469
43.4813,-29.9271,467.414
43.1292,-29.9344,468.351
42.7789,-29.9411,469.286
42.4323,-29.9462,470.213
42.0856,-29.9504,471.135
41.7407,-29.9517,472.051
41.3969,-29.9491,472.966
41.0538,-29.9441,473.88
40.7117,-29.937,474.789
40.3691,-29.9274,475.692
40.0271,-29.9139,476.592
39.6861,-29.8991,477.486
39.3462,-29.8827,478.379
39.0051,-29.8663,479.266
38.667,-29.8508,480.15
38.3294,-29.8326,481.031
37.9921,-29.816,481.895
37.6642,-29.7993,482.753
37.3416,-29.7796,483.606
37.0225,-29.7614,484.453
36.6995,-29.7438,485.295
36.3938,-29.7273,486.104
36.0893,-29.7121,486.911
35.7895,-29.6972,487.708
35.4931,-29.6836,488.493
35.2021,-29.6721,489.267
34.9171,-29.6598,490.038
34.6379,-29.6476,490.802
34.3573,-29.6357,491.565
34.077,-29.6232,492.325
33.8055,-29.6121,493.089
33.5366,-29.6006,493.854
33.2728,-29.5859,494.619
33.0202,-29.5694,495.388
32.7804,-29.5502,496.162
32.5559,-29.5273,496.94
32.3445,-29.5014,497.719
32.1472,-29.468,498.506
31.9659,-29.4297,499.299
31.8105,-29.3928,500.088
31.6761,-29.3506,500.878
31.5637,-29.3027,501.671
31.4718,-29.2551,502.467
31.4024,-29.2048,503.268
31.3554,-29.1517,504.079
31.3296,-29.0989,504.886
31.3267,-29.0441,505.697
31.3412,-28.9847,506.513
31.3742,-28.9225,507.333
31.4319,-28.8567,508.159
31.5099,-28.7879,508.983
31.6099,-28.7176,509.811
31.7251,-28.6485,510.628
31.8568,-28.5771,511.451
32.0078,-28.5052,512.276
32.1715,-28.4322,513.106
32.351,-28.3589,513.933
32.5451,-28.2844,514.765
32.7595,-28.2078,515.597
32.9876,-28.1311,516.428
33.2322,-28.0524,517.261
33.4975,-27.9694,518.093
33.7785,-27.8841,518.925
34.068,-27.8006,519.751
34.3734,-27.7127,520.568
34.6951,-27.6257,521.386
35.0311,-27.5414,522.202
35.3757,-27.454,523.016
35.7496,-27.3641,523.83
36.1373,-27.2753,524.619
36.5453,-27.1835,525.41
36.971,-27.087,526.189
37.421,-26.9871,526.959
37.8951,-26.8837,527.71
38.3828,-26.7845,528.442
38.8889,-26.6837,529.164
39.4124,-26.5788,529.872
39.9487,-26.4745,530.561
40.4978,-26.3686,531.238
41.0603,-26.2617,531.904
41.6377,-26.1528,532.558
42.2287,-26.04,533.201
42.8315,-25.926,533.841
43.4458,-25.8132,534.467
44.0683,-25.6962,535.078
44.7074,-25.5743,535.676
45.3643,-25.45,536.271
46.0346,-25.3247,536.858
46.7169,-25.1958,537.43
47.4219,-25.0616,537.986
48.1388,-24.9252,538.528
48.8748,-24.7851,539.056
49.6239,-24.6468,539.568
50.3915,-24.5068,540.066
51.1704,-24.3634,540.539
51.9636,-24.2192,540.998
52.7812,-24.0712,541.444
53.608,-23.922,541.87
54.4517,-23.7711,542.276
55.3081,-23.6191,542.662
56.1801,-23.4677,543.03
57.0701,-23.3126,543.373
57.9786,-23.1563,543.694
58.8957,-22.9996,543.988
59.8226,-22.8424,544.257
60.7612,-22.6812,544.507
61.7144,-22.5179,544.733
62.6755,-22.3529,544.936
63.64,-22.1864,545.116
64.6229,-22.0189,545.27
65.617,-21.8491,545.404
66.6179,-21.6784,545.514
67.6258,-21.5055,545.601
68.6398,-21.3301,545.659
69.6555,-21.1551,545.695
70.6768,-20.9793,545.703
71.7068,-20.8053,545.679
72.7429,-20.6302,545.631
73.786,-20.4545,545.556
74.8198,-20.282,545.456
75.8604,-20.1076,545.337
76.9075,-19.932,545.193
77.9611,-19.7589,545.026
79.0179,-19.5861,544.839
80.0759,-19.4143,544.629
81.1302,-19.2461,544.401
82.19,-19.0794,544.146
83.2458,-18.916,543.868
84.3014,-18.7507,543.568
85.3495,-18.5849,543.246
86.3988,-18.4179,542.908
87.4444,-18.2527,542.551
88.477,-18.0888,542.185
89.5184,-17.9253,541.803
90.5678,-17.7604,541.414
91.62,-17.5942,541.021
92.6756,-17.4253,540.626
93.7422,-17.2523,540.23
94.8117,-17.0757,539.833
95.8852,-16.895,539.435
96.9656,-16.7102,539.031
98.0479,-16.5233,538.621
99.128,-16.3358,538.212
100.212,-16.152,537.8
101.313,-15.9668,537.377
102.417,-15.7818,536.954
103.522,-15.5963,536.531
104.637,-15.4048,536.103
105.757,-15.2116,535.672
106.88,-15.0142,535.237
108.008,-14.8161,534.797
109.143,-14.6148,534.352
110.275,-14.417,533.907
111.415,-14.2176,533.456
112.565,-14.0169,533.008
113.725,-13.8134,532.555
114.893,-13.6066,532.104
116.051,-13.402,531.656
117.226,-13.1997,531.202
118.41,-12.9982,530.74
119.606,-12.7948,530.276
120.829,-12.5819,529.802
122.053,-12.3653,529.321
123.263,-12.1547,528.855
124.478,-11.9451,528.391
125.703,-11.7346,527.922
126.949,-11.5191,527.438
128.197,-11.303,526.954
129.472,-11.0822,526.456
130.732,-10.8661,525.963
132.006,-10.6462,525.465
133.286,-10.4239,524.966
134.557,-10.2043,524.473
135.832,-9.98593,523.985
137.131,-9.76546,523.486
138.425,-9.54606,522.992
139.718,-9.32611,522.492
140.994,-9.11238,521.995
142.283,-8.89667,521.488
143.573,-8.68015,520.982
144.865,-8.46221,520.475
146.153,-8.24351,519.979
147.441,-8.02342,519.485
148.723,-7.80517,518.992
150.004,-7.58694,518.494
151.289,-7.36847,517.991
152.57,-7.15452,517.489
153.854,-6.93912,516.991
155.152,-6.7226,516.499
156.442,-6.50395,516.014
157.733,-6.27764,515.534
159.018,-6.05267,515.05
160.301,-5.83395,514.566
161.572,-5.61926,514.094
162.857,-5.40382,513.618
164.135,-5.19179,513.149
165.412,-4.9796,512.678
166.692,-4.76368,512.21
167.963,-4.55019,511.744
169.242,-4.33968,511.269
170.513,-4.13279,510.794
171.775,-3.92901,510.318
173.039,-3.72532,509.838
174.291,-3.52283,509.364
175.544,-3.31709,508.886
176.785,-3.11217,508.4
178.017,-2.90582,507.915
179.254,-2.70108,507.422
180.498,-2.49598,506.918
181.752,-2.29166,506.408
182.976,-2.09319,505.915
184.192,-1.8951,505.426
185.404,-1.69688,504.926
186.602,-1.50043,504.426
187.775,-1.30772,503.938
188.922,-1.12074,503.461
190.051,-0.93472,502.989
191.163,-0.750665,502.52
192.255,-0.572245,502.066
193.333,-0.394445,501.614
194.391,-0.22188,501.169
195.44,-0.0510544,500.729
196.475,0.118131,500.302
197.483,0.279274,499.894
198.479,0.440406,499.498
199.468,0.59954,499.117
200.454,0.758759,498.753
201.435,0.915301,498.411
202.412,1.06817,498.09
203.39,1.22345,497.794
204.363,1.37227,497.522
205.329,1.51768,497.271
206.299,1.66489,497.044
207.269,1.80878,496.835
208.255,1.95637,496.644
209.243,2.10679,496.471
210.226,2.25561,496.327
211.212,2.40672,496.202
212.201,2.56258,496.099
213.184,2.71793,496.023
214.171,2.87563,495.964
215.153,3.03245,495.929
216.138,3.19047,495.909
217.117,3.34625,495.91
218.1,3.50229,495.933
219.087,3.65587,495.983
220.076,3.80621,496.061
221.066,3.95484,496.171
222.06,4.10409,496.314
223.053,4.25418,496.488
224.042,4.40607,496.7
225.031,4.55974,496.943
226.015,4.71082,497.214
226.987,4.86478,497.52
227.958,5.0204,497.852
228.922,5.17167,498.21
229.891,5.32127,498.603
230.855,5.4707,499.026
231.81,5.61933,499.476
232.768,5.76863,499.958
233.701,5.91488,500.461
234.613,6.05828,500.992
235.525,6.20443,501.551
236.425,6.34699,502.146
237.325,6.49849,502.78
238.215,6.64995,503.438
239.085,6.80225,504.116
239.939,6.9578,504.82
240.77,7.11315,505.551
241.597,7.26967,506.305
242.408,7.4272,507.082
243.201,7.5831,507.88
243.998,7.74369,508.696
244.777,7.90056,509.525
245.548,8.05733,510.368
246.319,8.21489,511.228
247.083,8.37088,512.096
247.841,8.52414,512.975
248.592,8.6749,513.861
249.335,8.82177,514.757
250.075,8.96706,515.661
250.808,9.11115,516.566
251.538,9.25721,517.472
252.262,9.40326,518.382
252.982,9.55197,519.292
253.696,9.70084,520.201
254.41,9.85136,521.117
255.12,9.99915,522.026
255.829,10.1429,522.934
256.528,10.2814,523.832
257.224,10.4179,524.724
257.914,10.5538,525.611
258.6,10.6894,526.485
259.286,10.8257,527.346
259.963,10.9596,528.188
260.634,11.0916,529.009
261.307,11.222,529.813
261.976,11.35,530.596
262.653,11.4725,531.359
263.323,11.5897,532.095
263.989,11.7038,532.802
264.653,11.8147,533.486
265.314,11.9227,534.144
265.973,12.0241,534.776
266.622,12.1177,535.378
267.26,12.2042,535.954
267.889,12.2793,536.515
268.517,12.3539,537.049
269.157,12.4196,537.566
269.798,12.4805,538.067
270.44,12.544,538.534
271.091,12.6102,538.972
271.743,12.6719,539.372
272.393,12.7344,539.734
273.052,12.7972,540.065
273.725,12.8601,540.369
274.406,12.9192,540.655
275.103,12.9778,540.917
275.817,13.0377,541.139
276.54,13.0957,541.331
277.267,13.1508,541.496
278,13.2101,541.632
278.739,13.2774,541.719
279.475,13.3441,541.778
280.206,13.4084,541.808
280.933,13.4703,541.808
281.66,13.5342,541.77
282.381,13.5971,541.713
283.097,13.6557,541.64
283.817,13.7144,541.55
284.537,13.7759,541.444
285.253,13.8378,541.322
285.972,13.9004,541.193
286.694,13.9671,541.049
287.407,14.0298,540.896
288.116,14.0921,540.722
288.833,14.1611,540.535
289.551,14.2331,540.334
290.257,14.3004,540.116
290.962,14.3673,539.874
291.649,14.4322,539.609
292.337,14.5017,539.32
293.012,14.5675,539.005
293.673,14.631,538.652
294.314,14.6962,538.27
294.936,14.7624,537.863
295.545,14.8293,537.433
296.13,14.8957,536.976
296.675,14.9594,536.497
297.186,15.0203,536.008
297.685,15.0788,535.499
298.152,15.1345,534.975
298.599,15.1946,534.447
299.017,15.2523,533.91
299.403,15.3054,533.366
299.776,15.3531,532.808
300.138,15.4028,532.23
300.489,15.4527,531.646
300.823,15.5048,531.043
301.139,15.5562,530.427
301.443,15.6093,529.801
301.73,15.6606,529.169
301.999,15.7062,528.53
302.245,15.753,527.876
302.47,15.8005,527.218
302.669,15.8514,526.552
302.846,15.8992,525.877
303.003,15.9407,525.187
303.143,15.9829,524.499
303.257,16.0301,523.804
303.349,16.0748,523.1
303.417,16.1196,522.382
303.461,16.161,521.656
303.481,16.2031,520.922
303.48,16.2442,520.171
303.463,16.2838,519.409
303.428,16.3225,518.637
303.381,16.3574,517.861
303.322,16.3919,517.081
303.251,16.4246,516.291
303.167,16.4583,515.493
303.075,16.4878,514.692
302.971,16.5155,513.881
302.855,16.5466,513.063
302.728,16.5806,512.234
302.596,16.6105,511.397
302.462,16.6407,510.551
302.329,16.6734,509.704
302.191,16.7039,508.844
302.049,16.7345,507.977
301.906,16.765,507.095
301.76,16.7957,506.205
301.611,16.8289,505.307
301.459,16.8632,504.401
301.309,16.8963,503.486
301.158,16.9272,502.564
300.997,16.9592,501.628
300.836,16.9914,500.692
300.672,17.0223,499.743
300.502,17.0535,498.786
300.33,17.0867,497.823
300.157,17.1167,496.856
299.981,17.1462,495.886
299.806,17.1784,494.912
299.626,17.2099,493.931
299.448,17.2392,492.95
299.268,17.2696,491.97
299.083,17.3038,490.992
298.901,17.3305,490.018
298.714,17.3601,489.028
298.531,17.3894,488.04
298.348,17.4223,487.05
298.171,17.4531,486.06
297.999,17.483,485.063
297.821,17.5137,484.062
297.652,17.5432,483.061
297.492,17.5666,482.065
297.34,17.5877,481.069
297.199,17.6061,480.073
297.065,17.6237,479.067
296.936,17.6443,478.063
296.819,17.6643,477.063
296.707,17.6895,476.056
296.609,17.7157,475.058
296.53,17.7435,474.062
296.467,17.7708,473.07
296.423,17.7985,472.08
296.392,17.8243,471.092
296.371,17.8494,470.1
296.359,17.8792,469.106
296.365,17.9077,468.113
296.384,17.9404,467.118
296.422,17.9759,466.128
296.475,18.012,465.129
296.541,18.052,464.128
296.616,18.0936,463.135
296.705,18.1355,462.145
296.808,18.1775,461.159
296.92,18.2231,460.175
297.045,18.269,459.192
297.186,18.3181,458.207
297.334,18.3686,457.23
297.491,18.4216,456.252
297.66,18.4735,455.282
297.843,18.5276,454.312
298.037,18.5801,453.34
298.249,18.634,452.361
298.472,18.6846,451.395
298.704,18.7353,450.429
298.948,18.7858,449.464
299.2,18.8356,448.504
299.459,18.8832,447.542
299.724,18.9321,446.586
299.996,18.9828,445.634
300.282,19.0335,444.69
300.571,19.0859,443.756
300.866,19.1399,442.821
301.165,19.1968,441.881
301.475,19.2523,440.946
301.791,19.3118,440.019
302.113,19.3719,439.1
302.44,19.4335,438.187
302.776,19.4916,437.304
303.114,19.55,436.421
303.454,19.6068,435.553
303.795,19.6595,434.697
304.14,19.7117,433.844
304.484,19.7596,433.006
304.831,19.8065,432.182
305.172,19.8456,431.376
305.513,19.879,430.591
305.849,19.9042,429.829
306.179,19.9242,429.1
306.506,19.9396,428.399
306.832,19.9512,427.704
307.146,19.9541,427.03
307.447,19.9525,426.383
307.739,19.9535,425.749
308.027,19.9507,425.118
308.306,19.9424,424.481
308.583,19.9322,423.855
308.849,19.9227,423.238
309.107,19.916,422.626
309.355,19.9124,422.02
309.589,19.9144,421.406
309.792,19.9135,420.775
309.978,19.9133,420.145
310.141,19.914,419.523
310.281,19.9186,418.903
310.392,19.9248,418.278
310.475,19.9328,417.652
310.527,19.9415,417.026
310.55,19.9471,416.4
310.553,19.9539,415.776
310.531,19.9649,415.152
310.471,19.9789,414.52
310.379,19.9875,413.886
310.259,19.9955,413.248
310.118,20.0065,412.619
309.948,20.0188,411.987
309.739,20.0314,411.358
309.503,20.0396,410.741
309.235,20.0483,410.124
308.94,20.0578,409.506
308.619,20.0623,408.899
308.281,20.0649,408.299
307.921,20.0672,407.703
307.539,20.0711,407.108
307.135,20.0721,406.513
306.715,20.0701,405.917
306.28,20.0697,405.31
305.827,20.0681,404.694
305.361,20.0647,404.077
304.874,20.0626,403.452
304.371,20.0599,402.814
303.846,20.0529,402.17
303.31,20.0458,401.51
302.771,20.041,400.843
302.227,20.0373,400.158
301.683,20.0329,399.452
301.137,20.0285,398.734
300.584,20.0224,398.005
300.021,20.0164,397.27
299.451,20.0107,396.523
298.876,20.0048,395.761
298.289,19.9987,394.985
297.699,19.9939,394.199
297.102,19.986,393.4
296.505,19.9773,392.598
295.897,19.9692,391.783
295.297,19.9566,390.964
294.698,19.939,390.14
294.093,19.9225,389.306
293.49,19.9015,388.46
292.88,19.8814,387.61
292.273,19.8599,386.756
291.66,19.837,385.895
291.055,19.8181,385.033
290.456,19.8004,384.167
289.861,19.7826,383.287
289.266,19.7675,382.401
288.673,19.7536,381.512
288.081,19.7356,380.618
287.509,19.7173,379.728
286.939,19.6966,378.829
286.388,19.6751,377.929
285.85,19.6533,377.008
285.34,19.6355,376.07
284.849,19.6152,375.133
284.382,19.5969,374.185
283.922,19.5801,373.223
283.476,19.5659,372.256
283.033,19.5529,371.274
282.604,19.5472,370.293
282.185,19.5424,369.304
281.774,19.5339,368.304
281.381,19.5219,367.292
280.991,19.5112,366.27
280.623,19.4991,365.254
280.262,19.4881,364.224
279.908,19.4785,363.186
279.565,19.4662,362.144
279.223,19.4571,361.092
278.888,19.45,360.044
278.563,19.4448,358.983
278.235,19.437,357.918
277.905,19.4342,356.847
277.576,19.4265,355.775
277.242,19.4085,354.69
276.911,19.4003,353.603
276.584,19.3894,352.507
276.255,19.3805,351.408
275.926,19.3747,350.3
275.609,19.3658,349.198
275.289,19.3562,348.087
274.966,19.3441,346.959
274.641,19.3385,345.817
274.307,19.3352,344.674
273.973,19.3335,343.531
273.639,19.3306,342.389
273.306,19.3277,341.244
272.965,19.3236,340.083
272.627,19.3181,338.916
272.294,19.3139,337.748
271.958,19.3129,336.574
271.612,19.3115,335.388
271.255,19.309,334.194
270.889,19.3076,333.007
270.513,19.3036,331.82
270.126,19.2986,330.631
269.724,19.2917,329.441
269.3,19.2872,328.238
268.87,19.2848,327.053
268.414,19.2807,325.854
267.959,19.2727,324.666
267.487,19.2626,323.463
267.011,19.2521,322.265
266.527,19.2465,321.06
266.033,19.246,319.864
265.528,19.245,318.675
265.024,19.2434,317.488
264.511,19.2402,316.292
264.016,19.2313,315.1
263.505,19.2246,313.895
262.997,19.219,312.686
262.485,19.2142,311.49
261.967,19.2093,310.284
261.439,19.2052,309.069
260.916,19.2033,307.858
260.393,19.2,306.643
259.874,19.1966,305.424
259.354,19.1924,304.205
258.827,19.189,302.983
258.296,19.1867,301.762
257.759,19.185,300.546
257.221,19.1853,299.32
256.684,19.1829,298.094
256.147,19.1818,296.861
255.6,19.1786,295.616
255.05,19.176,294.372
254.499,19.1741,293.127
253.954,19.1707,291.882
253.409,19.1657,290.63
252.869,19.1586,289.375
252.327,19.1524,288.114
251.777,19.1477,286.848
251.228,19.1417,285.584
250.676,19.1332,284.314
250.123,19.1259,283.042
249.567,19.1181,281.764
249.009,19.1097,280.483
248.445,19.1034,279.194
247.878,19.0973,277.901
247.309,19.0931,276.608
246.736,19.0867,275.311
246.166,19.0775,274.016
245.595,19.0688,272.719
245.023,19.059,271.418
244.45,19.0521,270.117
243.867,19.0439,268.798
243.267,19.0377,267.476
242.671,19.0322,266.165
242.074,19.0254,264.856
241.472,19.0155,263.54
240.87,19.005,262.23
240.265,18.9947,260.919
239.651,18.9854,259.6
239.043,18.9793,258.286
238.435,18.9743,256.978
237.826,18.9685,255.666
237.211,18.9641,254.347
236.596,18.961,253.028
235.979,18.9598,251.707
235.368,18.9572,250.398
234.757,18.9528,249.07
234.149,18.9487,247.753
233.544,18.9443,246.431
232.935,18.94,245.103
232.326,18.9383,243.771
231.724,18.9373,242.445
231.125,18.9346,241.123
230.533,18.927,239.799
229.944,18.9167,238.465
229.363,18.9056,237.142
228.784,18.8979,235.814
228.211,18.8925,234.495
227.639,18.8871,233.174
227.069,18.8834,231.846
226.498,18.8775,230.512
225.936,18.8749,229.182
225.381,18.8726,227.85
224.833,18.8682,226.513
224.301,18.8616,225.175
223.778,18.8563,223.827
223.263,18.8451,222.475
222.757,18.8372,221.114
222.265,18.8302,219.753
221.772,18.824,218.388
221.304,18.8165,217.035
220.842,18.8098,215.678
220.37,18.7979,214.284
219.921,18.7888,212.921
219.471,18.7806,211.554
219.031,18.7751,210.189
218.594,18.7677,208.824
218.161,18.7606,207.452
217.736,18.7494,206.078
217.313,18.7394,204.699
216.892,18.7305,203.321
216.474,18.7231,201.945
216.066,18.7168,200.572
215.661,18.7092,199.2
215.248,18.7025,197.815
214.841,18.6951,196.432
214.428,18.6886,195.039
214.027,18.6792,193.651
213.64,18.6698,192.26
213.245,18.6608,190.849
212.857,18.6574,189.453
212.463,18.656,188.063
212.071,18.6519,186.677
211.683,18.6491,185.292
211.296,18.6457,183.903
210.902,18.6416,182.503
210.507,18.636,181.103
210.111,18.627,179.698
209.723,18.6172,178.29
209.344,18.6061,176.89
208.964,18.5981,175.492
208.593,18.5883,174.099
208.223,18.5783,172.704
207.851,18.5672,171.308
207.48,18.5544,169.913
207.109,18.5407,168.517
206.742,18.5257,167.126
206.375,18.5112,165.741
206.006,18.4972,164.353
205.63,18.4834,162.965
205.243,18.4732,161.572
204.854,18.4653,160.186
204.451,18.4595,158.797
204.036,18.454,157.412
203.614,18.4483,156.039
203.177,18.4411,154.677
202.723,18.4299,153.309
202.256,18.4169,151.947
201.771,18.4036,150.596
201.274,18.3909,149.257
200.756,18.3773,147.917
200.226,18.3622,146.585
199.68,18.3457,145.267
199.126,18.3303,143.959
198.548,18.3119,142.659
197.958,18.2956,141.365
197.354,18.2795,140.082
196.733,18.2649,138.803
196.102,18.2484,137.538
195.463,18.23,136.283
194.82,18.209,135.038
194.154,18.1847,133.787
193.48,18.1679,132.557
192.804,18.1429,131.307
192.116,18.1241,130.072
191.428,18.1033,128.838
190.737,18.0776,127.605
190.037,18.0542,126.384
189.326,18.0319,125.158
188.618,18.0124,123.949
187.889,17.9929,122.711
187.169,17.9733,121.497
186.439,17.9532,120.279
185.69,17.9327,119.049
184.933,17.9172,117.83
184.171,17.9,116.62
183.397,17.8791,115.415
182.605,17.8553,114.213
181.806,17.8302,113.014
181.003,17.8056,111.817
180.199,17.7832,110.617
179.393,17.7619,109.418
178.582,17.7419,108.218
177.774,17.723,107.02
176.967,17.7037,105.817
176.162,17.6866,104.612
175.36,17.6657,103.406
174.568,17.6414,102.208
173.77,17.6103,101.001
172.969,17.5787,99.7904
172.162,17.5493,98.5743
171.358,17.5222,97.357
170.561,17.494,96.1453
169.767,17.4647,94.9351
168.969,17.4332,93.7173
168.167,17.4007,92.4967
167.357,17.3698,91.2725
166.548,17.3416,90.0557
165.731,17.3135,88.8307
164.917,17.287,87.6077
164.101,17.2603,86.3914
163.28,17.2321,85.1763
162.453,17.203,83.9615
161.621,17.1753,82.7451
160.785,17.149,81.5273
159.942,17.1237,80.305
159.093,17.1014,79.0856
158.25,17.0814,77.8772
157.402,17.0605,76.667
156.55,17.0348,75.4571
155.693,17.0065,74.2415
154.834,16.9792,73.0226
153.972,16.9535,71.7955
153.117,16.9282,70.5739
152.261,16.905,69.3543
151.392,16.8815,68.1352
150.531,16.8553,66.9245
149.669,16.8242,65.7069
148.814,16.7862,64.484
147.952,16.75,63.253
147.093,16.7195,62.0285
146.236,16.6903,60.8129
145.377,16.6575,59.5915
144.515,16.6235,58.3691
143.656,16.5893,57.151
142.796,16.5558,55.9332
141.938,16.5255,54.712
141.086,16.4921,53.4924
140.241,16.4578,52.2719
139.399,16.4265,51.0504
138.557,16.3954,49.8298
137.716,16.363,48.6117
136.871,16.3328,47.3894
136.031,16.3021,46.1804
135.189,16.2682,44.9602
134.35,16.2317,43.7376
133.516,16.1951,42.5195
132.689,16.1579,41.3062
131.858,16.1227,40.0906
131.023,16.0862,38.8746
129.302,15.9575,36.5596
127.541,15.9032,34.1344
126.2,15.8533,32.2595
125.401,15.8201,31.0452
124.582,15.785,29.8151
123.749,15.7515,28.5801
122.921,15.7203,27.3538
122.103,15.6878,26.1352
121.292,15.6523,24.9114
120.484,15.6196,23.6924
119.67,15.5878,22.4668
118.851,15.5531,21.2393
118.035,15.5165,20.0152
117.213,15.4795,18.7869
116.401,15.4436,17.5591
115.582,15.4084,16.3254
114.789,15.3762,15.1031
113.967,15.3377,13.8648
113.155,15.2993,12.6299
112.349,15.2575,11.4031
111.545,15.2158,10.1737
110.737,15.1741,8.9463
109.939,15.1322,7.72545
109.255,15.091,6.68731
108.698,15.0601,5.86644
108.128,15.0313,5.0347
107.557,15.0011,4.20614
106.986,14.9684,3.38158
106.378,14.9324,2.53114
105.599,14.8708,1.31627
104.825,14.8065,0.104258
104.058,14.7431,-1.09957
103.287,14.6826,-2.29988
102.522,14.6229,-3.4879
101.765,14.5594,-4.66831
101.007,14.4918,-5.84487
100.257,14.4187,-7.01471
99.5076,14.348,-8.18451
98.7714,14.2819,-9.34998
98.0568,14.218,-10.5085
97.3607,14.1546,-11.6606
96.6803,14.0922,-12.8003
96.0096,14.0268,-13.9174
95.3439,13.958,-15.0227
94.6933,13.8868,-16.1184
94.0579,13.8132,-17.2088
93.4389,13.7416,-18.2895
92.8345,13.6706,-19.3501
92.2511,13.6001,-20.3861
91.6836,13.5315,-21.4049
91.1297,13.4643,-22.3952
90.5946,13.4011,-23.3639
90.0762,13.3377,-24.3125
89.5691,13.2725,-25.2429
89.069,13.2109,-26.1406
88.5814,13.1521,-27.0013
88.1003,13.0954,-27.8273
87.6237,13.0401,-28.6182
87.1519,12.9822,-29.3773
86.6802,12.9248,-30.0965
86.2105,12.8674,-30.7863
85.7423,12.8112,-31.4491
85.2677,12.7546,-32.0747
84.7883,12.6959,-32.6492
84.298,12.6331,-33.1813
83.8133,12.5753,-33.6693
83.3203,12.5175,-34.1252
82.8244,12.4581,-34.5463
82.3204,12.4,-34.928
81.7998,12.3401,-35.2823
81.2728,12.2745,-35.6
80.7412,12.2091,-35.8886
80.2023,12.1526,-36.1486
79.6607,12.1012,-36.3662
79.1121,12.0504,-36.5414
78.5633,12.0008,-36.6761
78.0132,11.96,-36.7769
77.4655,11.9232,-36.8412
76.9334,11.8852,-36.8832
76.402,11.8474,-36.8937
75.871,11.809,-36.8712
75.3418,11.7705,-36.8199
74.8182,11.7302,-36.735
74.2977,11.6907,-36.6183
73.7838,11.6521,-36.4694
73.2797,11.613,-36.2833
72.7824,11.5726,-36.0694
72.291,11.5285,-35.8236
71.8084,11.4833,-35.5488
71.3375,11.4386,-35.244
70.8807,11.395,-34.9137
70.4358,11.3513,-34.5533
70.0089,11.3057,-34.1634
69.5982,11.2599,-33.7452
69.2022,11.2159,-33.3004
68.8202,11.1717,-32.8294
68.4544,11.1242,-32.3325
68.1036,11.0774,-31.8071
67.7664,11.031,-31.2596
67.4449,10.9861,-30.6968
67.1365,10.9413,-30.114
66.8436,10.8977,-29.5112
66.5611,10.8512,-28.8898
66.284,10.8037,-28.2571
66.0095,10.7547,-27.6054
65.7483,10.7064,-26.9354
65.492,10.6566,-26.253
65.2428,10.6055,-25.558
64.9951,10.5568,-24.8515
64.7454,10.5124,-24.1353
64.4952,10.4667,-23.4058
64.2401,10.4183,-22.6762
63.9761,10.3731,-21.9341
63.7113,10.3317,-21.1817
63.4437,10.2925,-20.4117
63.1768,10.2511,-19.6377
62.9046,10.209,-18.8526
62.6324,10.1693,-18.0623
62.3616,10.1308,-17.2615
62.0907,10.0915,-16.4548
61.8174,10.0527,-15.6357
61.5447,10.017,-14.8044
61.2732,9.97954,-13.9735
61.0068,9.94417,-13.1378
60.7454,9.90991,-12.309
60.4833,9.87286,-11.4875
60.2207,9.83834,-10.6724
59.9607,9.80341,-9.86672
59.7084,9.77025,-9.07498
59.4553,9.73863,-8.29452
59.2064,9.71074,-7.52776
58.956,9.6795,-6.77742
58.6987,9.64446,-6.0419
58.4408,9.61135,-5.31119
58.1891,9.58087,-4.57835
57.9366,9.54955,-3.85417
57.6846,9.51748,-3.14285
57.4321,9.4882,-2.44938
57.1725,9.4636,-1.76281
56.9177,9.44467,-1.08604
56.6573,9.42835,-0.407504
56.4006,9.40421,0.2632
56.136,9.38239,0.921066
55.865,9.36671,1.56909
55.591,9.3507,2.20821
55.3091,9.3293,2.84703
55.017,9.30613,3.49101
54.7103,9.28136,4.13493
54.3962,9.25318,4.77069
54.0737,9.22297,5.40783
53.7371,9.19247,6.03937
53.3965,9.16046,6.66621
53.0477,9.12344,7.29652
52.6898,9.08489,7.93207
