5.55111e-17,0,2.22045e-16
0.0213887,-0.00845643,0.288071
0.0387903,-0.0151378,0.580734
0.0541807,-0.0200812,0.879235
0.0651508,-0.0247415,1.18521
0.0705324,-0.0288315,1.50086
0.0697684,-0.0344022,1.82433
0.057859,-0.0433315,2.16198
0.0349382,-0.05404,2.51677
0.00341514,-0.0630497,2.87551
-0.030863,-0.0708538,3.24715
-0.0713028,-0.0774298,3.63071
-0.12313,-0.085179,4.0219
-0.193124,-0.0948039,4.41836
-0.271424,-0.104355,4.82831
-0.355562,-0.113755,5.24872
-0.441034,-0.123056,5.68309
-0.52767,-0.13162,6.12782
-0.622388,-0.139892,6.58694
-0.727014,-0.14955,7.05753
-0.834805,-0.160426,7.54838
-0.941959,-0.172982,8.04159
-1.05287,-0.187051,8.55498
-1.17809,-0.201607,9.07598
-1.31795,-0.21944,9.60761
-1.46151,-0.243439,10.149
-1.60092,-0.273656,10.6997
-1.74603,-0.301708,11.2615
-1.9029,-0.327927,11.8293
-2.07322,-0.356684,12.4111
-2.24733,-0.386295,13.0013
-2.43094,-0.414923,13.6035
-2.62093,-0.442032,14.2169
-2.81937,-0.478137,14.8415
-3.02473,-0.519018,15.4771
-3.23733,-0.570138,16.1246
-3.47158,-0.630815,16.7949
-3.70362,-0.696851,17.4415
-3.95102,-0.769005,18.1139
-4.20623,-0.844372,18.801
-4.46663,-0.923399,19.4975
-4.73067,-1.00732,20.2076
-5.00232,-1.09105,20.9243
-5.28531,-1.17489,21.6551
-5.57559,-1.26005,22.3896
-5.89573,-1.35312,23.1412
-6.21501,-1.43896,23.8785
-6.55319,-1.52649,24.6298
-6.89367,-1.60697,25.3849
-7.24616,-1.68583,26.1472
-7.60633,-1.76197,26.9144
-7.98219,-1.83986,27.6887
-8.36227,-1.91576,28.4691
-8.75708,-1.99023,29.2614
-9.16441,-2.06021,30.0597
-9.5807,-2.13002,30.8642
-10.0071,-2.19645,31.675
-10.4443,-2.25826,32.4921
-10.895,-2.31948,33.317
-11.3541,-2.38108,34.1521
-11.8249,-2.44386,34.997
-12.3023,-2.50533,35.8444
-12.7925,-2.57088,36.722
-13.2883,-2.63809,37.6162
-13.7845,-2.70734,38.5166
-14.2895,-2.77514,39.4271
-14.808,-2.84176,40.3431
-15.3346,-2.90914,41.2652
-15.8674,-2.97659,42.1904
-16.4055,-3.04362,43.1146
-16.9452,-3.1089,44.0351
-17.4925,-3.17307,44.9497
-18.0467,-3.23564,45.8569
-18.6194,-3.29854,46.7661
-19.2123,-3.35651,47.6623
-19.8228,-3.41024,48.5507
-20.4338,-3.46527,49.4334
-21.057,-3.51714,50.2968
-21.6751,-3.57473,51.1581
-22.2986,-3.63503,52.0118
-22.9253,-3.69662,52.8739
-23.5601,-3.76156,53.7342
-24.2013,-3.82252,54.5969
-24.8457,-3.8757,55.4567
-25.4948,-3.92143,56.3134
-26.1483,-3.97158,57.1703
-26.809,-4.0193,58.0151
-27.4825,-4.07062,58.8646
-28.1597,-4.12609,59.6958
-28.845,-4.18729,60.5311
-29.5412,-4.24826,61.3609
-30.245,-4.30839,62.1921
-30.9578,-4.36913,63.0178
-31.6783,-4.43169,63.8405
-32.4174,-4.49539,64.6696
-33.1606,-4.55824,65.4899
-33.9024,-4.62179,66.2939
-34.6737,-4.69083,67.0945
-35.4526,-4.75947,67.891
-36.2506,-4.83498,68.682
-37.0546,-4.90623,69.473
-37.8752,-4.98138,70.262
-38.6925,-5.05786,71.0526
-39.5189,-5.13733,71.839
-40.3516,-5.21417,72.6231
-41.1928,-5.29236,73.4057
-42.0471,-5.3695,74.1846
-42.9145,-5.44397,74.9579
-43.7838,-5.52705,75.7356
-44.6583,-5.60232,76.5097
-45.5383,-5.67712,77.2778
-46.4323,-5.7518,78.0513
-47.334,-5.82484,78.8248
-48.239,-5.89842,79.5962
-49.1522,-5.97852,80.3613
-50.076,-6.06436,81.1292
-51.0016,-6.1534,81.8906
-51.9408,-6.24048,82.6467
-52.8957,-6.32682,83.3966
-53.8665,-6.41201,84.1349
-54.8487,-6.49594,84.8619
-55.8416,-6.57787,85.5773
-56.8446,-6.66071,86.2849
-57.8592,-6.74772,86.9837
-58.8809,-6.83733,87.6763
-59.9165,-6.92835,88.3591
-60.9641,-7.01508,89.0272
-62.0219,-7.10298,89.6838
-63.0954,-7.1928,90.3289
-64.1713,-7.28391,90.9595
-65.2682,-7.37481,91.5851
-66.3733,-7.46567,92.2009
-67.4867,-7.55519,92.8094
-68.6065,-7.64359,93.4083
-69.7287,-7.73132,93.9987
-70.8583,-7.82005,94.5834
-71.9916,-7.91415,95.1581
-73.1306,-8.01191,95.7283
-74.2625,-8.11009,96.2881
-75.4027,-8.20952,96.8445
-76.5802,-8.30801,97.4151
-77.6761,-8.39673,97.9397
-78.8072,-8.48698,98.4755
-79.9353,-8.57492,99.0067
-81.0631,-8.66199,99.5329
-82.1801,-8.74144,100.057
-83.2801,-8.828,100.563
-84.3708,-8.91461,101.063
-85.4619,-8.99653,101.554
-86.5468,-9.07269,102.033
-87.6204,-9.14951,102.509
-88.6828,-9.2276,102.977
-89.7402,-9.30589,103.428
-90.7863,-9.38358,103.874
-91.8228,-9.46262,104.327
-92.8503,-9.54042,104.784
-93.8705,-9.60931,105.256
-94.8824,-9.68029,105.733
-95.8862,-9.74908,106.216
-96.8816,-9.81891,106.71
-97.8684,-9.88676,107.211
-98.8429,-9.95809,107.719
-99.8058,-10.0267,108.24
-100.755,-10.0936,108.779
-101.7,-10.1557,109.333
-102.636,-10.2166,109.9
-103.56,-10.2764,110.48
-104.475,-10.3255,111.065
-105.378,-10.3773,111.659
-106.259,-10.4273,112.256
-107.124,-10.4838,112.86
-107.976,-10.5389,113.472
-108.816,-10.5997,114.087
-109.641,-10.6555,114.711
-110.448,-10.7145,115.333
-111.243,-10.7697,115.96
-112.022,-10.8275,116.59
-112.785,-10.8844,117.226
-113.542,-10.9407,117.859
-114.285,-10.9969,118.495
-115.015,-11.0507,119.133
-115.731,-11.1043,119.773
-116.434,-11.1556,120.414
-117.123,-11.2038,121.057
-117.79,-11.2426,121.689
-118.446,-11.2851,122.324
-119.079,-11.3261,122.948
-119.702,-11.3678,123.578
-120.305,-11.4058,124.211
-120.896,-11.4425,124.857
-121.473,-11.4777,125.506
-122.023,-11.5109,126.144
-122.564,-11.543,126.794
-123.091,-11.5757,127.45
-123.611,-11.6082,128.115
-124.115,-11.6398,128.785
-124.609,-11.6702,129.464
-125.088,-11.7029,130.155
-125.557,-11.7356,130.849
-126.01,-11.7777,131.55
-126.456,-11.8081,132.259
-126.901,-11.838,132.986
-127.326,-11.8648,133.694
-127.751,-11.8933,134.424
-128.166,-11.9179,135.163
-128.575,-11.9381,135.915
-128.98,-11.9502,136.67
-129.39,-11.9648,137.439
-129.799,-11.9762,138.221
-130.215,-11.9897,139.017
-130.625,-11.9994,139.817
-131.035,-12.0077,140.63
-131.443,-12.0124,141.462
-131.85,-12.017,142.308
-132.254,-12.0193,143.168
-132.656,-12.0211,144.042
-133.054,-12.0227,144.929
-133.444,-12.0232,145.832
-133.832,-12.025,146.748
-134.221,-12.0292,147.697
-134.589,-12.0371,148.626
-134.944,-12.0506,149.597
-135.286,-12.061,150.585
-135.607,-12.0705,151.595
-135.912,-12.0754,152.613
-136.188,-12.0858,153.655
-136.447,-12.0932,154.717
-136.683,-12.0991,155.79
-136.902,-12.098,156.886
-137.094,-12.0954,158
-137.267,-12.0886,159.125
-137.415,-12.0801,160.268
-137.536,-12.0652,161.425
-137.639,-12.0515,162.601
-137.716,-12.0363,163.797
-137.77,-12.0173,165
-137.802,-11.9995,166.228
-137.812,-11.9852,167.452
-137.798,-11.9724,168.692
-137.76,-11.9608,169.938
-137.693,-11.9517,171.19
-137.603,-11.9419,172.461
-137.488,-11.9371,173.74
-137.342,-11.9431,175.019
-137.176,-11.9503,176.307
-136.98,-11.965,177.606
-136.765,-11.9838,178.911
-136.522,-12.0114,180.228
-136.257,-12.0426,181.545
-135.962,-12.0826,182.88
-135.639,-12.1233,184.219
-135.291,-12.1685,185.551
-134.921,-12.2152,186.888
-134.53,-12.2671,188.231
-134.118,-12.3157,189.577
-133.677,-12.3638,190.928
-133.204,-12.4157,192.272
-132.704,-12.4735,193.619
-132.176,-12.5392,194.968
-131.621,-12.6128,196.301
-131.035,-12.6947,197.647
-130.412,-12.7831,198.974
-129.756,-12.8757,200.306
-129.061,-12.973,201.617
-128.325,-13.0777,202.908
-127.547,-13.1825,204.19
-126.731,-13.2946,205.446
-125.88,-13.4134,206.684
-124.994,-13.5373,207.898
-124.069,-13.6703,209.09
-123.116,-13.8093,210.266
-122.129,-13.9531,211.424
-121.112,-14.0987,212.554
-120.073,-14.2463,213.663
-119.004,-14.3972,214.748
-117.911,-14.5546,215.82
-116.798,-14.7179,216.868
-115.657,-14.8897,217.895
-114.501,-15.06,218.899
-113.327,-15.2293,219.882
-112.14,-15.3987,220.829
-110.946,-15.5659,221.745
-109.742,-15.7325,222.622
-108.535,-15.8986,223.465
-107.307,-16.0668,224.281
-106.071,-16.2328,225.055
-104.83,-16.3948,225.798
-103.583,-16.5541,226.502
-102.33,-16.7091,227.163
-101.071,-16.8614,227.793
-99.8146,-17.0112,228.383
-98.5491,-17.1616,228.935
-97.2875,-17.3106,229.454
-96.0257,-17.4558,229.936
-94.7653,-17.6019,230.394
-93.5117,-17.749,230.819
-92.2741,-17.9027,231.208
-91.0401,-18.0604,231.573
-89.8071,-18.2251,231.913
-88.5775,-18.3936,232.223
-87.3564,-18.559,232.508
-86.1384,-18.7242,232.764
-84.9236,-18.8878,232.993
-83.7128,-19.0486,233.199
-82.5097,-19.209,233.373
-81.3171,-19.3698,233.532
-80.1318,-19.5276,233.665
-78.953,-19.687,233.774
-77.7781,-19.8473,233.86
-76.5971,-20.0032,233.929
-75.4682,-20.1504,233.979
-74.3374,-20.295,234.018
-73.2217,-20.4384,234.047
-72.1143,-20.5793,234.07
-71.0234,-20.7249,234.086
-69.9512,-20.8751,234.094
-68.8815,-21.0208,234.099
-67.8108,-21.1677,234.097
-66.7444,-21.3062,234.09
-65.6953,-21.4353,234.082
-64.6588,-21.5617,234.077
-63.6313,-21.6885,234.073
-62.6125,-21.818,234.073
-61.596,-21.9485,234.076
-60.5882,-22.0761,234.081
-59.5852,-22.2049,234.093
-58.5896,-22.3345,234.109
-57.59,-22.4645,234.13
-56.593,-22.5944,234.154
-55.6126,-22.723,234.183
-54.6313,-22.8488,234.221
-53.6495,-22.976,234.267
-52.6695,-23.1039,234.321
-51.6918,-23.2296,234.381
-50.7175,-23.353,234.447
-49.7524,-23.4779,234.521
-48.79,-23.5977,234.601
-47.8287,-23.7182,234.685
-46.8694,-23.8418,234.779
-45.9147,-23.9657,234.881
-44.9604,-24.0894,234.987
-44.0088,-24.2145,235.101
-43.0566,-24.3358,235.221
-42.1097,-24.4546,235.348
-41.1668,-24.5705,235.479
-40.2266,-24.6872,235.615
-39.2912,-24.8056,235.758
-38.3606,-24.9222,235.911
-37.4365,-25.0356,236.072
-36.5165,-25.1504,236.243
-35.5959,-25.2648,236.421
-34.6718,-25.3786,236.603
-33.7445,-25.49,236.786
-32.8112,-25.6026,236.971
-31.8721,-25.7165,237.159
-30.928,-25.8331,237.349
-29.9809,-25.952,237.542
-29.03,-26.0741,237.739
-28.0779,-26.2,237.945
-27.1205,-26.3238,238.152
-26.1642,-26.4524,238.361
-25.2064,-26.5759,238.575
-24.2477,-26.6951,238.792
-23.2884,-26.8181,239.015
-22.3264,-26.9405,239.249
-21.3629,-27.0613,239.49
-20.4201,-27.1824,239.738
-19.4733,-27.3034,239.999
-18.5276,-27.4226,240.269
-17.5859,-27.5442,240.558
-16.651,-27.6642,240.855
-15.7165,-27.7835,241.163
-14.7877,-27.9021,241.484
-13.8654,-28.0228,241.811
-12.9442,-28.1455,242.152
-12.0278,-28.2667,242.498
-11.1123,-28.3862,242.853
-10.2022,-28.5052,243.217
-9.29703,-28.6227,243.59
-8.39843,-28.7383,243.967
-7.50411,-28.855,244.352
-6.61587,-28.9684,244.741
-5.73669,-29.0834,245.139
-4.8639,-29.1959,245.543
-4.00089,-29.3058,245.95
-3.1383,-29.4136,246.366
-2.27928,-29.5182,246.794
-1.44517,-29.6185,247.224
-0.608991,-29.7175,247.661
0.218328,-29.8129,248.106
1.04535,-29.9107,248.561
1.85925,-30.0043,249.018
2.67098,-30.095,249.481
3.47195,-30.185,249.951
4.27192,-30.2745,250.429
5.06951,-30.3632,250.915
5.86499,-30.4506,251.41
6.6574,-30.5354,251.91
7.45074,-30.6179,252.416
8.23513,-30.7078,252.948
9.01696,-30.8014,253.495
9.80162,-30.8879,254.032
10.5837,-30.9749,254.573
11.3695,-31.0576,255.107
12.1562,-31.143,255.643
12.9533,-31.2265,256.177
13.7491,-31.3114,256.711
14.5484,-31.3919,257.244
15.3464,-31.4676,257.781
16.1492,-31.5397,258.322
16.9528,-31.6105,258.864
17.751,-31.6777,259.4
18.5572,-31.7454,259.943
19.3692,-31.815,260.486
20.1889,-31.8809,261.03
21.0087,-31.9445,261.577
21.8285,-32.0056,262.121
22.6477,-32.0667,262.667
23.4653,-32.1241,263.212
24.2841,-32.1828,263.758
25.0995,-32.239,264.306
25.9096,-32.2934,264.854
26.7183,-32.3453,265.404
27.5258,-32.3937,265.954
28.3374,-32.4411,266.511
29.1395,-32.4877,267.067
29.9363,-32.5292,267.632
30.7219,-32.5716,268.202
31.5154,-32.6112,268.787
32.2861,-32.6457,269.361
33.0674,-32.681,269.951
33.8396,-32.7145,270.546
34.6062,-32.7432,271.144
35.3743,-32.7692,271.763
36.1231,-32.796,272.38
36.8852,-32.8224,273.027
37.619,-32.8471,273.665
38.3607,-32.8696,274.326
39.0971,-32.8903,274.998
39.8325,-32.9069,275.686
40.5627,-32.9224,276.384
41.2908,-32.9328,277.097
42.011,-32.9405,277.814
42.7283,-32.9414,278.548
43.4393,-32.9423,279.297
44.1389,-32.9411,280.056
44.8305,-32.9389,280.834
45.5132,-32.9316,281.622
46.188,-32.9205,282.426
46.857,-32.9081,283.24
47.5142,-32.8956,284.071
48.1619,-32.8838,284.909
48.8009,-32.867,285.763
49.4318,-32.8512,286.627
50.0565,-32.8339,287.501
50.6781,-32.8186,288.383
51.2941,-32.8014,289.274
51.9033,-32.7814,290.18
52.5038,-32.7584,291.092
53.1013,-32.7322,292.012
53.6939,-32.7041,292.94
54.2851,-32.6779,293.874
54.8752,-32.6516,294.81
55.4626,-32.6281,295.748
56.0538,-32.6091,296.691
56.6464,-32.5922,297.643
57.2467,-32.5763,298.599
57.844,-32.5585,299.554
58.4455,-32.5429,300.513
59.0466,-32.5256,301.474
59.6482,-32.5121,302.439
60.2525,-32.4999,303.405
60.8558,-32.4882,304.377
61.4546,-32.4766,305.353
62.0439,-32.4637,306.331
62.6268,-32.4529,307.312
63.2007,-32.441,308.299
63.7612,-32.4286,309.296
64.3056,-32.416,310.296
64.8349,-32.4013,311.301
65.3499,-32.3861,312.312
65.8496,-32.3691,313.328
66.3362,-32.3494,314.343
66.8068,-32.329,315.364
67.2617,-32.3085,316.393
67.6976,-32.2872,317.423
68.1161,-32.2656,318.458
68.519,-32.2426,319.497
68.9112,-32.2196,320.538
69.2966,-32.1959,321.58
69.6814,-32.1709,322.62
70.0644,-32.1471,323.661
70.4443,-32.1238,324.702
70.8184,-32.1014,325.743
71.1851,-32.0804,326.783
71.5445,-32.0606,327.823
71.8974,-32.0425,328.869
72.2398,-32.0242,329.914
72.5791,-32.0082,330.963
72.9073,-31.9887,332.015
73.2254,-31.9682,333.066
73.5376,-31.9463,334.11
73.8468,-31.9283,335.152
74.1539,-31.9105,336.19
74.4568,-31.8909,337.228
74.7513,-31.8743,338.257
75.0417,-31.8601,339.278
75.3394,-31.845,340.28
75.6466,-31.8304,341.266
75.962,-31.8169,342.229
76.2867,-31.8026,343.179
76.6143,-31.7889,344.109
76.9406,-31.7755,345.02
77.2641,-31.7614,345.919
77.588,-31.7489,346.811
77.9057,-31.7352,347.705
78.2171,-31.7223,348.599
78.5169,-31.7069,349.49
78.8046,-31.6894,350.386
79.0765,-31.6729,351.282
79.3321,-31.6568,352.178
79.5717,-31.6409,353.078
79.7884,-31.6251,353.971
79.9816,-31.6084,354.876
80.1468,-31.5914,355.783
80.2892,-31.5773,356.68
80.4021,-31.5598,357.594
80.4873,-31.5418,358.514
80.5442,-31.5256,359.423
80.5779,-31.5089,360.347
80.5791,-31.4936,361.257
80.554,-31.4812,362.182
80.5038,-31.4684,363.108
80.4224,-31.4585,364.022
80.3253,-31.4474,364.95
80.2083,-31.43,365.886
80.0779,-31.4145,366.824
79.9483,-31.3969,367.765
79.8154,-31.375,368.705
79.6839,-31.3554,369.659
79.5529,-31.3423,370.624
79.426,-31.3332,371.601
79.3057,-31.3244,372.585
79.1899,-31.3167,373.576
79.0754,-31.3106,374.578
78.9618,-31.3058,375.591
78.8477,-31.3038,376.617
78.7307,-31.3034,377.661
78.6094,-31.3039,378.714
78.4872,-31.3029,379.779
78.3639,-31.3001,380.853
78.2369,-31.2977,381.936
78.1092,-31.2952,383.025
77.9805,-31.2953,384.12
77.8528,-31.3031,385.224
77.7243,-31.3122,386.332
77.5924,-31.3241,387.447
77.4537,-31.336,388.562
77.3037,-31.3483,389.673
77.1443,-31.3627,390.785
76.971,-31.3771,391.893
76.7857,-31.3927,392.998
76.5888,-31.4087,394.104
76.3813,-31.4246,395.209
76.1643,-31.4401,396.308
75.9369,-31.4571,397.401
75.6981,-31.4738,398.486
75.4531,-31.4923,399.564
75.2019,-31.515,400.641
74.9473,-31.5408,401.713
74.6878,-31.5655,402.778
74.425,-31.5892,403.843
74.1568,-31.6178,404.901
73.8806,-31.6441,405.96
73.5954,-31.6694,407.019
73.3004,-31.6999,408.08
73.0016,-31.7244,409.14
72.6958,-31.749,410.2
72.3869,-31.7789,411.261
72.077,-31.8039,412.325
71.7633,-31.8244,413.391
71.4523,-31.8418,414.455
71.1423,-31.8576,415.518
70.8311,-31.8719,416.589
70.5169,-31.8861,417.66
70.1995,-31.9002,418.733
69.8792,-31.9156,419.804
69.5554,-31.9304,420.879
69.2265,-31.9457,421.955
68.8972,-31.9587,423.028
68.5675,-31.9701,424.099
68.2361,-31.9793,425.167
67.9073,-31.9867,426.232
67.5828,-31.9908,427.297
67.2608,-31.9934,428.364
66.9449,-31.9984,429.428
66.63,-32.0024,430.49
66.3132,-32.0034,431.553
65.9998,-32.004,432.613
65.6926,-32.0054,433.668
65.3917,-32.0079,434.718
65.0918,-32.0068,435.764
64.7953,-32.0063,436.815
64.5017,-32.0015,437.857
64.2094,-31.9937,438.896
63.9183,-31.9844,439.927
63.6349,-31.9743,440.951
63.3475,-31.9629,441.977
63.0684,-31.9518,442.995
62.7895,-31.9421,444.006
62.5114,-31.9332,445.013
62.235,-31.9228,446.017
61.9567,-31.9122,447.016
61.681,-31.9003,448.005
61.4055,-31.887,448.987
61.1335,-31.8744,449.961
60.8599,-31.8587,450.936
60.5885,-31.8394,451.906
60.3186,-31.8214,452.867
60.0475,-31.8008,453.821
59.7736,-31.7727,454.771
59.4995,-31.745,455.718
59.2279,-31.7155,456.661
58.9594,-31.6879,457.599
58.6822,-31.6571,458.529
58.4112,-31.6268,459.454
58.1387,-31.5928,460.379
57.8672,-31.5549,461.299
57.5952,-31.5162,462.219
57.3235,-31.4732,463.133
57.0547,-31.4303,464.035
56.7847,-31.3909,464.94
56.5131,-31.3505,465.838
56.2436,-31.311,466.731
55.9752,-31.2685,467.616
55.7064,-31.2295,468.49
55.4431,-31.1895,469.359
55.1902,-31.1483,470.219
54.9381,-31.1066,471.068
54.6862,-31.0678,471.908
54.4398,-31.0289,472.73
54.1961,-30.9899,473.54
53.9577,-30.9514,474.335
53.7209,-30.9141,475.119
53.4867,-30.8773,475.895
53.2567,-30.8419,476.667
53.0299,-30.8057,477.435
52.8055,-30.7706,478.2
52.5824,-30.7371,478.964
52.3682,-30.7038,479.727
52.159,-30.6725,480.495
51.9565,-30.6386,481.262
51.7612,-30.6042,482.029
51.5794,-30.5647,482.808
51.4126,-30.5256,483.574
51.2648,-30.4834,484.35
51.1298,-30.4358,485.131
51.0139,-30.3874,485.899
50.9237,-30.3384,486.686
50.8561,-30.2904,487.456
50.8129,-30.2384,488.249
50.7896,-30.1898,489.04
50.7827,-30.1407,489.815
50.7981,-30.0926,490.61
50.8376,-30.0446,491.404
50.8958,-29.9942,492.187
50.9787,-29.9415,492.985
51.0769,-29.889,493.768
51.2003,-29.8357,494.567
51.3453,-29.7821,495.368
51.5074,-29.7301,496.154
51.6902,-29.6766,496.954
51.889,-29.622,497.738
52.1039,-29.566,498.538
52.3348,-29.5123,499.34
52.5773,-29.4588,500.13
52.8371,-29.4036,500.93
53.115,-29.3487,501.727
53.4072,-29.296,502.515
53.7184,-29.2429,503.31
54.0487,-29.187,504.096
54.397,-29.1344,504.885
54.7547,-29.0832,505.671
55.1285,-29.0295,506.441
55.5186,-28.9745,507.215
55.92,-28.921,507.988
56.3308,-28.8718,508.746
56.765,-28.8194,509.509
57.2209,-28.7695,510.261
57.6977,-28.7215,510.996
58.192,-28.6705,511.73
58.7036,-28.6201,512.434
59.2364,-28.5682,513.136
59.789,-28.5172,513.824
60.3569,-28.4656,514.474
60.941,-28.4139,515.123
61.5404,-28.3636,515.753
62.148,-28.3133,516.349
62.7741,-28.2659,516.948
63.41,-28.2152,517.523
64.0636,-28.1632,518.099
64.7264,-28.1095,518.668
65.3979,-28.059,519.217
66.0813,-28.003,519.763
66.7815,-27.9434,520.298
67.4967,-27.8838,520.815
68.2267,-27.8248,521.333
68.9647,-27.7626,521.822
69.7206,-27.6985,522.307
70.4901,-27.6319,522.775
71.2699,-27.5639,523.209
72.0677,-27.4962,523.642
72.882,-27.4317,524.054
73.7069,-27.3633,524.431
74.5493,-27.2949,524.809
75.4026,-27.2269,525.153
76.2721,-27.1583,525.494
77.1539,-27.0905,525.815
78.0489,-27.0258,526.099
78.9581,-26.9603,526.378
79.882,-26.8951,526.633
80.8123,-26.8293,526.846
81.7599,-26.7632,527.052
82.7154,-26.6943,527.212
83.6838,-26.6249,527.366
84.662,-26.5521,527.496
85.6408,-26.4807,527.586
86.6344,-26.4093,527.669
87.6356,-26.3401,527.728
88.6443,-26.2693,527.749
89.6647,-26.1985,527.759
90.686,-26.1243,527.745
91.7106,-26.0517,527.694
92.7424,-25.9789,527.632
93.7722,-25.9066,527.529
94.8118,-25.8355,527.412
95.8478,-25.7641,527.266
96.8923,-25.6915,527.084
97.9353,-25.6197,526.886
98.9759,-25.5494,526.669
100.017,-25.4793,526.42
101.063,-25.4125,526.158
102.111,-25.349,525.862
103.153,-25.285,525.555
104.195,-25.2245,525.225
105.232,-25.1648,524.86
106.271,-25.1082,524.482
107.306,-25.0472,524.079
108.336,-24.9833,523.649
109.362,-24.9189,523.203
110.385,-24.855,522.744
111.409,-24.7906,522.268
112.433,-24.726,521.78
113.46,-24.6615,521.282
114.489,-24.595,520.78
115.524,-24.5253,520.275
116.567,-24.4551,519.769
117.619,-24.3819,519.262
118.673,-24.3055,518.753
119.739,-24.226,518.237
120.793,-24.1463,517.72
121.856,-24.0653,517.198
122.982,-23.9808,516.641
123.999,-23.9069,516.137
125.078,-23.8307,515.601
126.165,-23.7537,515.061
127.26,-23.6728,514.516
128.358,-23.5879,513.969
129.459,-23.5003,513.419
130.564,-23.4111,512.863
131.674,-23.321,512.304
132.785,-23.2315,511.74
133.9,-23.1418,511.172
135.027,-23.053,510.603
136.165,-22.9628,510.03
137.304,-22.8741,509.462
138.449,-22.7822,508.889
139.6,-22.6956,508.311
140.757,-22.6106,507.73
141.927,-22.5251,507.143
143.11,-22.4397,506.549
144.291,-22.3486,505.955
145.478,-22.2564,505.36
146.673,-22.1657,504.761
147.873,-22.0751,504.158
149.083,-21.9825,503.55
150.295,-21.8897,502.938
151.513,-21.7976,502.322
152.738,-21.7056,501.704
153.967,-21.6108,501.082
155.205,-21.5136,500.459
156.448,-21.4166,499.835
157.696,-21.3178,499.214
158.948,-21.2216,498.591
160.202,-21.125,497.968
161.458,-21.0267,497.334
162.709,-20.9296,496.697
163.964,-20.8348,496.056
165.217,-20.7409,495.417
166.472,-20.6443,494.777
167.729,-20.5489,494.14
168.985,-20.4539,493.501
170.241,-20.3576,492.866
171.492,-20.2645,492.227
172.746,-20.1696,491.587
174.002,-20.0751,490.949
175.255,-19.9835,490.315
176.518,-19.8903,489.689
177.785,-19.7919,489.062
179.042,-19.6886,488.441
180.295,-19.5851,487.82
181.544,-19.4906,487.199
182.791,-19.4004,486.582
184.037,-19.3122,485.971
185.287,-19.2213,485.358
186.535,-19.1283,484.746
187.779,-19.0325,484.136
189.023,-18.9351,483.529
190.26,-18.8396,482.92
191.5,-18.748,482.307
192.73,-18.659,481.695
193.959,-18.5715,481.082
195.18,-18.4817,480.47
196.399,-18.3898,479.858
197.613,-18.2966,479.239
198.815,-18.2018,478.621
200.011,-18.1102,477.998
201.204,-18.0212,477.375
202.394,-17.9358,476.753
203.575,-17.8484,476.127
204.75,-17.7613,475.503
205.912,-17.6739,474.88
207.055,-17.5887,474.263
208.185,-17.5038,473.649
209.297,-17.4198,473.041
210.388,-17.3378,472.443
211.46,-17.2566,471.853
212.515,-17.1768,471.275
213.557,-17.0984,470.701
214.577,-17.0231,470.138
215.581,-16.9491,469.587
216.564,-16.8765,469.05
217.532,-16.8043,468.526
218.489,-16.7327,468.019
219.437,-16.6626,467.53
220.383,-16.5918,467.052
221.328,-16.5219,466.599
222.267,-16.4518,466.158
223.214,-16.3822,465.752
224.157,-16.3166,465.368
225.095,-16.2514,464.99
226.038,-16.1878,464.645
226.992,-16.1217,464.316
227.947,-16.0577,463.994
228.916,-15.9869,463.705
229.883,-15.9188,463.425
230.862,-15.8452,463.173
231.845,-15.7683,462.947
232.821,-15.6895,462.731
233.802,-15.6106,462.551
234.791,-15.5312,462.397
235.78,-15.4526,462.243
236.782,-15.3737,462.127
237.775,-15.296,462.014
238.782,-15.221,461.946
239.802,-15.1487,461.909
240.817,-15.0797,461.882
241.848,-15.0087,461.906
242.887,-14.9378,461.959
243.922,-14.8679,462.025
244.968,-14.7922,462.147
246.015,-14.7172,462.301
247.046,-14.635,462.466
248.086,-14.5532,462.682
249.116,-14.4728,462.905
250.154,-14.395,463.185
251.187,-14.3178,463.496
252.218,-14.2421,463.815
253.251,-14.16,464.184
254.278,-14.0799,464.58
255.284,-13.9985,464.992
256.291,-13.9136,465.444
257.288,-13.8328,465.915
258.284,-13.7505,466.431
259.272,-13.6606,466.974
260.242,-13.5676,467.523
261.213,-13.4685,468.115
262.167,-13.3658,468.728
263.107,-13.2625,469.351
264.039,-13.1569,470.009
264.95,-13.047,470.682
265.866,-12.9364,471.381
266.771,-12.8245,472.095
267.665,-12.7088,472.817
268.559,-12.5955,473.556
269.445,-12.4822,474.302
270.327,-12.3719,475.066
271.204,-12.2644,475.84
272.08,-12.1617,476.625
272.957,-12.0664,477.416
273.82,-11.967,478.207
274.679,-11.8647,479
275.533,-11.7617,479.794
276.385,-11.6556,480.591
277.233,-11.5492,481.387
278.074,-11.4421,482.184
278.916,-11.3373,482.977
279.748,-11.2369,483.771
280.574,-11.1374,484.566
281.391,-11.0423,485.347
282.202,-10.9461,486.121
283.007,-10.8506,486.882
283.81,-10.755,487.633
284.6,-10.6566,488.362
285.383,-10.5645,489.07
286.166,-10.4756,489.76
286.935,-10.3855,490.428
287.71,-10.3041,491.075
288.479,-10.227,491.7
289.24,-10.1526,492.294
290,-10.0841,492.874
290.753,-10.0172,493.425
291.497,-9.95721,493.948
292.232,-9.90145,494.446
292.944,-9.85627,494.909
293.652,-9.81724,495.367
294.346,-9.7791,495.795
295.05,-9.74738,496.208
295.756,-9.72877,496.606
296.448,-9.70802,496.957
297.158,-9.68742,497.296
297.85,-9.66776,497.573
298.556,-9.64832,497.84
299.275,-9.63401,498.08
299.973,-9.62531,498.248
300.703,-9.61626,498.436
301.409,-9.61297,498.553
302.158,-9.61293,498.68
302.912,-9.61651,498.776
303.639,-9.61426,498.806
304.383,-9.60902,498.847
305.095,-9.59967,498.8
305.825,-9.58103,498.756
306.55,-9.57023,498.688
307.25,-9.56395,498.551
307.969,-9.55776,498.413
308.665,-9.54733,498.23
309.375,-9.54153,498.059
310.083,-9.53397,497.866
310.776,-9.5204,497.641
311.472,-9.50754,497.411
312.168,-9.49048,497.17
312.86,-9.46989,496.906
313.551,-9.45022,496.634
314.243,-9.43471,496.345
314.931,-9.41667,496.049
315.618,-9.40144,495.744
316.287,-9.38986,495.404
316.959,-9.38653,495.064
317.599,-9.3786,494.678
318.242,-9.36405,494.294
318.877,-9.35356,493.89
319.469,-9.34471,493.419
320.068,-9.33721,492.959
320.615,-9.32942,492.438
321.17,-9.31891,491.942
321.692,-9.30504,491.423
322.16,-9.29059,490.843
322.621,-9.2701,490.286
323.028,-9.25277,489.68
323.425,-9.23523,489.102
323.796,-9.22119,488.52
324.128,-9.21453,487.907
324.461,-9.2062,487.31
324.784,-9.20212,486.704
325.083,-9.20298,486.074
325.381,-9.20397,485.451
325.645,-9.20458,484.8
325.902,-9.19625,484.156
326.146,-9.18618,483.51
326.35,-9.17283,482.83
326.541,-9.16363,482.161
326.713,-9.1567,481.49
326.848,-9.14835,480.79
326.975,-9.13146,480.111
327.058,-9.11675,479.387
327.136,-9.1094,478.684
327.2,-9.09859,477.981
327.218,-9.08442,477.249
327.226,-9.06511,476.538
327.208,-9.04131,475.816
327.15,-9.01744,475.064
327.083,-8.99858,474.331
326.987,-8.9779,473.575
326.887,-8.95512,472.829
326.761,-8.92793,472.078
326.613,-8.90079,471.312
326.456,-8.8779,470.545
326.286,-8.8598,469.769
326.102,-8.84498,468.984
325.911,-8.82954,468.195
325.705,-8.82124,467.393
325.485,-8.80623,466.585
325.253,-8.78419,465.771
325.013,-8.76628,464.947
324.771,-8.74539,464.117
324.526,-8.7195,463.283
324.271,-8.69247,462.43
324.015,-8.66845,461.569
323.76,-8.64269,460.699
323.503,-8.6176,459.821
323.241,-8.58986,458.937
322.973,-8.55289,458.042
322.702,-8.51622,457.138
322.428,-8.47669,456.222
322.15,-8.44796,455.305
321.867,-8.42072,454.376
321.582,-8.39646,453.439
321.293,-8.37273,452.496
320.998,-8.34198,451.547
320.7,-8.31766,450.59
320.401,-8.29681,449.633
320.102,-8.27599,448.673
319.803,-8.2571,447.709
319.5,-8.23008,446.743
319.195,-8.1992,445.777
318.882,-8.17118,444.813
318.566,-8.14181,443.841
318.246,-8.11639,442.87
317.934,-8.09335,441.902
317.625,-8.07137,440.932
317.322,-8.05025,439.959
317.026,-8.0298,438.983
316.73,-8.00639,438.006
316.441,-7.98824,437.029
316.159,-7.97629,436.053
315.881,-7.9697,435.073
315.615,-7.96653,434.093
315.357,-7.96677,433.105
315.106,-7.96797,432.12
314.867,-7.9723,431.133
314.634,-7.96875,430.139
314.416,-7.96938,429.152
314.214,-7.9643,428.165
314.024,-7.96158,427.175
313.851,-7.94766,426.183
313.695,-7.94401,425.188
313.546,-7.94233,424.189
313.411,-7.9398,423.19
313.294,-7.94086,422.195
313.186,-7.93433,421.192
313.101,-7.92953,420.193
313.027,-7.92339,419.186
312.967,-7.91651,418.184
312.918,-7.90468,417.185
312.882,-7.89739,416.18
312.865,-7.88221,415.18
312.851,-7.86419,414.174
312.854,-7.83679,413.168
312.873,-7.80964,412.156
312.9,-7.78816,411.16
312.938,-7.77085,410.161
312.99,-7.75132,409.162
313.048,-7.72747,408.161
313.12,-7.70391,407.162
313.204,-7.68043,406.159
313.298,-7.65649,405.157
313.406,-7.63629,404.159
313.52,-7.61797,403.163
313.646,-7.60323,402.17
313.782,-7.59084,401.177
313.924,-7.57829,400.189
314.076,-7.56483,399.207
314.242,-7.55641,398.228
314.411,-7.54479,397.252
314.583,-7.53343,396.281
314.764,-7.5198,395.313
314.957,-7.50906,394.351
315.156,-7.49544,393.396
315.357,-7.48027,392.439
315.564,-7.46325,391.486
315.779,-7.4469,390.542
315.997,-7.42304,389.589
316.211,-7.39784,388.683
316.428,-7.36911,387.765
316.649,-7.3478,386.861
316.876,-7.32578,385.97
317.106,-7.31197,385.095
317.338,-7.30298,384.243
317.575,-7.30338,383.412
317.816,-7.31193,382.613
318.049,-7.3157,381.841
318.278,-7.31794,381.083
318.502,-7.32689,380.353
318.725,-7.34964,379.649
318.941,-7.37578,378.965
319.15,-7.40508,378.297
319.346,-7.42868,377.631
319.536,-7.44915,376.961
319.716,-7.46904,376.291
319.89,-7.49463,375.63
320.052,-7.51015,374.977
320.203,-7.52633,374.324
320.335,-7.53513,373.675
320.455,-7.55241,373.03
320.548,-7.56589,372.372
320.633,-7.58206,371.738
320.668,-7.59381,371.084
320.698,-7.60412,370.459
320.669,-7.6041,369.801
320.639,-7.60315,369.179
320.586,-7.60515,368.565
320.471,-7.59618,367.917
320.367,-7.58386,367.308
320.193,-7.5636,366.666
320.019,-7.5449,366.058
319.812,-7.52356,365.452
319.555,-7.49577,364.818
319.295,-7.46419,364.228
318.978,-7.43488,363.613
318.655,-7.40182,363.038
318.311,-7.36972,362.48
317.917,-7.3397,361.899
317.527,-7.31545,361.353
317.096,-7.28752,360.795
316.653,-7.24958,360.26
316.188,-7.21221,359.728
315.688,-7.18059,359.185
315.183,-7.15471,358.649
314.66,-7.12682,358.106
314.123,-7.1037,357.555
313.573,-7.08079,357.007
312.996,-7.04967,356.444
312.411,-7.02033,355.89
311.803,-6.99547,355.326
311.183,-6.96997,354.755
310.55,-6.94179,354.172
309.912,-6.90971,353.572
309.268,-6.8733,352.955
308.615,-6.83478,352.322
307.954,-6.79107,351.681
307.282,-6.75073,351.031
306.605,-6.71158,350.378
305.919,-6.67113,349.71
305.221,-6.62728,349.037
304.523,-6.59188,348.355
303.815,-6.55662,347.661
303.106,-6.53092,346.959
302.392,-6.5072,346.25
301.671,-6.48158,345.531
300.947,-6.45547,344.8
300.222,-6.43475,344.066
299.493,-6.41586,343.322
298.768,-6.40609,342.576
298.038,-6.39572,341.82
297.312,-6.38814,341.064
296.586,-6.37594,340.3
295.864,-6.36572,339.531
295.144,-6.35539,338.751
294.43,-6.34262,337.968
293.721,-6.32843,337.18
293.011,-6.31346,336.384
292.306,-6.29816,335.579
291.614,-6.27952,334.765
290.937,-6.26651,333.945
290.267,-6.25742,333.108
289.625,-6.25895,332.265
288.992,-6.25383,331.405
288.369,-6.24678,330.531
287.765,-6.24655,329.651
287.171,-6.24851,328.759
286.593,-6.25344,327.861
286.027,-6.25457,326.96
285.462,-6.25232,326.046
284.911,-6.25536,325.123
284.368,-6.26242,324.191
283.831,-6.26339,323.246
283.306,-6.26755,322.296
282.783,-6.26655,321.333
282.269,-6.26045,320.363
281.758,-6.2569,319.379
281.254,-6.2532,318.389
280.755,-6.24711,317.392
280.262,-6.24511,316.387
279.77,-6.24655,315.38
279.274,-6.23733,314.371
278.776,-6.23092,313.355
278.276,-6.22584,312.334
277.775,-6.21907,311.309
277.274,-6.21028,310.278
276.767,-6.20222,309.235
276.264,-6.19253,308.193
275.761,-6.17887,307.144
275.261,-6.17259,306.088
274.757,-6.16746,305.022
274.25,-6.15532,303.95
273.733,-6.13289,302.874
273.207,-6.1046,301.794
272.682,-6.07492,300.715
272.15,-6.04747,299.627
271.62,-6.03126,298.532
271.088,-6.01591,297.426
270.558,-5.99582,296.319
270.024,-5.97398,295.206
269.481,-5.95029,294.085
268.928,-5.91809,292.958
268.364,-5.89128,291.836
267.791,-5.86561,290.716
267.209,-5.84399,289.597
266.612,-5.82199,288.477
266,-5.79889,287.361
265.371,-5.76616,286.246
264.728,-5.73585,285.132
264.078,-5.71335,284.026
263.426,-5.69938,282.914
262.759,-5.67858,281.8
262.085,-5.6505,280.682
261.398,-5.61558,279.575
260.702,-5.58089,278.472
260.008,-5.55291,277.379
259.31,-5.52496,276.282
258.62,-5.50785,275.176
257.922,-5.48166,274.068
257.219,-5.44158,272.951
256.506,-5.40596,271.838
255.789,-5.36927,270.72
255.063,-5.33674,269.605
254.344,-5.30915,268.488
253.623,-5.27839,267.368
252.9,-5.23864,266.234
252.174,-5.19878,265.097
251.438,-5.15609,263.958
250.694,-5.10604,262.819
249.945,-5.05505,261.679
249.194,-5.00673,260.542
248.445,-4.96232,259.4
247.697,-4.92363,258.254
246.95,-4.88836,257.11
246.199,-4.84906,255.959
245.448,-4.81124,254.808
244.697,-4.78259,253.65
243.945,-4.75782,252.494
243.193,-4.73365,251.335
242.433,-4.70039,250.163
241.668,-4.66954,248.995
240.897,-4.64158,247.825
240.122,-4.60965,246.649
239.34,-4.57248,245.466
238.557,-4.53326,244.277
237.762,-4.48177,243.083
236.972,-4.43461,241.887
236.175,-4.37287,240.691
235.373,-4.31258,239.49
234.567,-4.25628,238.291
233.763,-4.20752,237.091
232.955,-4.1554,235.883
232.145,-4.09614,234.673
231.333,-4.04461,233.458
230.508,-3.98877,232.238
229.678,-3.93558,231.025
228.838,-3.87833,229.808
228.011,-3.82823,228.6
227.177,-3.77646,227.383
226.343,-3.73017,226.169
225.502,-3.68378,224.954
224.66,-3.64259,223.74
223.819,-3.59978,222.534
222.973,-3.55337,221.322
222.131,-3.50858,220.114
221.286,-3.46221,218.901
220.441,-3.41336,217.69
219.599,-3.36542,216.482
218.752,-3.32391,215.265
217.915,-3.29483,214.053
217.082,-3.26146,212.846
216.25,-3.2287,211.635
215.421,-3.19264,210.425
214.589,-3.15316,209.212
213.762,-3.1093,207.998
212.944,-3.07215,206.787
212.128,-3.04341,205.571
211.317,-3.00856,204.351
210.508,-2.97345,203.127
209.697,-2.92641,201.903
208.894,-2.8776,200.677
208.091,-2.83039,199.449
207.297,-2.78231,198.219
206.508,-2.73947,196.99
205.726,-2.69226,195.763
204.947,-2.64998,194.527
204.178,-2.60998,193.291
203.418,-2.56617,192.051
202.671,-2.52567,190.802
201.928,-2.49562,189.548
201.191,-2.46314,188.29
200.464,-2.43207,187.029
199.74,-2.39652,185.759
199.036,-2.36573,184.495
198.335,-2.33214,183.227
197.634,-2.2965,181.951
196.938,-2.25971,180.671
196.246,-2.22202,179.389
195.568,-2.19234,178.119
194.893,-2.16337,176.845
194.226,-2.14047,175.567
193.561,-2.11864,174.282
192.911,-2.09719,172.993
192.262,-2.07417,171.701
191.624,-2.05726,170.408
190.982,-2.03491,169.115
190.351,-2.02058,167.825
189.717,-2.0017,166.528
189.079,-1.97357,165.229
188.444,-1.9432,163.927
187.815,-1.91645,162.622
187.197,-1.89717,161.312
186.577,-1.86772,159.995
185.959,-1.83014,158.682
185.338,-1.79345,157.367
184.717,-1.75965,156.053
184.094,-1.7239,154.738
183.475,-1.69101,153.423
182.856,-1.65846,152.111
182.24,-1.62824,150.794
181.626,-1.59946,149.482
181.008,-1.5676,148.161
180.398,-1.53841,146.846
179.791,-1.51302,145.532
179.193,-1.4933,144.218
178.592,-1.46918,142.9
177.997,-1.44829,141.581
177.399,-1.42939,140.261
176.795,-1.4038,138.933
176.191,-1.37819,137.609
175.581,-1.35629,136.282
174.975,-1.33982,134.968
174.368,-1.33845,133.66
173.757,-1.33309,132.355
173.137,-1.31991,131.052
172.508,-1.31491,129.756
171.869,-1.30164,128.47
171.222,-1.29165,127.194
170.56,-1.26915,125.923
169.891,-1.25248,124.663
169.204,-1.22526,123.404
168.504,-1.18719,122.158
167.789,-1.14743,120.925
167.059,-1.09936,119.698
166.313,-1.05042,118.48
165.552,-1.0004,117.271
164.779,-0.955916,116.076
163.988,-0.907275,114.886
163.184,-0.853053,113.699
162.369,-0.797009,112.525
161.538,-0.731978,111.359
160.696,-0.674005,110.207
159.843,-0.621183,109.067
158.986,-0.576553,107.936
158.119,-0.534764,106.814
157.244,-0.492787,105.701
156.365,-0.452921,104.583
155.477,-0.407776,103.476
154.586,-0.367982,102.373
153.688,-0.333411,101.267
152.774,-0.289215,100.171
151.852,-0.244235,99.0754
150.925,-0.197316,97.9833
149.997,-0.160857,96.8947
149.065,-0.124271,95.8122
148.123,-0.0881591,94.7323
147.172,-0.0487024,93.6529
146.211,-0.00913359,92.59
145.244,0.033542,91.5336
144.267,0.0741817,90.4801
143.29,0.106228,89.4389
142.303,0.141178,88.3958
141.308,0.177119,87.3582
140.314,0.217469,86.3185
139.314,0.261725,85.2743
138.314,0.312014,84.2314
137.315,0.356784,83.1885
136.315,0.401386,82.1386
135.31,0.45662,81.0849
134.309,0.512554,80.0227
133.306,0.565717,78.9673
132.298,0.615377,77.9098
131.294,0.660568,76.8548
130.279,0.70345,75.7985
129.267,0.749166,74.7374
128.257,0.793683,73.6803
127.25,0.840489,72.6257
126.238,0.885295,71.5719
125.224,0.929862,70.5101
124.209,0.975216,69.4505
123.19,1.0227,68.3876
122.172,1.07106,67.3259
121.153,1.12007,66.2694
120.13,1.16566,65.2084
119.104,1.20975,64.1512
118.072,1.25564,63.0946
117.037,1.30269,62.0394
116.004,1.35043,60.9862
114.964,1.39661,59.9307
113.916,1.44736,58.8725
112.861,1.50168,57.8172
111.799,1.55784,56.7627
110.73,1.61951,55.7032
109.667,1.66915,54.6479
108.609,1.7239,53.5948
107.554,1.77079,52.5362
106.495,1.81809,51.4689
105.427,1.86621,50.3942
104.355,1.92999,49.3379
103.294,1.98676,48.293
102.241,2.03821,47.2502
101.186,2.08042,46.1948
100.126,2.12695,45.1325
99.0679,2.17763,44.0781
98.0075,2.23233,43.0268
96.9505,2.28405,41.9772
95.8835,2.33626,40.9226
94.8111,2.39365,39.8638
93.7393,2.45732,38.8038
92.6761,2.51432,37.7465
91.6168,2.56885,36.6882
90.5678,2.61426,35.6321
89.5179,2.66999,34.5759
88.4686,2.72887,33.5176
87.4158,2.7936,32.459
86.3638,2.86097,31.4018
85.3152,2.93033,30.3506
84.26,3.00369,29.2959
83.2135,3.06681,28.242
82.168,3.12745,27.1869
81.1235,3.18464,26.1294
80.079,3.24415,25.0736
79.0382,3.30078,24.014
77.9927,3.36162,22.958
76.957,3.41736,21.8956
75.9224,3.47427,20.8392
74.8906,3.52678,19.7748
73.8539,3.57986,18.7078
72.8158,3.63591,17.6478
71.7804,3.69061,16.5904
70.7225,3.75781,15.5333
69.6806,3.81262,14.4654
68.6304,3.87499,13.3965
67.5884,3.93344,12.3328
66.5237,4.00121,11.2666
65.4718,4.05786,10.206
64.4091,4.11777,9.13901
63.3627,4.17273,8.07266
62.3143,4.23005,7.00737
61.2769,4.28538,5.9392
60.2406,4.3358,4.8748
59.2062,4.38508,3.80804
58.1672,4.44165,2.73356
57.1275,4.50314,1.65568
56.0919,4.55714,0.584754
55.056,4.61163,-0.486019
54.0289,4.65566,-1.5557
53.0081,4.69504,-2.62566
51.9874,4.73028,-3.6922
50.9668,4.76447,-4.76109
49.9557,4.79262,-5.82235
48.9474,4.81611,-6.88533
47.9425,4.83281,-7.95047
46.9351,4.84424,-9.02105
45.9188,4.86804,-10.1029
44.9024,4.90535,-11.163
43.893,4.94461,-12.2165
42.8996,4.97114,-13.251
41.9107,4.99097,-14.2742
40.9293,5.00031,-15.2937
39.9586,5.01139,-16.3072
39.0101,5.01981,-17.3137
38.0895,5.02334,-18.3174
37.1854,5.02335,-19.3181
36.2957,5.02636,-20.31
35.4188,5.03635,-21.2916
34.5545,5.03795,-22.2504
33.7049,5.03507,-23.203
32.8668,5.03551,-24.1573
32.073,5.03663,-25.0975
31.2901,5.03293,-26.0238
30.5116,5.03058,-26.943
29.7429,5.02522,-27.8401
28.9944,5.01287,-28.7086
28.2828,5.00102,-29.5528
27.5944,4.98812,-30.3827
26.9279,4.96092,-31.1964
26.2709,4.93734,-31.9812
25.6359,4.91141,-32.7301
25.0153,4.8832,-33.4447
24.4065,4.8686,-34.1191
23.8021,4.86335,-34.7641
23.2084,4.85797,-35.3677
22.6212,4.84944,-35.9349
22.04,4.83952,-36.4692
21.4648,4.82968,-36.9667
20.8834,4.82924,-37.4156
20.3033,4.8217,-37.8209
19.7343,4.80932,-38.1865
19.1749,4.78828,-38.5138
18.6249,4.76529,-38.8013
18.074,4.74504,-39.044
17.516,4.72929,-39.2606
16.9571,4.71041,-39.442
16.3966,4.68482,-39.5977
15.8389,4.66122,-39.7146
15.2794,4.64593,-39.7948
14.7334,4.62068,-39.8314
14.1914,4.60073,-39.8298
13.6574,4.5941,-39.8056
13.1339,4.59122,-39.7556
12.6343,4.5725,-39.6724
12.1373,4.57048,-39.567
11.649,4.56988,-39.4241
11.1723,4.55949,-39.2606
10.7005,4.56219,-39.0712
10.24,4.5581,-38.8631
9.7897,4.55807,-38.6298
9.34677,4.55886,-38.3572
8.91819,4.55577,-38.0625
8.49767,4.55748,-37.7385
8.08843,4.55406,-37.3899
7.69445,4.55719,-37.0139
7.30894,4.56279,-36.6169
6.93825,4.57977,-36.1987
6.5879,4.59075,-35.7559
6.25632,4.59319,-35.2826
5.94633,4.5892,-34.7882
5.6536,4.58195,-34.2721
5.3777,4.57469,-33.7296
5.12251,4.56583,-33.1716
4.88555,4.55825,-32.5899
4.66673,4.54382,-31.995
4.46798,4.5215,-31.3718
4.28511,4.49291,-30.7379
4.11807,4.45093,-30.0874
3.95596,4.41356,-29.4272
3.80557,4.36048,-28.7509
3.67503,4.30439,-28.0589
3.55001,4.25051,-27.3543
3.42857,4.20151,-26.637
3.30698,4.15507,-25.9136
3.19005,4.11045,-25.1751
3.07053,4.06798,-24.4287
2.95068,4.01336,-23.6717
2.82413,3.96905,-22.9119
2.70384,3.92528,-22.1388
2.58965,3.88571,-21.3542
2.47772,3.83642,-20.5589
2.35584,3.79089,-19.7548
2.23535,3.74998,-18.9419
2.11985,3.70929,-18.1197
2.00101,3.67074,-17.2839
1.88322,3.63151,-16.439
1.76407,3.59702,-15.5891
1.65178,3.54818,-14.7331
1.5397,3.50126,-13.8834
1.43782,3.44671,-13.0395
1.33299,3.40208,-12.2052
1.22906,3.35758,-11.3742
1.1247,3.31984,-10.5526
1.02177,3.28221,-9.73829
0.914029,3.25586,-8.93495
0.808984,3.23192,-8.14215
0.69767,3.21394,-7.35981
0.572467,3.19854,-6.59143
0.432975,3.19234,-5.83456
0.302831,3.18007,-5.08004
0.172462,3.1664,-4.32852
0.0417045,3.15025,-3.58744
-0.0938338,3.12951,-2.862
-0.233814,3.11987,-2.1481
-0.378735,3.11453,-1.43743
-0.515324,3.10724,-0.728113
-0.6525,3.09423,-0.0272375
-0.800376,3.08251,0.66694
-0.957504,3.08582,1.34924
-1.1288,3.09716,2.02776
-1.30448,3.09801,2.71178
-1.49252,3.09464,3.39938
-1.68253,3.08742,4.09175
-1.89071,3.07722,4.78315
-2.10292,3.07211,5.47111
-2.32685,3.07464,6.15689
-2.54969,3.0713,6.84153
-2.7753,3.05817,7.52846
-3.00658,3.04573,8.22265
