0,0,-0
-0.00560723,-0.020885,1.21153
-0.0089844,-0.0426342,2.42432
-0.00998304,-0.0652133,3.63703
-0.0104531,-0.0865203,4.84865
-0.0106637,-0.108721,6.05942
-0.00938756,-0.131272,7.26956
-0.00678968,-0.153383,8.48142
-0.00354351,-0.175418,9.69563
-0.00182344,-0.197513,10.9065
-0.000818492,-0.218287,12.1132
-0.00419979,-0.239391,13.3199
-0.00996178,-0.260673,14.5263
-0.0183675,-0.282234,15.7335
-0.0256307,-0.303143,16.9413
-0.0330138,-0.324303,18.1497
-0.0409957,-0.345428,19.3582
-0.0505882,-0.367373,20.5671
-0.0604246,-0.388389,21.7755
-0.0726407,-0.410235,22.9859
-0.0847458,-0.433532,24.1948
-0.0977914,-0.456796,25.4026
-0.111591,-0.478411,26.6118
-0.125032,-0.50042,27.8232
-0.140148,-0.520869,29.0327
-0.156211,-0.542019,30.2414
-0.172688,-0.563384,31.448
-0.191267,-0.585286,32.656
-0.210622,-0.60815,33.8643
-0.230272,-0.63051,35.0735
-0.25031,-0.652127,36.2835
-0.271037,-0.67394,37.4942
-0.290986,-0.695677,38.705
-0.312774,-0.716568,39.9174
-0.333682,-0.736712,41.1302
-0.355772,-0.756287,42.3414
-0.378104,-0.774837,43.5536
-0.401937,-0.79275,44.769
-0.421467,-0.808671,45.985
-0.43965,-0.821843,47.2019
-0.455246,-0.829787,48.4199
-0.467407,-0.83729,49.6376
-0.476058,-0.841393,50.8534
-0.486779,-0.846314,52.0696
-0.497245,-0.853796,53.2876
-0.504561,-0.862738,54.5082
-0.513348,-0.871941,55.7288
-0.524806,-0.881174,56.9529
-0.538465,-0.890692,58.1782
-0.553452,-0.899927,59.4019
-0.570547,-0.908741,60.6237
-0.588246,-0.918122,61.8452
-0.603738,-0.928009,63.064
-0.618649,-0.939059,64.2817
-0.634841,-0.94887,65.5001
-0.651494,-0.959708,66.7155
-0.669534,-0.969657,67.9258
-0.690122,-0.977914,69.1336
-0.712054,-0.988619,70.3415
-0.732847,-0.999573,71.5473
-0.753458,-1.00984,72.7498
-0.770669,-1.02062,73.9499
-0.787775,-1.03011,75.1495
-0.797291,-1.04339,76.3432
-0.80126,-1.05513,77.5309
-0.80562,-1.06828,78.7218
-0.805432,-1.08501,79.9149
-0.801853,-1.09831,81.1032
-0.796026,-1.10968,82.2849
-0.783598,-1.12601,83.4638
-0.765887,-1.14489,84.6383
-0.744233,-1.16617,85.8147
-0.71921,-1.18891,86.9915
-0.692706,-1.21077,88.1636
-0.66065,-1.23196,89.3315
-0.62392,-1.25367,90.4975
-0.582825,-1.27652,91.665
-0.537643,-1.29897,92.8379
-0.489299,-1.31986,94.0117
-0.438348,-1.33959,95.1858
-0.382742,-1.35853,96.3607
-0.32467,-1.3783,97.5347
-0.262341,-1.39869,98.7112
-0.20013,-1.42111,99.8924
-0.135981,-1.44593,101.08
-0.0699919,-1.47085,102.277
-0.00608195,-1.49661,103.478
0.0589668,-1.52102,104.685
0.120911,-1.54328,105.898
0.178739,-1.56466,107.115
0.233801,-1.58539,108.337
0.280502,-1.60688,109.559
0.326031,-1.62765,110.786
0.366158,-1.64929,112.017
0.402327,-1.67055,113.248
0.433122,-1.69115,114.482
0.456702,-1.71129,115.719
0.473715,-1.73086,116.955
0.485098,-1.75116,118.194
0.490156,-1.77243,119.435
0.48955,-1.79275,120.679
0.485654,-1.81453,121.924
0.481611,-1.8353,123.171
0.474861,-1.85628,124.421
0.467341,-1.87688,125.675
0.461263,-1.89801,126.928
0.449022,-1.91522,128.186
0.438435,-1.93176,129.447
0.430198,-1.9458,130.709
0.420189,-1.95819,131.973
0.413544,-1.97217,133.243
0.407434,-1.98634,134.516
0.400191,-1.99799,135.794
0.391718,-2.00945,137.074
0.385955,-2.01946,138.354
0.379053,-2.02951,139.637
0.3706,-2.04226,140.924
0.360402,-2.05485,142.211
0.349894,-2.06637,143.503
0.336628,-2.07815,144.794
0.327444,-2.09027,146.08
0.318711,-2.1018,147.367
0.311745,-2.11856,148.65
0.30638,-2.13808,149.929
0.29963,-2.16084,151.208
0.294446,-2.18753,152.488
0.288566,-2.21561,153.768
0.282096,-2.24312,155.048
0.273656,-2.27018,156.329
0.26554,-2.29662,157.609
0.257504,-2.32224,158.887
0.248337,-2.34723,160.166
0.239277,-2.37144,161.446
0.228017,-2.39546,162.726
0.21589,-2.41934,164.004
0.20362,-2.44347,165.281
0.189583,-2.46867,166.561
0.176457,-2.49509,167.84
0.160592,-2.52146,169.119
0.144945,-2.54819,170.401
0.12758,-2.57508,171.683
0.110064,-2.60114,172.964
0.0907644,-2.62548,174.246
0.0714922,-2.65035,175.526
0.0510248,-2.67671,176.804
0.0293144,-2.70185,178.082
0.00783236,-2.72815,179.362
-0.0136228,-2.75498,180.639
-0.0331179,-2.7819,181.914
-0.050133,-2.81032,183.19
-0.0711055,-2.8362,184.467
-0.0918093,-2.86085,185.744
-0.11605,-2.88086,187.014
-0.141761,-2.90109,188.279
-0.165833,-2.92401,189.545
-0.188899,-2.94972,190.808
-0.212179,-2.97642,192.07
-0.23523,-3.00106,193.331
-0.255471,-3.02488,194.586
-0.274814,-3.04824,195.836
-0.290571,-3.07114,197.083
-0.305882,-3.09643,198.326
-0.319397,-3.12231,199.564
-0.332874,-3.14847,200.797
-0.343503,-3.17425,202.026
-0.35408,-3.1995,203.246
-0.362382,-3.2225,204.461
-0.369044,-3.24564,205.669
-0.37477,-3.26928,206.87
-0.379451,-3.29163,208.065
-0.382069,-3.31493,209.25
-0.383036,-3.33783,210.422
-0.385522,-3.36045,211.584
-0.387139,-3.38366,212.73
-0.39046,-3.40633,213.86
-0.395101,-3.42828,214.974
-0.40038,-3.45032,216.076
-0.405703,-3.47275,217.165
-0.411888,-3.4957,218.241
-0.418717,-3.51737,219.305
-0.427031,-3.53782,220.358
-0.438996,-3.55778,221.397
-0.453804,-3.57767,222.419
-0.470255,-3.59489,223.421
-0.489621,-3.61203,224.405
-0.512078,-3.63113,225.367
-0.537275,-3.64949,226.306
-0.563972,-3.66722,227.221
-0.592731,-3.68446,228.113
-0.625575,-3.70157,228.983
-0.660075,-3.71901,229.832
-0.696892,-3.73546,230.661
-0.731838,-3.75061,231.472
-0.7642,-3.76608,232.265
-0.794772,-3.7816,233.04
-0.824375,-3.79577,233.797
-0.854475,-3.80941,234.543
-0.882687,-3.82324,235.287
-0.909836,-3.83799,236.027
-0.93615,-3.85221,236.764
-0.959512,-3.86667,237.496
-0.981101,-3.88132,238.225
-1.00214,-3.89706,238.948
-1.02071,-3.91309,239.669
-1.03704,-3.92787,240.387
-1.0495,-3.9418,241.099
-1.06035,-3.95711,241.809
-1.0695,-3.97259,242.515
-1.07698,-3.98641,243.219
-1.0827,-3.9987,243.921
-1.08759,-4.01115,244.625
-1.08956,-4.02478,245.335
-1.08969,-4.03784,246.05
-1.08842,-4.05107,246.767
-1.08504,-4.06434,247.486
-1.08088,-4.07784,248.207
-1.07535,-4.09026,248.931
-1.06778,-4.10306,249.662
-1.06161,-4.11716,250.398
-1.05345,-4.13399,251.142
-1.0474,-4.15035,251.893
-1.0405,-4.16728,252.652
-1.03331,-4.18402,253.409
-1.02065,-4.20295,254.174
-1.00751,-4.21975,254.948
-1.00205,-4.23436,255.734
-0.999222,-4.25008,256.529
-0.988687,-4.26649,257.329
-0.972482,-4.27901,258.13
-0.960565,-4.28974,258.934
-0.946128,-4.30376,259.75
-0.926307,-4.32098,260.578
-0.900287,-4.3398,261.416
-0.86837,-4.35755,262.26
-0.834447,-4.37395,263.106
-0.803019,-4.39125,263.953
-0.772471,-4.40929,264.8
-0.737118,-4.42614,265.649
-0.698798,-4.44342,266.5
-0.659181,-4.46297,267.353
-0.618081,-4.4832,268.207
-0.573746,-4.50177,269.059
-0.526291,-4.51895,269.911
-0.473485,-4.53559,270.766
-0.417163,-4.55337,271.622
-0.363246,-4.5716,272.481
-0.309813,-4.58886,273.342
-0.257078,-4.60624,274.206
-0.204372,-4.62283,275.071
-0.154286,-4.64111,275.938
-0.103728,-4.65984,276.804
-0.055105,-4.67799,277.669
-0.00908884,-4.69659,278.535
0.0360745,-4.71739,279.4
0.0778106,-4.73855,280.261
0.11836,-4.75894,281.123
0.157783,-4.77918,281.984
0.195098,-4.79879,282.842
0.22787,-4.81743,283.694
0.25534,-4.83484,284.537
0.278802,-4.85018,285.371
0.298696,-4.86546,286.194
0.315134,-4.88165,287.004
0.327583,-4.89804,287.8
0.335769,-4.91369,288.579
0.341256,-4.9292,289.34
0.344836,-4.94694,290.079
0.344521,-4.96234,290.798
0.338255,-4.98102,291.495
0.323963,-4.99659,292.17
0.305524,-5.01348,292.827
0.281806,-5.03036,293.473
0.247526,-5.04713,294.105
0.199698,-5.06758,294.727
0.13648,-5.08226,295.335
0.0581533,-5.10051,295.932
-0.0322567,-5.11493,296.514
-0.139962,-5.12757,297.08
-0.267325,-5.14394,297.636
-0.408217,-5.15497,298.172
-0.566662,-5.16538,298.694
-0.745558,-5.17802,299.193
-0.939479,-5.18553,299.673
-1.15193,-5.19489,300.138
-1.37816,-5.19901,300.582
-1.62723,-5.2075,301.013
-1.89577,-5.21243,301.429
-2.18272,-5.21572,301.826
-2.4919,-5.22221,302.207
-2.82012,-5.22658,302.561
-3.16397,-5.23055,302.891
-3.52378,-5.23519,303.205
-3.90379,-5.23452,303.494
-4.29894,-5.23525,303.752
-4.71302,-5.23542,303.975
-5.14226,-5.23703,304.167
-5.57975,-5.24149,304.332
-6.02163,-5.23725,304.468
-6.46628,-5.23496,304.58
-6.91924,-5.2315,304.664
-7.37563,-5.22794,304.719
-7.84443,-5.22683,304.745
-8.33262,-5.21404,304.747
-8.8422,-5.19773,304.714
-9.36268,-5.17754,304.652
-9.89443,-5.15301,304.555
-10.4332,-5.13115,304.411
-10.9697,-5.10896,304.236
-11.5101,-5.08237,304.024
-12.0378,-5.05847,303.774
-12.5721,-5.02587,303.482
-13.1073,-4.9948,303.149
-13.6526,-4.95622,302.768
-14.1941,-4.9228,302.345
-14.7496,-4.88396,301.876
-15.29,-4.85128,301.378
-15.8422,-4.81172,300.837
-16.3853,-4.77096,300.25
-16.9174,-4.72822,299.609
-17.4316,-4.68647,298.919
-17.9292,-4.64636,298.194
-18.4184,-4.6032,297.413
-18.902,-4.55989,296.579
-19.362,-4.5257,295.701
-19.7909,-4.49513,294.785
-20.1961,-4.46312,293.836
-20.5743,-4.43202,292.853
-20.9239,-4.40337,291.835
-21.2356,-4.37313,290.776
-21.5158,-4.34219,289.682
-21.7619,-4.3151,288.545
-21.9695,-4.28256,287.382
-22.1415,-4.25797,286.191
-22.2797,-4.23736,284.966
-22.3863,-4.21629,283.7
-22.4562,-4.19755,282.418
-22.4894,-4.17731,281.094
-22.4911,-4.15855,279.746
-22.4641,-4.13817,278.371
-22.407,-4.12223,276.973
-22.3237,-4.10864,275.557
-22.2205,-4.09513,274.131
-22.1038,-4.08249,272.685
-21.9825,-4.06867,271.236
-21.8614,-4.05105,269.769
-21.7411,-4.03367,268.284
-21.6259,-4.01727,266.783
-21.5152,-4.00274,265.268
-21.4077,-3.9873,263.744
-21.3083,-3.97133,262.21
-21.2163,-3.95533,260.674
-21.1315,-3.9398,259.143
-21.0566,-3.9248,257.617
-20.9871,-3.90844,256.088
-20.926,-3.8926,254.557
-20.8723,-3.8762,253.026
-20.8275,-3.85894,251.484
-20.7925,-3.83987,249.941
-20.7644,-3.81824,248.403
-20.7388,-3.79491,246.861
-20.7191,-3.77429,245.321
-20.7047,-3.75552,243.794
-20.6917,-3.73679,242.259
-20.6835,-3.71852,240.719
-20.6779,-3.69959,239.173
-20.6748,-3.67771,237.633
-20.6728,-3.6561,236.094
-20.6706,-3.63597,234.551
-20.6687,-3.61734,233.009
-20.6648,-3.60024,231.469
-20.6615,-3.58194,229.923
-20.6544,-3.56209,228.375
-20.6441,-3.53794,226.825
-20.6307,-3.5133,225.269
-20.6127,-3.49043,223.714
-20.594,-3.46826,222.153
-20.5787,-3.44641,220.592
-20.5634,-3.42687,219.035
-20.5485,-3.40798,217.481
-20.5322,-3.38901,215.918
-20.5163,-3.36786,214.357
-20.4978,-3.34705,212.797
-20.4825,-3.32445,211.232
-20.4653,-3.30341,209.671
-20.451,-3.28182,208.101
-20.437,-3.2602,206.532
-20.4237,-3.23706,204.964
-20.4099,-3.21587,203.401
-20.3927,-3.19483,201.832
-20.3775,-3.1778,200.257
-20.3568,-3.15821,198.682
-20.3403,-3.13796,197.104
-20.3226,-3.11911,195.52
-20.3048,-3.09739,193.945
-20.2909,-3.07704,192.365
-20.2768,-3.05791,190.79
-20.263,-3.03926,189.215
-20.2488,-3.01754,187.635
-20.2352,-2.99533,186.068
-20.2217,-2.97099,184.5
-20.21,-2.94788,182.929
-20.2017,-2.92508,181.367
-20.1972,-2.90291,179.809
-20.1925,-2.88184,178.254
-20.1873,-2.86082,176.706
-20.1822,-2.83894,175.162
-20.1785,-2.81807,173.618
-20.1766,-2.79549,172.076
-20.1769,-2.77369,170.542
-20.1795,-2.75116,169.016
-20.185,-2.72988,167.498
-20.1942,-2.70818,165.982
-20.2086,-2.68753,164.478
-20.2254,-2.66415,162.986
-20.2444,-2.64289,161.506
-20.2652,-2.62212,160.041
-20.2888,-2.6004,158.595
-20.3151,-2.57983,157.171
-20.3414,-2.55928,155.773
-20.3728,-2.53608,154.393
-20.4028,-2.51449,153.036
-20.4342,-2.49344,151.709
-20.466,-2.47329,150.409
-20.4956,-2.45331,149.133
-20.5263,-2.43684,147.884
-20.555,-2.42053,146.664
-20.5812,-2.40349,145.471
-20.6068,-2.38547,144.305
-20.6311,-2.36863,143.172
-20.6521,-2.35159,142.07
-20.6747,-2.33382,140.998
-20.6967,-2.3188,139.954
-20.7162,-2.30425,138.938
-20.7362,-2.29054,137.947
-20.7552,-2.27853,136.986
-20.7723,-2.26332,136.049
-20.789,-2.24779,135.132
-20.8037,-2.23444,134.235
-20.8193,-2.22169,133.356
-20.8388,-2.20706,132.491
-20.8554,-2.19278,131.642
-20.8666,-2.1827,130.81
-20.8808,-2.17341,129.995
-20.8973,-2.16281,129.195
-20.9108,-2.15225,128.407
-20.9228,-2.1427,127.624
-20.9367,-2.13369,126.849
-20.9513,-2.12539,126.085
-20.966,-2.11559,125.331
-20.9822,-2.10398,124.586
-20.9984,-2.09515,123.849
-21.014,-2.09052,123.115
-21.0291,-2.08588,122.384
-21.0429,-2.07961,121.656
-21.0537,-2.07667,120.932
-21.0695,-2.07152,120.208
-21.0932,-2.06583,119.485
-21.1047,-2.06459,118.772
-21.1089,-2.06514,118.063
-21.1211,-2.06217,117.358
-21.139,-2.05609,116.649
-21.1487,-2.05456,115.927
-21.1549,-2.05678,115.192
-21.1649,-2.05254,114.445
-21.1764,-2.04999,113.689
-21.1882,-2.04853,112.926
-21.1972,-2.04521,112.152
-21.2012,-2.03676,111.366
-21.2012,-2.02813,110.563
-21.2005,-2.02035,109.743
-21.1988,-2.01103,108.904
-21.1969,-1.99987,108.051
-21.1908,-1.98688,107.183
-21.182,-1.97045,106.301
-21.1688,-1.95496,105.402
-21.1532,-1.94015,104.483
-21.1316,-1.9247,103.546
-21.1062,-1.91106,102.59
-21.0764,-1.89524,101.615
-21.0442,-1.8792,100.626
-21.0057,-1.86354,99.6229
-20.9617,-1.8479,98.6029
-20.9126,-1.83361,97.5636
-20.8581,-1.82186,96.505
-20.801,-1.81242,95.4304
-20.7392,-1.80215,94.3399
-20.6778,-1.79532,93.236
-20.6203,-1.78652,92.1112
-20.5619,-1.7776,90.9626
-20.5007,-1.76979,89.7927
-20.4401,-1.75639,88.6112
-20.3777,-1.74,87.4196
-20.3144,-1.72496,86.2102
-20.2498,-1.71282,84.9844
-20.1884,-1.70251,83.7446
-20.1266,-1.68883,82.4892
-20.0668,-1.6762,81.2143
-20.0052,-1.6621,79.9252
-19.944,-1.64475,78.6235
-19.8864,-1.62648,77.3034
-19.8286,-1.6138,75.9723
-19.7784,-1.60055,74.6321
-19.7319,-1.59415,73.2702
-19.6884,-1.59096,71.8813
-19.6474,-1.57874,70.479
-19.607,-1.55913,69.0672
-19.5705,-1.53992,67.6412
-19.5366,-1.52392,66.1961
-19.5092,-1.50875,64.7318
-19.4858,-1.49361,63.2529
-19.4621,-1.47851,61.7632
-19.4402,-1.46356,60.2701
-19.4204,-1.44804,58.7749
-19.4035,-1.43167,57.2778
-19.3916,-1.41391,55.7871
-19.3815,-1.3957,54.2966
-19.3734,-1.3787,52.8078
-19.366,-1.36292,51.3179
-19.3575,-1.34516,49.8244
-19.3514,-1.32777,48.3346
-19.3478,-1.3104,46.8479
-19.3463,-1.29396,45.3566
-19.3446,-1.27539,43.8638
-19.3411,-1.25146,42.3751
-19.3358,-1.22664,40.8945
-19.3302,-1.20379,39.4159
-19.3226,-1.18605,37.9421
-19.3142,-1.17111,36.4661
-19.3032,-1.15741,34.99
-19.2949,-1.13953,33.5141
-19.2843,-1.11863,32.0423
-19.2711,-1.096,30.5742
-19.259,-1.07457,29.1139
-19.2468,-1.05773,27.6558
-19.2379,-1.04377,26.1972
-19.2311,-1.0277,24.7388
-19.2224,-1.0105,23.2827
-19.2122,-0.99121,21.8331
-19.2015,-0.973511,20.384
-19.1927,-0.958193,18.9397
-19.1873,-0.943395,17.4957
-19.1853,-0.929364,16.0527
-19.1832,-0.915197,14.611
-19.1789,-0.900905,13.1721
-19.1745,-0.885108,11.7375
-19.1674,-0.869015,10.306
-19.1609,-0.85517,8.88156
-19.1542,-0.841037,7.4625
-19.1496,-0.827035,6.04716
-19.1475,-0.812467,4.63936
-19.1463,-0.795116,3.23438
-19.1446,-0.778341,1.83137
-19.1412,-0.762283,0.436179
-19.1348,-0.748443,-0.954785
-19.1263,-0.737842,-2.34419
-19.1184,-0.728482,-3.73343
-19.1132,-0.716371,-5.12136
-19.1114,-0.699642,-6.50833
-19.1143,-0.68171,-7.89455
-19.119,-0.662475,-9.27752
-19.1199,-0.640127,-10.6583
-19.1192,-0.618872,-12.0397
-19.115,-0.599344,-13.4221
-19.1078,-0.581899,-14.8064
-19.1022,-0.564311,-16.1947
-19.0991,-0.547995,-17.5864
-19.0969,-0.531847,-18.9805
-19.0954,-0.51657,-20.38
-19.0938,-0.503112,-21.7851
-19.0894,-0.488465,-23.1906
-19.0866,-0.472364,-24.6028
-19.0828,-0.456077,-26.0173
-19.0801,-0.438946,-27.4332
-19.079,-0.421966,-28.8466
-19.0776,-0.407427,-30.2662
-19.0777,-0.395055,-31.6896
-19.0754,-0.383501,-33.1118
-19.0713,-0.374125,-34.5355
-19.0677,-0.367197,-35.9655
-19.066,-0.360933,-37.3992
-19.0668,-0.353115,-38.8331
-19.0673,-0.344225,-40.2683
-19.0646,-0.337613,-41.7038
-19.0597,-0.331483,-43.139
-19.0533,-0.32411,-44.5808
-19.0489,-0.316062,-46.0271
-19.0466,-0.304387,-47.4715
-19.0449,-0.293664,-48.9128
-19.0407,-0.285072,-50.3565
-19.0346,-0.277233,-51.8008
-19.0299,-0.268372,-53.2425
-19.025,-0.258878,-54.6815
-19.0203,-0.248298,-56.1197
-19.0151,-0.236394,-57.5564
-19.0093,-0.226369,-58.9862
-19.0039,-0.218696,-60.411
-18.997,-0.215465,-61.837
-18.9879,-0.212165,-63.2662
-18.9778,-0.206,-64.6901
-18.9673,-0.199813,-66.1135
-18.9572,-0.192737,-67.5377
-18.9482,-0.187839,-68.9606
-18.9393,-0.180874,-70.3804
-18.9292,-0.175123,-71.8029
-18.9222,-0.171635,-73.2257
-18.9181,-0.167864,-74.6491
-18.9148,-0.163465,-76.0695
-18.912,-0.159752,-77.4909
-18.9092,-0.15665,-78.9131
-18.9058,-0.152446,-80.3358
-18.904,-0.147382,-81.7579
-18.9055,-0.142611,-83.1793
-18.9077,-0.137629,-84.5984
-18.9121,-0.13516,-86.0123
-18.915,-0.132413,-87.4216
-18.9161,-0.132529,-88.8282
-18.9185,-0.1334,-90.233
-18.9207,-0.132603,-91.6357
-18.921,-0.129255,-93.0364
-18.9202,-0.12457,-94.4292
-18.9153,-0.121635,-95.8137
-18.9069,-0.121364,-97.1923
-18.9002,-0.123241,-98.5718
-18.8933,-0.121115,-99.9499
-18.8889,-0.114136,-101.32
-18.8847,-0.105985,-102.685
-18.8813,-0.0989806,-104.043
-18.877,-0.0936404,-105.398
-18.8727,-0.0909125,-106.748
-18.8693,-0.0879832,-108.099
-18.8678,-0.084236,-109.445
-18.87,-0.0797204,-110.785
-18.8717,-0.074807,-112.12
-18.8744,-0.0714067,-113.451
-18.8781,-0.0685191,-114.78
-18.882,-0.0626351,-116.108
-18.8884,-0.0579447,-117.431
-18.8954,-0.0528169,-118.753
-18.9021,-0.0473419,-120.071
-18.91,-0.0421702,-121.387
-18.9183,-0.0364118,-122.701
-18.9286,-0.0318605,-124.011
-18.9403,-0.0288599,-125.315
-18.9524,-0.0256872,-126.618
-18.9653,-0.0227037,-127.918
-18.978,-0.0173138,-129.209
-18.9884,-0.011347,-130.498
-19.0005,-0.00915097,-131.783
-19.0127,-0.00610426,-133.064
-19.0239,-0.00175095,-134.34
-19.0337,0.0023626,-135.612
-19.0432,0.00814904,-136.878
-19.0519,0.0127588,-138.134
-19.0611,0.0166232,-139.381
-19.0708,0.0206405,-140.621
-19.0811,0.0240001,-141.853
-19.092,0.0274407,-143.078
-19.104,0.0316665,-144.292
-19.1181,0.0359086,-145.495
-19.1345,0.0392263,-146.685
-19.1524,0.0423492,-147.867
-19.1719,0.0452042,-149.035
-19.1902,0.0480127,-150.188
-19.2104,0.0527248,-151.324
-19.2299,0.0561967,-152.439
-19.2444,0.0622885,-153.538
-19.2632,0.064855,-154.616
-19.2808,0.0711902,-155.665
-19.2974,0.0781994,-156.688
-19.3171,0.0824707,-157.686
-19.3402,0.0866522,-158.656
-19.3628,0.0906827,-159.597
-19.3841,0.0940149,-160.507
-19.4047,0.0973884,-161.384
-19.4209,0.100116,-162.227
-19.426,0.102553,-163.037
-19.4134,0.103901,-163.815
-19.3793,0.103979,-164.564
-19.3224,0.105014,-165.284
-19.2458,0.106773,-165.97
-19.1509,0.105048,-166.616
-19.0379,0.101098,-167.225
-18.9063,0.0991212,-167.796
-18.7515,0.0978256,-168.333
-18.5729,0.0916105,-168.842
-18.3746,0.0818618,-169.313
-18.1579,0.0696755,-169.756
-17.9126,0.0580583,-170.176
-17.6483,0.0463879,-170.575
-17.3578,0.0361541,-170.959
-17.05,0.0186584,-171.327
-16.7246,-0.000368914,-171.67
-16.3558,-0.0147522,-171.996
-15.9684,-0.0273493,-172.301
-15.538,-0.0431502,-172.577
-15.0814,-0.0643259,-172.818
-14.5985,-0.084028,-173.026
-14.1004,-0.103899,-173.198
-13.5915,-0.124445,-173.327
-13.0713,-0.146374,-173.424
-12.5411,-0.171038,-173.479
-12.0062,-0.193385,-173.497
-11.4523,-0.212218,-173.488
-10.8891,-0.229269,-173.449
-10.3249,-0.248604,-173.363
-9.75953,-0.271068,-173.232
-9.19666,-0.291872,-173.06
-8.63247,-0.303833,-172.858
-8.0748,-0.309718,-172.608
-7.5144,-0.303619,-172.31
-6.97048,-0.299713,-171.971
-6.44194,-0.297202,-171.578
-5.93683,-0.302429,-171.137
-5.4417,-0.302208,-170.649
-4.96306,-0.296235,-170.116
-4.50476,-0.289173,-169.543
-4.07262,-0.290032,-168.923
-3.66686,-0.29464,-168.255
-3.2953,-0.301492,-167.542
-2.95841,-0.306728,-166.792
-2.66479,-0.312247,-166.004
-2.41024,-0.317601,-165.178
-2.19613,-0.322508,-164.324
-2.02555,-0.328682,-163.462
-1.87989,-0.335586,-162.578
-1.75284,-0.344586,-161.659
-1.65634,-0.354987,-160.717
-1.58852,-0.365985,-159.763
-1.54617,-0.373964,-158.789
-1.5177,-0.380789,-157.792
-1.50672,-0.388314,-156.781
-1.50006,-0.396034,-155.744
-1.49305,-0.406001,-154.704
-1.48294,-0.414452,-153.623
-1.4665,-0.426602,-152.528
-1.45298,-0.43663,-151.418
-1.44034,-0.446571,-150.293
-1.43269,-0.455216,-149.148
-1.427,-0.463055,-147.987
-1.42359,-0.470424,-146.809
-1.41841,-0.479193,-145.614
-1.41768,-0.487513,-144.404
-1.41864,-0.494568,-143.176
-1.42076,-0.504229,-141.929
-1.42739,-0.517333,-140.669
-1.43301,-0.530352,-139.392
-1.43868,-0.542813,-138.099
-1.44321,-0.556148,-136.786
-1.44476,-0.570423,-135.454
-1.44727,-0.585957,-134.109
-1.44572,-0.60184,-132.744
-1.44126,-0.622909,-131.369
-1.43047,-0.647247,-129.977
-1.42212,-0.670863,-128.568
-1.41229,-0.698754,-127.147
-1.40801,-0.726299,-125.714
-1.40716,-0.75497,-124.265
-1.40809,-0.786052,-122.803
-1.41348,-0.81748,-121.332
-1.42349,-0.848156,-119.844
-1.43286,-0.876082,-118.35
-1.44292,-0.907686,-116.842
-1.45655,-0.937678,-115.322
-1.47279,-0.970551,-113.791
-1.48821,-1.00312,-112.244
-1.50474,-1.03375,-110.68
-1.5192,-1.06387,-109.106
-1.52979,-1.08809,-107.519
-1.54261,-1.1099,-105.919
-1.55405,-1.12602,-104.326
-1.56785,-1.13789,-102.73
-1.5827,-1.14943,-101.146
-1.59569,-1.16068,-99.5684
-1.60829,-1.17219,-97.9937
-1.61968,-1.18511,-96.4266
-1.62946,-1.20054,-94.8497
-1.63938,-1.21506,-93.2781
-1.6458,-1.22695,-91.7184
-1.65201,-1.24024,-90.1581
-1.6577,-1.25399,-88.596
-1.66159,-1.26766,-87.0339
-1.66508,-1.27911,-85.4745
-1.66866,-1.28897,-83.9173
-1.67255,-1.29824,-82.3694
-1.67815,-1.31124,-80.8296
-1.68775,-1.32749,-79.2879
-1.69703,-1.34399,-77.7427
-1.70784,-1.35977,-76.2006
-1.71332,-1.37387,-74.6659
-1.72053,-1.38855,-73.1347
-1.72774,-1.40398,-71.6027
-1.73909,-1.4184,-70.0787
-1.75268,-1.43455,-68.5602
-1.76759,-1.45231,-67.0411
-1.78577,-1.4682,-65.518
-1.80459,-1.4783,-64.003
-1.82665,-1.48869,-62.4926
-1.84979,-1.5019,-60.9863
-1.87447,-1.51638,-59.4829
-1.89734,-1.53085,-57.9832
-1.91861,-1.54627,-56.487
-1.93866,-1.56177,-54.9924
-1.95648,-1.57811,-53.5071
-1.97321,-1.59374,-52.0252
-1.99059,-1.60832,-50.5456
-2.00699,-1.6223,-49.0696
-2.02383,-1.63676,-47.598
-2.0389,-1.65311,-46.1298
-2.05361,-1.67017,-44.664
-2.06857,-1.68768,-43.1991
-2.08059,-1.70147,-41.7352
-2.09067,-1.71396,-40.2776
-2.09733,-1.72851,-38.8238
-2.10125,-1.74353,-37.3763
-2.1038,-1.75957,-35.9263
-2.10485,-1.77676,-34.4768
-2.10548,-1.79276,-33.0378
-2.10602,-1.81353,-31.6039
-2.10333,-1.84208,-30.1725
-2.09749,-1.87399,-28.7428
-2.08924,-1.90549,-27.3137
-2.0804,-1.93807,-25.8903
-2.0704,-1.96886,-24.4685
-2.05957,-1.99762,-23.0524
-2.04933,-2.02644,-21.6421
-2.04071,-2.05567,-20.2336
-2.0352,-2.08581,-18.8285
-2.02973,-2.11585,-17.4271
-2.0291,-2.14247,-16.0277
-2.02794,-2.16985,-14.6308
-2.02685,-2.1963,-13.2355
-2.02721,-2.22341,-11.8437
-2.02821,-2.25309,-10.4523
-2.03118,-2.28303,-9.05987
-2.0335,-2.31393,-7.66923
-2.03726,-2.34228,-6.28154
-2.04146,-2.371,-4.89239
-2.04465,-2.39977,-3.5061
-2.04781,-2.42836,-2.12227
-2.05175,-2.45883,-0.739672
-2.05615,-2.48797,0.641099
-2.05964,-2.51732,2.02545
-2.06548,-2.54698,3.40188
-2.06936,-2.57538,4.77593
-2.0724,-2.60292,6.14727
-2.07545,-2.6318,7.51879
-2.07838,-2.65969,8.88837
-2.07988,-2.68793,10.2584
-2.08308,-2.71622,11.627
-2.0866,-2.74484,12.9967
-2.08897,-2.77287,14.3613
-2.0931,-2.80166,15.7258
-2.09687,-2.83221,17.0878
-2.10109,-2.86177,18.4455
-2.1058,-2.89071,19.8035
-2.10958,-2.91815,21.1585
-2.11417,-2.94513,22.5085
-2.11815,-2.97266,23.8539
-2.12202,-3.00074,25.1965
-2.12435,-3.02965,26.5374
-2.12586,-3.05825,27.874
-2.1275,-3.08593,29.2069
-2.12667,-3.11299,30.5339
-2.12578,-3.1396,31.8613
-2.1265,-3.16581,33.1869
-2.12903,-3.19192,34.5066
-2.13324,-3.21647,35.8237
-2.14256,-3.24042,37.1398
-2.15034,-3.26196,38.4541
-2.16058,-3.27977,39.7655
-2.1709,-3.29238,41.0736
-2.18098,-3.3042,42.3776
-2.19106,-3.31204,43.675
-2.20595,-3.32306,44.9702
-2.22124,-3.33649,46.2628
-2.23812,-3.35093,47.553
-2.25603,-3.36436,48.84
-2.2744,-3.37818,50.1252
-2.29339,-3.39217,51.4074
-2.31492,-3.40523,52.6865
-2.33728,-3.41855,53.961
-2.35853,-3.43221,55.2325
-2.37992,-3.44744,56.5012
-2.40193,-3.46144,57.7681
-2.4258,-3.47546,59.0331
-2.45128,-3.48997,60.2924
-2.48015,-3.50323,61.5468
-2.50976,-3.5185,62.8006
-2.53829,-3.53365,64.0508
-2.56505,-3.54769,65.2969
-2.58732,-3.56219,66.5371
-2.60777,-3.57579,67.7664
-2.62131,-3.59199,68.979
-2.63217,-3.60711,70.1728
-2.64556,-3.6233,71.3523
-2.65317,-3.64312,72.5153
-2.65933,-3.65814,73.6532
-2.66136,-3.67281,74.773
-2.65721,-3.69175,75.8854
-2.64783,-3.71342,76.9945
-2.63608,-3.73665,78.1041
-2.62259,-3.76055,79.2145
-2.60996,-3.78356,80.3202
-2.59704,-3.80584,81.4184
-2.58268,-3.82874,82.5109
-2.5681,-3.85228,83.6007
-2.55105,-3.87672,84.6879
-2.53227,-3.89941,85.7713
-2.51458,-3.91961,86.8485
-2.49718,-3.9399,87.9201
-2.48224,-3.96044,88.9862
-2.47212,-3.98182,90.0461
-2.46865,-4.00376,91.1047
-2.47001,-4.02625,92.1641
-2.47576,-4.05201,93.2275
-2.4866,-4.07855,94.2922
-2.50608,-4.1037,95.3646
-2.53371,-4.13025,96.4348
-2.56947,-4.15342,97.5162
-2.61352,-4.17453,98.6041
-2.66433,-4.19607,99.6983
-2.719,-4.21624,100.796
-2.77177,-4.23668,101.899
-2.8192,-4.25705,103.012
-2.8593,-4.2787,104.134
-2.88894,-4.29948,105.266
-2.91071,-4.32021,106.406
-2.92206,-4.34108,107.55
-2.9209,-4.36213,108.705
-2.90637,-4.38337,109.869
-2.87955,-4.40676,111.04
-2.84096,-4.4299,112.218
-2.79269,-4.45314,113.406
-2.73797,-4.47673,114.601
-2.67562,-4.49915,115.805
-2.60967,-4.52043,117.017
-2.53902,-4.5417,118.239
-2.46461,-4.5611,119.47
-2.38108,-4.57842,120.713
-2.29436,-4.59848,121.965
-2.20436,-4.61663,123.221
-2.11024,-4.63505,124.494
-2.0175,-4.65677,125.781
-1.92758,-4.67301,127.08
-1.84207,-4.68825,128.39
-1.76339,-4.70461,129.709
-1.69484,-4.71958,131.038
-1.63638,-4.73538,132.38
-1.5882,-4.75276,133.733
-1.54885,-4.76816,135.099
-1.51936,-4.78334,136.476
-1.49666,-4.79918,137.857
-1.48171,-4.81536,139.248
-1.47225,-4.83547,140.65
-1.46735,-4.86047,142.056
-1.46744,-4.88973,143.473
-1.46921,-4.92356,144.901
-1.47343,-4.95932,146.34
-1.48003,-4.99488,147.789
-1.48934,-5.02987,149.245
-1.49992,-5.06332,150.705
-1.51351,-5.09649,152.167
-1.52863,-5.12868,153.632
-1.54845,-5.16063,155.094
-1.57007,-5.19138,156.553
-1.59583,-5.22268,158.012
-1.62089,-5.25599,159.469
-1.64732,-5.2901,160.926
-1.67415,-5.3253,162.384
-1.69994,-5.36027,163.842
-1.72401,-5.39412,165.297
-1.74727,-5.42622,166.75
-1.77057,-5.45895,168.196
-1.79306,-5.49163,169.638
-1.81252,-5.52505,171.081
-1.82835,-5.55958,172.52
-1.84117,-5.59456,173.954
-1.84918,-5.63065,175.386
-1.85817,-5.6651,176.82
-1.86541,-5.6957,178.25
-1.87378,-5.72167,179.672
-1.88049,-5.74863,181.089
-1.88341,-5.77986,182.504
-1.88366,-5.81331,183.915
-1.88241,-5.84622,185.327
-1.87888,-5.87745,186.733
-1.8752,-5.90709,188.134
-1.87175,-5.93715,189.53
-1.86955,-5.96923,190.922
-1.86872,-6.0025,192.311
-1.8697,-6.03624,193.699
-1.86976,-6.06859,195.08
-1.87059,-6.09922,196.456
-1.87005,-6.12908,197.827
-1.87122,-6.15987,199.196
-1.87152,-6.18915,200.563
-1.87047,-6.21976,201.925
-1.86952,-6.25045,203.285
-1.86965,-6.2813,204.644
-1.87038,-6.31257,206
-1.87109,-6.34264,207.347
-1.87321,-6.37313,208.685
-1.87546,-6.40393,210.005
-1.87995,-6.43402,211.307
-1.88467,-6.46268,212.586
-1.89358,-6.48976,213.842
-1.9048,-6.51699,215.068
-1.91656,-6.54086,216.269
-1.92966,-6.56659,217.443
-1.94727,-6.59216,218.589
-1.96758,-6.61665,219.704
-1.99323,-6.641,220.788
-2.02217,-6.66546,221.84
-2.05418,-6.68956,222.86
-2.08403,-6.71162,223.848
-2.11365,-6.73348,224.802
-2.14394,-6.75482,225.721
-2.17494,-6.77341,226.608
-2.20546,-6.79118,227.46
-2.23844,-6.80952,228.282
-2.27146,-6.8278,229.08
-2.30244,-6.84701,229.868
-2.33021,-6.86703,230.655
-2.35068,-6.88666,231.44
-2.36562,-6.9052,232.224
-2.3765,-6.92309,233.007
-2.38473,-6.94159,233.787
-2.39129,-6.96089,234.562
-2.39447,-6.97895,235.335
-2.39471,-6.99466,236.105
-2.39183,-7.01116,236.873
-2.38644,-7.02808,237.638
-2.37976,-7.04401,238.401
-2.37179,-7.05967,239.16
-2.36334,-7.07604,239.916
-2.35538,-7.0913,240.67
-2.34816,-7.10631,241.428
-2.33948,-7.12256,242.192
-2.3286,-7.14137,242.963
-2.31927,-7.16101,243.735
-2.31252,-7.17969,244.512
-2.30686,-7.199,245.289
-2.29798,-7.22033,246.068
-2.28518,-7.24077,246.854
-2.27484,-7.25864,247.649
-2.27026,-7.27643,248.455
-2.25949,-7.2953,249.263
-2.24199,-7.31092,250.069
-2.22678,-7.32347,250.875
-2.21248,-7.33873,251.686
-2.19334,-7.35737,252.508
-2.17145,-7.37732,253.337
-2.1425,-7.39722,254.173
-2.11081,-7.41524,255.011
-2.08341,-7.43332,255.854
-2.05751,-7.45342,256.702
-2.02898,-7.47261,257.557
-1.99728,-7.49179,258.423
-1.96359,-7.51273,259.302
-1.92888,-7.53507,260.191
-1.89255,-7.55679,261.086
-1.85367,-7.57702,261.992
-1.81144,-7.59745,262.907
-1.76941,-7.61855,263.831
-1.72859,-7.64025,264.762
-1.68736,-7.66191,265.701
-1.64633,-7.68291,266.646
-1.60729,-7.7043,267.594
-1.56881,-7.72654,268.545
-1.53213,-7.74862,269.494
-1.49791,-7.77065,270.442
-1.4677,-7.79411,271.391
-1.4412,-7.81873,272.342
-1.41691,-7.84285,273.293
-1.39419,-7.86741,274.242
-1.37178,-7.89053,275.189
-1.35179,-7.91151,276.125
-1.22379,-7.93757,276.995
-1.20965,-7.95947,277.924
-1.20428,-7.98065,278.862
-1.20225,-8.00267,279.797
-1.20222,-8.02558,280.722
-1.20561,-8.04719,281.637
-1.20813,-8.06789,282.534
-1.21466,-8.0929,283.405
-1.22339,-8.11433,284.259
-1.23274,-8.1408,285.101
-1.24152,-8.16477,285.945
-1.2489,-8.19186,286.801
-1.2525,-8.20734,287.661
-1.26264,-8.23274,288.514
-1.27055,-8.25678,289.364
-1.27407,-8.28279,290.21
-1.27529,-8.31084,291.051
-1.27474,-8.33558,291.893
-1.27329,-8.36651,292.728
-1.27117,-8.38875,293.562
-1.27332,-8.41129,294.395
-1.27655,-8.43271,295.228
-1.27926,-8.45194,296.062
-1.28277,-8.4696,296.9
