-0,-0,-0
-0.0140357,-0.0170178,0.75867
-0.0290193,-0.0326561,1.50743
-0.0374722,-0.046949,2.24863
-0.0522018,-0.060299,2.97268
-0.0612177,-0.0718602,3.68445
-0.0633249,-0.0870763,4.37903
-0.0687836,-0.0971863,5.06171
-0.0716381,-0.104654,5.72526
-0.0734124,-0.112788,6.3629
-0.0750742,-0.118118,6.97817
-0.0759249,-0.125882,7.56181
-0.0774156,-0.131656,8.12078
-0.0764188,-0.137129,8.64872
-0.069028,-0.140384,9.15403
-0.0598087,-0.146569,9.62517
-0.0542518,-0.152939,10.0684
-0.0626432,-0.163156,10.4737
-0.0653759,-0.17255,10.8519
-0.0574646,-0.178836,11.2064
-0.042373,-0.182325,11.5302
-0.0171939,-0.185488,11.8223
0.00474645,-0.192214,12.0862
0.0154231,-0.198485,12.3176
0.0228083,-0.20275,12.5224
0.0306651,-0.206831,12.7092
0.0356171,-0.212318,12.8796
0.0401934,-0.220889,13.0398
0.0433515,-0.227616,13.1928
0.0523049,-0.232441,13.3399
0.0645876,-0.236204,13.4808
0.0707122,-0.239598,13.6123
0.0799852,-0.243216,13.7451
0.0886448,-0.247808,13.87
0.103897,-0.252805,13.998
0.114395,-0.259305,14.1182
0.128488,-0.264326,14.2436
0.142791,-0.268966,14.3769
0.170072,-0.271712,14.5367
0.417122,-0.252737,15.0556
0.675847,-0.237088,15.6168
0.959575,-0.211229,16.2131
1.26928,-0.138257,16.8671
1.27226,-0.138847,17.014
1.25635,-0.142769,17.1405
1.24069,-0.148051,17.2762
1.21786,-0.153898,17.4275
1.18755,-0.158657,17.5996
1.14591,-0.165038,17.7852
1.09556,-0.172889,17.9867
1.03444,-0.180527,18.1993
0.963095,-0.191118,18.421
0.887304,-0.202886,18.6536
0.795167,-0.213335,18.8918
0.689576,-0.224209,19.1383
0.566378,-0.236673,19.3857
0.428352,-0.247529,19.6436
0.269095,-0.258242,19.9129
0.0907285,-0.267333,20.1865
-0.100541,-0.277173,20.456
-0.315654,-0.286891,20.7227
-0.545422,-0.293691,20.9849
-0.802902,-0.29622,21.2474
-1.07859,-0.295448,21.5061
-1.38755,-0.291407,21.7658
-1.71808,-0.287438,22.0174
-2.07778,-0.285416,22.2665
-2.46254,-0.28249,22.5043
-2.87735,-0.278396,22.7365
-3.32223,-0.27112,22.946
-3.79195,-0.262404,23.136
-4.28605,-0.256001,23.3111
-4.80548,-0.250684,23.4647
-5.34731,-0.242553,23.5885
-5.91865,-0.23218,23.685
-6.51144,-0.226323,23.7602
-7.12404,-0.220376,23.8127
-7.75952,-0.218746,23.839
-8.40584,-0.212006,23.8366
-9.0702,-0.198145,23.8143
-9.75683,-0.186725,23.7721
-10.4663,-0.178439,23.7197
-11.1969,-0.168767,23.6617
-11.943,-0.160198,23.5968
-12.7067,-0.152507,23.5289
-13.4849,-0.140479,23.4702
-14.2822,-0.124663,23.4244
-15.106,-0.115892,23.3686
-16.1391,-0.127467,23.4591
-17.2298,-0.125708,23.5585
-18.3423,-0.13902,23.6432
-19.2323,-0.143756,23.5717
-20.1582,-0.147167,23.4959
-21.0925,-0.158881,23.4083
-22.0517,-0.166433,23.3167
-23.0489,-0.162891,23.2264
-24.0649,-0.152903,23.1324
-25.0835,-0.140459,23.0426
-26.0979,-0.121424,22.9514
-27.1131,-0.104154,22.856
-28.1185,-0.0916719,22.7549
-29.1234,-0.0837721,22.6493
-30.1395,-0.078175,22.5386
-31.1524,-0.0737031,22.4187
-32.1934,-0.0702083,22.2911
-33.2508,-0.0661742,22.1532
-34.3111,-0.0588125,22.0058
-35.3745,-0.047256,21.8531
-36.4405,-0.035182,21.6926
-37.509,-0.0213093,21.5335
-38.5856,-0.00740502,21.3736
-39.6512,0.00691082,21.2161
-40.726,0.0209109,21.0549
-41.8042,0.0333796,20.8898
-42.8935,0.0463555,20.7153
-43.9696,0.0553246,20.544
-45.0591,0.0665741,20.3768
-46.1606,0.077032,20.2111
-47.2724,0.0890468,20.0459
-48.3712,0.105287,19.8895
-49.4732,0.118655,19.7333
-50.5869,0.131327,19.5725
-51.7126,0.143681,19.4127
-52.8267,0.157307,19.265
-53.9478,0.17175,19.1242
-55.0773,0.18543,18.9922
-56.2083,0.198717,18.8725
-57.3436,0.212056,18.7568
-58.4809,0.224675,18.6464
-59.6319,0.240312,18.5377
-60.7737,0.253979,18.4378
-61.9184,0.267839,18.3432
-63.0661,0.275881,18.2535
-64.2173,0.283629,18.1653
-65.3774,0.286669,18.0798
-66.5427,0.2941,17.9938
-67.7098,0.303698,17.9074
-68.8801,0.310109,17.8235
-70.0544,0.314556,17.742
-71.2327,0.31849,17.6633
-72.4093,0.322046,17.5857
-73.5928,0.323304,17.5097
-74.7767,0.325254,17.4333
-75.9584,0.328458,17.3533
-77.1446,0.333245,17.2706
-78.3184,0.339782,17.1879
-79.4879,0.347652,17.1067
-80.6622,0.351676,17.0282
-81.8336,0.354295,16.9543
-83.0088,0.358172,16.8824
-84.1872,0.364764,16.81
-85.3608,0.369423,16.7333
-86.5222,0.374026,16.6561
-87.6903,0.381553,16.5817
-88.8549,0.387377,16.5079
-90.0147,0.39134,16.4332
-91.1833,0.397614,16.3618
-92.3488,0.406653,16.2918
-93.5151,0.418055,16.212
-94.6712,0.430064,16.1302
-95.8229,0.440509,16.0476
-96.9756,0.45249,15.9645
-98.1365,0.462925,15.888
-99.2914,0.471075,15.8115
-100.446,0.480899,15.7397
-101.597,0.490327,15.6649
-102.755,0.50118,15.5938
-103.911,0.51436,15.5155
-105.073,0.528133,15.4326
-106.229,0.540151,15.3463
-107.398,0.550444,15.2631
-108.572,0.561752,15.1799
-109.757,0.568508,15.1024
-110.963,0.575265,15.0269
-112.174,0.585406,14.9442
-113.395,0.592245,14.8595
-114.621,0.601595,14.771
-115.851,0.610857,14.6779
-117.091,0.616717,14.5826
-118.334,0.618652,14.4836
-119.584,0.620952,14.3858
-120.842,0.626022,14.2823
-122.103,0.633044,14.17
-123.362,0.642841,14.0561
-124.617,0.649815,13.9515
-125.876,0.655016,13.8509
-127.129,0.655495,13.7539
-128.383,0.656454,13.6623
-129.634,0.6585,13.5661
-130.888,0.664072,13.4672
-132.147,0.671646,13.3676
-133.399,0.68441,13.267
-134.648,0.696003,13.1669
-135.897,0.703995,13.0669
-137.143,0.712042,12.9688
-138.394,0.721699,12.8712
-139.646,0.732509,12.7779
-140.901,0.747761,12.6846
-142.151,0.764394,12.59
-143.39,0.776293,12.5038
-144.644,0.784453,12.4112
-145.875,0.791665,12.3239
-147.103,0.797276,12.2353
-148.332,0.800621,12.1492
-149.559,0.80661,12.0631
-150.787,0.813471,11.9768
-152.016,0.822347,11.8892
-153.23,0.831272,11.8024
-154.447,0.840258,11.7119
-155.672,0.850807,11.6187
-156.906,0.868106,11.5262
-158.114,0.888776,11.4273
-159.338,0.908878,11.3336
-160.406,0.976206,11.4978
-161.462,1.0369,11.6652
-162.677,1.03437,11.5489
-163.887,1.03373,11.429
-165.105,1.02603,11.3145
-166.323,1.02162,11.1962
-167.552,1.01694,11.0759
-168.775,1.01924,10.9561
-169.983,1.02321,10.8388
-171.2,1.02754,10.7216
-172.416,1.02513,10.609
-173.615,1.02565,10.5007
-174.796,1.02343,10.3926
-175.947,1.01766,10.2859
-177.072,1.00703,10.1852
-178.167,1.00005,10.0885
-179.237,0.995631,9.99457
-180.285,0.990931,9.90457
-181.3,0.987193,9.81275
-182.284,0.984881,9.72587
-183.238,0.982931,9.64582
-184.172,0.979545,9.5713
-185.106,0.975826,9.49714
-186.028,0.972057,9.41163
-186.95,0.967846,9.32096
-187.869,0.962924,9.22208
-188.787,0.9569,9.12306
-189.701,0.949034,9.02772
-190.614,0.943185,8.93545
-191.525,0.934618,8.8374
-192.432,0.930507,8.73653
-193.334,0.92828,8.63274
-194.237,0.926065,8.52525
-195.142,0.921832,8.41928
-196.05,0.917041,8.31458
-196.958,0.911701,8.2121
-197.876,0.905192,8.10694
-198.81,0.89902,8.00361
-199.741,0.890845,7.89897
-200.675,0.88291,7.79947
-201.613,0.879404,7.69864
-202.549,0.875726,7.58844
-203.501,0.866651,7.48171
-204.46,0.862107,7.38079
-205.424,0.862712,7.2831
-206.399,0.860931,7.18261
-207.387,0.861733,7.08946
-208.378,0.863689,6.99375
-209.374,0.86967,6.89435
-210.384,0.875136,6.79463
-211.401,0.879313,6.70093
-212.418,0.882483,6.60769
-213.444,0.884684,6.52034
-214.471,0.884915,6.43745
-215.515,0.884469,6.35191
-216.572,0.885244,6.26509
-217.629,0.885302,6.17991
-218.689,0.886819,6.09644
-219.754,0.887468,6.01741
-220.835,0.885263,5.93455
-221.92,0.879989,5.84823
-223.015,0.875585,5.76003
-224.118,0.872068,5.66538
-225.229,0.868027,5.57103
-226.347,0.869057,5.47927
-227.482,0.872885,5.38682
-228.616,0.875733,5.28745
-229.758,0.877646,5.18219
-230.911,0.879002,5.0829
-232.067,0.874217,4.98066
-233.228,0.86392,4.88045
-234.413,0.850147,4.77676
-235.59,0.836834,4.67178
-236.777,0.826658,4.55879
-237.972,0.819512,4.44229
-239.171,0.813285,4.31871
-240.379,0.807135,4.19367
-241.59,0.799693,4.06727
-242.805,0.792084,3.93786
-244.026,0.787127,3.80323
-245.256,0.779492,3.66584
-246.492,0.77128,3.5249
-247.734,0.765208,3.37964
-248.982,0.758976,3.22865
-250.23,0.753495,3.07724
-251.479,0.74888,2.9234
-252.735,0.743505,2.77309
-253.978,0.735623,2.62157
-255.224,0.728771,2.47488
-256.475,0.718982,2.31804
-257.72,0.70848,2.16333
-258.955,0.69784,2.00916
-260.203,0.688641,1.85575
-261.448,0.679351,1.70638
-262.693,0.673494,1.56074
-263.922,0.669648,1.4142
-265.163,0.66885,1.26517
-266.393,0.66983,1.1157
-267.616,0.672003,0.965996
-268.833,0.674093,0.806192
-270.059,0.678448,0.647418
-271.28,0.686278,0.491857
-272.489,0.693444,0.340845
-273.708,0.694337,0.195599
-274.93,0.689606,0.0560802
-276.153,0.685506,-0.0822692
-277.383,0.684681,-0.222201
-278.613,0.684724,-0.373016
-279.829,0.68725,-0.523401
-281.043,0.690577,-0.67318
-282.254,0.692837,-0.817958
-283.469,0.695737,-0.964234
-284.678,0.69667,-1.10826
-285.896,0.696468,-1.25464
-287.108,0.696214,-1.39969
-288.318,0.696517,-1.5444
-289.535,0.697076,-1.68873
-290.744,0.697435,-1.83205
-291.957,0.696559,-1.97538
-293.17,0.693162,-2.12052
-294.388,0.687946,-2.26708
-295.606,0.681457,-2.416
-296.832,0.675091,-2.56417
-298.061,0.669127,-2.71522
-299.296,0.663833,-2.86209
-300.531,0.657674,-3.01096
-301.766,0.649275,-3.15879
-303.014,0.642013,-3.30427
-304.252,0.631509,-3.45229
-305.487,0.621676,-3.60236
-306.724,0.611334,-3.76374
-307.968,0.603756,-3.92114
-309.206,0.594369,-4.075
-310.452,0.583798,-4.22664
-311.691,0.572414,-4.37644
-312.93,0.561065,-4.52216
-314.17,0.551659,-4.67027
-315.406,0.542242,-4.81863
-316.649,0.534241,-4.96774
-317.893,0.526342,-5.11953
-319.14,0.517357,-5.27044
-320.389,0.511733,-5.41543
-321.638,0.509492,-5.56258
-322.886,0.507398,-5.71031
-324.141,0.508471,-5.85668
-325.39,0.511053,-6.0042
-326.641,0.51931,-6.14857
-327.873,0.530164,-6.30121
-329.12,0.542061,-6.44888
-330.355,0.549064,-6.59443
-331.587,0.551689,-6.73399
-332.822,0.54941,-6.87589
-334.066,0.545053,-7.01869
-335.318,0.54901,-7.16161
-336.553,0.549225,-7.30603
-337.78,0.549037,-7.44394
-339.002,0.553764,-7.58091
-340.214,0.559057,-7.71926
-341.409,0.56267,-7.86102
-342.585,0.565009,-8.00355
-343.761,0.569422,-8.13949
-344.926,0.571184,-8.27409
-346.064,0.572793,-8.40612
-347.19,0.578485,-8.53086
-348.305,0.587042,-8.66124
-349.393,0.593821,-8.79125
-350.469,0.6,-8.9194
-351.518,0.600138,-9.05317
-352.559,0.59573,-9.18321
-353.595,0.58394,-9.30977
-354.634,0.570396,-9.43787
-355.674,0.561771,-9.56401
-356.703,0.554765,-9.69065
-357.717,0.552309,-9.81912
-358.711,0.552037,-9.94816
-359.693,0.551236,-10.0685
-360.646,0.549274,-10.1829
-361.57,0.54725,-10.2924
-362.475,0.543638,-10.3904
-363.349,0.53456,-10.4783
-364.203,0.524663,-10.5559
-365.03,0.512842,-10.6176
-365.835,0.498792,-10.6627
-366.618,0.485188,-10.6843
-367.368,0.470214,-10.6826
-368.092,0.456693,-10.6571
-368.793,0.445602,-10.6077
-369.477,0.436508,-10.536
-370.136,0.427971,-10.4347
-370.766,0.421046,-10.3068
-371.377,0.415688,-10.1553
-371.973,0.413092,-9.98064
-372.557,0.412036,-9.78324
-373.131,0.412014,-9.55592
-373.682,0.409879,-9.29873
-374.213,0.40457,-9.01355
-374.723,0.40194,-8.71834
-375.228,0.404534,-8.39137
-375.712,0.409526,-8.03896
-376.178,0.413758,-7.65491
-376.628,0.416288,-7.24254
-377.066,0.423515,-6.81188
-377.488,0.431216,-6.36824
-377.891,0.442305,-5.89464
-378.275,0.45706,-5.38626
-378.636,0.468405,-4.8662
-378.989,0.477171,-4.32507
-379.334,0.486776,-3.76223
-379.664,0.499448,-3.17172
-379.979,0.508119,-2.55683
-380.285,0.514904,-1.91888
-380.571,0.523458,-1.25834
-380.84,0.533002,-0.575115
-381.091,0.538107,0.117922
-381.337,0.54704,0.839157
-381.573,0.554765,1.58602
-381.802,0.556748,2.3431
-382.026,0.561534,3.12284
-382.242,0.567261,3.92517
-382.442,0.571705,4.74755
-382.627,0.577596,5.59072
-382.805,0.581257,6.44592
-382.971,0.585716,7.32673
-383.133,0.592051,8.22306
-383.29,0.598071,9.1325
-383.45,0.604398,10.0577
-383.605,0.608726,10.9963
-383.76,0.613753,11.9533
-383.911,0.620169,12.9329
-384.063,0.627133,13.9206
-384.217,0.637395,14.9255
-384.37,0.647308,15.9332
-384.523,0.657629,16.9426
-384.675,0.668769,17.949
-384.822,0.678595,18.9569
-384.965,0.687179,19.9601
-385.108,0.69643,20.9677
-385.247,0.705061,21.9787
-385.381,0.71402,22.9883
-385.511,0.722671,23.9934
-385.638,0.731659,24.9961
-385.764,0.738109,25.9907
-385.889,0.745169,26.9874
-386.016,0.75292,27.9848
-386.138,0.762035,28.9736
-386.258,0.770048,29.9585
-386.373,0.778811,30.9379
-386.488,0.788422,31.9101
-386.6,0.798152,32.8724
-386.708,0.807743,33.8264
-386.814,0.816392,34.7647
-386.919,0.823581,35.6896
-387.021,0.830447,36.6029
-387.119,0.836666,37.5053
-387.215,0.844055,38.4003
-387.308,0.851141,39.2868
-387.392,0.857643,40.1653
-387.474,0.866284,41.0353
-387.549,0.874161,41.8915
-387.615,0.882836,42.7373
-387.673,0.891145,43.5677
-387.723,0.899803,44.3873
-387.759,0.907872,45.196
-387.778,0.915133,45.9942
-387.779,0.92164,46.78
-387.76,0.930922,47.561
-387.714,0.940493,48.3288
-387.64,0.948447,49.0798
-387.54,0.958144,49.8179
-387.429,0.973687,50.5395
-387.291,0.98764,51.2499
-387.139,0.99449,51.9371
-386.968,1.00223,52.6134
-386.774,1.01386,53.2657
-386.564,1.02397,53.8965
-386.337,1.03444,54.5082
-386.092,1.0435,55.1014
-385.826,1.04958,55.6762
-385.53,1.05076,56.2331
-385.202,1.05321,56.773
-384.846,1.05985,57.2932
-384.46,1.07216,57.7895
-384.062,1.07959,58.2602
-383.642,1.08695,58.7094
-383.205,1.09483,59.1387
-382.749,1.10243,59.539
-382.276,1.10961,59.9192
-381.79,1.11301,60.268
-381.285,1.11855,60.5974
-380.757,1.12336,60.9148
-380.211,1.13072,61.2173
-379.644,1.14043,61.5024
-379.059,1.14852,61.7656
-378.456,1.15435,62.0097
-377.84,1.16172,62.2426
-377.216,1.17619,62.4688
-376.575,1.18898,62.6744
-375.914,1.19729,62.8586
-375.234,1.20755,63.03
-374.541,1.21774,63.1924
-373.834,1.22871,63.3477
-373.117,1.24123,63.4975
-372.387,1.25409,63.6438
-371.643,1.26771,63.7867
-370.886,1.28163,63.9225
-370.115,1.29641,64.0519
-369.336,1.31295,64.1755
-368.547,1.33,64.2963
-367.747,1.34728,64.4128
-366.933,1.36417,64.5187
-366.106,1.38114,64.6187
-365.27,1.39885,64.7157
-364.415,1.41417,64.813
-363.553,1.42908,64.9032
-362.689,1.44518,64.9866
-361.82,1.4605,65.0684
-360.945,1.47547,65.1437
-360.067,1.49037,65.2127
-359.182,1.50562,65.2807
-358.293,1.52012,65.3483
-357.402,1.53067,65.4153
-356.511,1.53892,65.4808
-355.617,1.5481,65.5477
-354.716,1.55264,65.6157
-353.813,1.55407,65.6878
-352.912,1.55591,65.7598
-352.012,1.55965,65.8348
-351.112,1.56138,65.9117
-350.215,1.56559,65.9929
-349.318,1.57026,66.0823
-348.424,1.57294,66.1789
-347.534,1.57594,66.2792
-346.647,1.5815,66.3852
-345.762,1.58459,66.4973
-344.879,1.58627,66.6137
-344,1.58788,66.7326
-343.129,1.59305,66.8549
-342.259,1.59602,66.9792
-341.393,1.59834,67.1039
-340.528,1.60058,67.2286
-339.663,1.60284,67.3542
-338.798,1.60481,67.4819
-337.932,1.6051,67.6079
-337.062,1.60632,67.7346
-336.196,1.60856,67.8625
-335.331,1.61079,67.9889
-334.465,1.61386,68.1114
-333.6,1.6169,68.2297
-332.735,1.61834,68.3443
-331.873,1.6194,68.4549
-331.01,1.62114,68.5597
-330.144,1.62337,68.6632
-329.281,1.62528,68.7697
-328.417,1.62748,68.8735
-327.558,1.63064,68.973
-326.693,1.63301,69.0727
-325.829,1.63563,69.1736
-324.97,1.63612,69.2786
-324.115,1.6364,69.3861
-323.26,1.63762,69.4969
-322.407,1.6371,69.6135
-321.553,1.63625,69.7324
-320.702,1.63909,69.8537
-319.844,1.64421,69.9812
-318.996,1.64855,70.1096
-318.147,1.65407,70.2388
-317.302,1.66192,70.3694
-316.456,1.66915,70.4993
-315.616,1.67553,70.6285
-314.776,1.68123,70.756
-313.937,1.68673,70.8803
-313.096,1.69103,71.0029
-312.263,1.69663,71.1297
-311.43,1.70276,71.2581
-310.601,1.70915,71.3869
-309.775,1.71498,71.5167
-308.95,1.72041,71.6418
-308.129,1.72607,71.7687
-307.305,1.73165,71.8956
-306.477,1.73719,72.0249
-305.648,1.74354,72.16
-304.818,1.74886,72.3016
-303.983,1.75384,72.4461
-303.144,1.75925,72.5901
-302.303,1.7644,72.7353
-301.454,1.76861,72.8836
-300.607,1.7724,73.0366
-299.753,1.7749,73.1928
-298.896,1.77813,73.3513
-298.029,1.78069,73.5093
-297.157,1.78231,73.6703
-296.274,1.7841,73.8314
-295.383,1.78602,73.9884
-294.49,1.78854,74.1405
-293.594,1.79194,74.2882
-292.689,1.79399,74.4355
-291.771,1.79454,74.5786
-290.845,1.79459,74.7151
-289.91,1.79739,74.8438
-288.968,1.79915,74.9665
-288.023,1.80027,75.0834
-287.078,1.80214,75.197
-286.134,1.80566,75.3077
-285.191,1.8076,75.4159
-284.249,1.80972,75.5253
-283.311,1.81312,75.6335
-282.371,1.81379,75.7381
-281.436,1.81457,75.8413
-280.505,1.81545,75.9422
-279.585,1.81572,76.0404
-278.674,1.81577,76.1373
-277.771,1.81782,76.23
-276.875,1.81902,76.3197
-275.98,1.81816,76.4015
-275.09,1.81888,76.4785
-274.2,1.82019,76.5537
-273.312,1.82092,76.6254
-272.425,1.82299,76.6957
-271.542,1.82309,76.7659
-270.664,1.82459,76.8391
-269.791,1.82842,76.9134
-268.921,1.83193,76.9908
-268.051,1.83298,77.0722
-267.181,1.83159,77.1583
-266.317,1.83378,77.2543
-265.449,1.83853,77.356
-264.582,1.844,77.4677
-263.712,1.85005,77.5847
-262.842,1.85727,77.7087
-261.972,1.866,77.8417
-261.104,1.87392,77.9835
-260.231,1.88014,78.1347
-259.357,1.88682,78.2956
-258.481,1.89369,78.4638
-257.607,1.8996,78.6381
-256.737,1.90625,78.8177
-255.866,1.9121,78.9996
-254.985,1.91835,79.1837
-254.103,1.92526,79.3683
-253.221,1.93171,79.5513
-252.338,1.93821,79.7372
-251.451,1.94615,79.9273
-250.565,1.95346,80.1188
-249.676,1.95953,80.3076
-248.783,1.9662,80.491
-247.892,1.97244,80.6643
-247.003,1.97626,80.8293
-246.117,1.97991,80.9869
-245.233,1.98346,81.1352
-244.349,1.98448,81.2771
-243.465,1.98436,81.4112
-242.581,1.98308,81.5343
-241.696,1.98151,81.6473
-240.811,1.98103,81.7485
-239.934,1.97937,81.8389
-239.059,1.97859,81.9195
-238.184,1.97909,81.9901
-237.313,1.97854,82.0512
-236.449,1.97721,82.1032
-235.592,1.97603,82.1514
-234.742,1.9756,82.1979
-233.9,1.97571,82.2429
-233.071,1.97538,82.2862
-232.259,1.97511,82.3279
-231.461,1.97609,82.3675
-230.684,1.97607,82.4074
-229.927,1.97575,82.4479
-229.193,1.97347,82.4879
-228.479,1.97191,82.5272
-227.791,1.97086,82.5659
-227.128,1.96883,82.6041
-226.492,1.96734,82.6408
-225.88,1.96591,82.6773
-225.294,1.96499,82.715
-224.729,1.96151,82.7516
-224.184,1.95829,82.7852
-223.666,1.95338,82.8216
-223.17,1.9502,82.8652
-222.692,1.95083,82.9088
-222.237,1.95125,82.9563
-221.802,1.94696,83.0043
-221.38,1.93774,83.058
-220.965,1.92769,83.1271
-220.561,1.91963,83.2182
-220.165,1.91677,83.3217
-219.774,1.91748,83.4427
-219.389,1.91546,83.5833
-219.009,1.91062,83.7388
-218.639,1.90403,83.9128
-218.281,1.89551,84.0992
-217.938,1.88775,84.2985
-217.608,1.88183,84.5109
-217.288,1.8793,84.7322
-216.979,1.87678,84.9604
-216.683,1.8765,85.1971
-216.399,1.87356,85.4502
-216.137,1.86792,85.7115
-215.882,1.85967,85.9838
-215.631,1.85183,86.2726
-215.378,1.84564,86.5795
-215.122,1.84092,86.9078
-214.879,1.83983,87.2681
-214.654,1.84078,87.6608
-214.44,1.84597,88.0867
-214.235,1.84976,88.5353
-214.038,1.84509,89.0004
-213.847,1.84004,89.4949
-213.68,1.83457,90.0159
-213.538,1.83716,90.5613
-213.411,1.83626,91.1279
-213.295,1.83555,91.7147
-213.183,1.83336,92.3352
-213.102,1.83319,92.9716
-213.042,1.82687,93.6196
-213.002,1.81889,94.2802
-212.996,1.81169,94.9694
-213.013,1.80089,95.6786
-213.04,1.78476,96.4289
-213.086,1.77116,97.1971
-213.15,1.75435,97.9721
-213.231,1.73468,98.7603
-213.329,1.72739,99.5792
-213.436,1.71795,100.403
-213.558,1.71004,101.242
-213.695,1.7021,102.118
-213.845,1.69255,103.012
-213.999,1.68577,103.923
-214.155,1.67811,104.844
-214.308,1.67048,105.766
-214.454,1.66338,106.7
-214.601,1.65025,107.641
-214.744,1.63385,108.596
-214.88,1.61725,109.558
-215.013,1.6043,110.532
-215.142,1.59039,111.497
-215.263,1.57606,112.479
-215.38,1.56804,113.466
-215.488,1.55986,114.441
-215.593,1.55437,115.393
-215.697,1.5473,116.333
-215.801,1.53308,117.292
-215.91,1.51758,118.264
-216.017,1.50156,119.222
-216.118,1.48786,120.174
-216.221,1.47564,121.128
-216.328,1.45861,122.108
-216.423,1.43886,123.067
-216.531,1.42063,124.015
-216.638,1.402,124.965
-216.744,1.38931,125.892
-216.858,1.37528,126.823
-216.973,1.36081,127.739
-217.092,1.34471,128.646
-217.211,1.32502,129.543
-217.332,1.31,130.412
-217.454,1.29419,131.261
-217.576,1.27306,132.094
-217.695,1.25045,132.908
-217.813,1.23304,133.697
-217.931,1.21533,134.458
-218.053,1.1986,135.204
-218.175,1.18294,135.92
-218.296,1.16937,136.613
-218.417,1.15411,137.274
-218.541,1.13876,137.904
-218.665,1.12422,138.506
-218.797,1.1116,139.087
-218.935,1.09467,139.632
-219.083,1.07619,140.163
-219.243,1.05813,140.68
-219.414,1.04438,141.187
-219.598,1.0308,141.687
-219.801,1.01363,142.171
-220.02,0.993771,142.639
-220.255,0.97258,143.09
-220.505,0.958537,143.531
-220.764,0.946522,143.953
-221.042,0.927414,144.358
-221.344,0.906078,144.749
-221.656,0.887818,145.133
-221.972,0.871254,145.508
-222.307,0.858631,145.879
-222.667,0.847949,146.235
-223.056,0.840803,146.582
-223.465,0.832079,146.918
-223.897,0.825144,147.249
-224.354,0.815272,147.566
-224.836,0.805186,147.859
-225.345,0.797683,148.131
-225.882,0.793785,148.388
-226.44,0.78836,148.618
-227.027,0.777935,148.819
-227.633,0.762347,148.985
-228.261,0.74851,149.126
-228.902,0.735007,149.24
-229.563,0.718896,149.321
-230.237,0.704272,149.373
-230.93,0.69233,149.398
-231.626,0.678884,149.398
-232.338,0.665558,149.381
-233.067,0.650647,149.347
-233.811,0.632443,149.298
-234.568,0.617353,149.242
-235.335,0.604667,149.179
-236.11,0.592454,149.108
-236.897,0.581194,149.033
-237.696,0.569829,148.953
-238.507,0.558061,148.872
-239.333,0.546349,148.791
-240.17,0.532399,148.711
-241.021,0.51865,148.632
-241.883,0.505972,148.554
-242.757,0.493411,148.475
-243.645,0.479413,148.394
-244.55,0.467584,148.314
-245.459,0.454334,148.233
-246.384,0.442755,148.152
-247.325,0.431599,148.071
-248.275,0.419459,147.986
-249.242,0.406023,147.904
-250.22,0.393643,147.815
-251.214,0.381201,147.722
-252.218,0.368338,147.623
-253.236,0.355363,147.522
-254.269,0.34153,147.409
-255.313,0.329133,147.289
-256.363,0.317725,147.157
-257.429,0.307638,147.015
-258.5,0.298794,146.861
-259.575,0.287455,146.697
-260.645,0.275792,146.529
-261.712,0.261877,146.356
-262.769,0.24343,146.175
-263.831,0.220801,145.986
-264.898,0.195532,145.791
-265.962,0.174037,145.59
-267.022,0.153493,145.378
-268.078,0.129348,145.159
-269.132,0.10594,144.934
-270.186,0.0828939,144.705
-271.228,0.0598975,144.473
-272.252,0.0402652,144.241
-273.255,0.0190845,144.011
-274.245,-0.00505423,143.783
-275.227,-0.0275317,143.562
-276.191,-0.0530603,143.341
-277.132,-0.0761555,143.125
-278.042,-0.0951618,142.916
-278.934,-0.11424,142.71
-279.803,-0.135326,142.509
-280.653,-0.157352,142.317
-281.489,-0.178248,142.134
-282.32,-0.198831,141.96
-283.155,-0.218504,141.788
-283.986,-0.237067,141.619
-284.816,-0.257043,141.452
-285.648,-0.277458,141.289
-286.471,-0.29994,141.128
-287.291,-0.323363,140.969
-288.108,-0.345468,140.81
-288.927,-0.366486,140.661
-289.748,-0.387458,140.52
-290.569,-0.40663,140.381
-291.387,-0.426266,140.244
-292.202,-0.44083,140.111
-293.021,-0.451837,139.978
-293.842,-0.46567,139.844
-294.667,-0.482167,139.712
-295.494,-0.498641,139.584
-296.325,-0.513892,139.459
-297.161,-0.529972,139.335
-297.999,-0.54768,139.208
-298.841,-0.565376,139.081
-299.681,-0.582434,138.954
-300.52,-0.599029,138.825
-301.356,-0.61603,138.693
-302.191,-0.633413,138.56
-303.026,-0.649365,138.427
-303.858,-0.665537,138.292
-304.685,-0.681745,138.156
-305.511,-0.697596,138.017
-306.339,-0.71465,137.876
-307.169,-0.735445,137.728
-308.008,-0.752727,137.582
-308.86,-0.767008,137.44
-309.719,-0.783344,137.292
-310.576,-0.799748,137.141
-311.44,-0.809198,136.991
-312.31,-0.821288,136.833
-313.183,-0.834315,136.671
-314.087,-0.846539,136.521
-314.998,-0.859482,136.364
-315.92,-0.872982,136.209
-316.852,-0.887809,136.053
-317.786,-0.900725,135.897
-318.722,-0.91434,135.735
-319.662,-0.932414,135.57
-320.605,-0.954068,135.405
-321.55,-0.977354,135.24
-322.501,-1.00147,135.074
-323.449,-1.02827,134.909
-324.397,-1.05514,134.747
-325.347,-1.0818,134.585
-326.294,-1.10816,134.42
-327.24,-1.13432,134.258
-328.185,-1.15967,134.099
-329.128,-1.18478,133.938
-330.067,-1.20949,133.78
-331.007,-1.23216,133.627
-331.943,-1.25569,133.476
-332.867,-1.28124,133.322
-333.787,-1.30587,133.171
-334.71,-1.33095,133.019
-335.632,-1.35807,132.867
-336.546,-1.38571,132.714
-337.461,-1.40609,132.563
-338.372,-1.42741,132.415
-339.281,-1.45202,132.267
-340.183,-1.47693,132.118
-341.081,-1.4978,131.972
-341.973,-1.52039,131.825
-342.86,-1.54428,131.681
-343.735,-1.56777,131.539
-344.599,-1.58845,131.402
-345.458,-1.60919,131.264
-346.31,-1.6314,131.126
-347.158,-1.65452,130.991
-348.003,-1.67751,130.853
-348.85,-1.7009,130.715
-349.7,-1.72275,130.578
-350.545,-1.74226,130.441
-351.383,-1.76103,130.302
-352.219,-1.7761,130.166
-353.052,-1.79137,130.03
-353.88,-1.80844,129.889
-354.704,-1.82514,129.745
-355.53,-1.84111,129.594
-356.361,-1.85761,129.439
-357.198,-1.87499,129.28
-358.044,-1.89305,129.122
-358.892,-1.91085,128.965
-359.74,-1.9273,128.805
-360.591,-1.94455,128.643
-361.447,-1.96174,128.477
-362.312,-1.98009,128.31
-363.177,-1.99896,128.138
-364.046,-2.01622,127.967
-364.918,-2.03203,127.796
-365.792,-2.05,127.624
-366.667,-2.0687,127.448
-367.546,-2.08488,127.272
-368.425,-2.10304,127.098
-369.306,-2.12343,126.919
-370.184,-2.1402,126.745
-371.059,-2.15414,126.575
-371.932,-2.16998,126.402
-372.803,-2.18661,126.228
-373.668,-2.20043,126.054
-374.534,-2.2136,125.879
-375.399,-2.23008,125.704
-376.267,-2.24775,125.533
-377.121,-2.26674,125.369
-377.967,-2.28487,125.212
-378.809,-2.30154,125.061
-379.639,-2.32322,124.916
-380.458,-2.3474,124.779
-381.265,-2.36865,124.648
-382.06,-2.38821,124.52
-382.843,-2.41026,124.405
-383.608,-2.43144,124.297
-384.351,-2.45188,124.192
-385.075,-2.4718,124.097
-385.782,-2.48939,124.028
-386.467,-2.51068,123.972
-387.139,-2.53376,123.93
-387.782,-2.55655,123.903
-388.405,-2.57456,123.894
-389.008,-2.59136,123.902
-389.594,-2.60801,123.925
-390.163,-2.62678,123.958
-390.712,-2.64607,124.002
-391.24,-2.66121,124.055
-391.752,-2.67494,124.122
-392.239,-2.69182,124.212
-392.717,-2.70762,124.323
-393.19,-2.7252,124.455
-393.657,-2.7432,124.603
-394.117,-2.76199,124.763
-394.564,-2.78204,124.945
-395.001,-2.79905,125.149
-395.427,-2.81086,125.379
-395.84,-2.82296,125.62
-396.248,-2.83728,125.861
-396.655,-2.85549,126.112
-397.048,-2.876,126.389
-397.434,-2.89468,126.705
-397.816,-2.90882,127.054
-398.204,-2.92197,127.421
-398.606,-2.93187,127.803
-399.005,-2.94758,128.213
-399.388,-2.96789,128.669
-399.753,-2.98592,129.164
-400.099,-2.99701,129.686
-400.424,-3.00724,130.233
-400.735,-3.02251,130.81
-401.028,-3.03947,131.416
-401.306,-3.05526,132.046
-401.572,-3.06937,132.704
-401.82,-3.08303,133.383
-402.054,-3.09596,134.085
-402.275,-3.10906,134.811
-402.484,-3.11917,135.56
-402.683,-3.12635,136.329
-402.871,-3.13417,137.114
-403.053,-3.14162,137.918
-403.221,-3.14681,138.745
-403.384,-3.15219,139.592
-403.545,-3.15924,140.458
-403.706,-3.16666,141.344
-403.864,-3.17471,142.247
-404.026,-3.1841,143.16
-404.194,-3.19783,144.08
-404.363,-3.21494,145.014
-404.528,-3.23274,145.96
-404.697,-3.25233,146.915
-404.869,-3.27344,147.875
-405.04,-3.29371,148.851
-405.213,-3.31064,149.825
-405.387,-3.32685,150.804
-405.562,-3.34445,151.781
-405.738,-3.36279,152.755
-405.917,-3.38254,153.723
-406.097,-3.40367,154.691
-406.276,-3.42758,155.657
-406.449,-3.44753,156.628
-406.621,-3.4689,157.593
-406.794,-3.4911,158.557
-406.97,-3.51225,159.521
-407.14,-3.53345,160.479
-407.308,-3.55242,161.435
-407.478,-3.57027,162.385
-407.65,-3.58692,163.326
-407.82,-3.6006,164.264
-407.99,-3.61416,165.192
-408.158,-3.62808,166.107
-408.323,-3.64021,167.005
-408.485,-3.65295,167.883
-408.643,-3.66683,168.74
-408.789,-3.68497,169.571
-408.927,-3.7045,170.383
-409.061,-3.7255,171.182
-409.19,-3.74991,171.963
-409.312,-3.77316,172.723
-409.421,-3.78854,173.464
-409.518,-3.80154,174.186
-409.602,-3.81178,174.896
-409.665,-3.82218,175.601
-409.707,-3.83133,176.304
-409.725,-3.8409,176.996
-409.715,-3.84636,177.68
-409.672,-3.84946,178.361
-409.598,-3.85603,179.024
-409.484,-3.86448,179.678
-409.332,-3.87205,180.322
-409.15,-3.87766,180.954
-408.935,-3.88486,181.575
-408.693,-3.8921,182.184
-408.421,-3.90083,182.774
-408.113,-3.90761,183.347
-407.783,-3.91633,183.901
-407.42,-3.92404,184.437
-407.027,-3.9308,184.964
-406.6,-3.93583,185.476
-406.141,-3.94225,185.97
-405.66,-3.95043,186.45
-405.153,-3.9576,186.908
-404.617,-3.96278,187.343
-404.063,-3.96377,187.758
-403.487,-3.96524,188.15
-402.888,-3.96534,188.526
-402.272,-3.96652,188.89
-401.63,-3.96801,189.238
-400.965,-3.96456,189.563
-400.287,-3.95872,189.87
-399.582,-3.95546,190.167
-398.858,-3.9527,190.458
-398.105,-3.9479,190.738
-397.34,-3.9426,191.011
-396.558,-3.93447,191.273
-395.754,-3.92578,191.53
-394.931,-3.91941,191.781
-394.09,-3.91413,192.029
-393.236,-3.90633,192.274
-392.371,-3.89485,192.516
-391.497,-3.88208,192.755
-390.605,-3.87015,192.993
-389.704,-3.85604,193.229
-388.795,-3.84277,193.466
-387.872,-3.82855,193.706
-386.936,-3.81589,193.947
-385.994,-3.80109,194.185
-385.045,-3.78576,194.421
-384.091,-3.77371,194.656
-383.137,-3.76313,194.886
-382.169,-3.75351,195.115
-381.193,-3.74449,195.339
-380.21,-3.73511,195.559
-379.215,-3.72424,195.777
-378.217,-3.71276,195.991
-377.222,-3.70016,196.2
-376.22,-3.68454,196.404
-375.216,-3.66866,196.602
-374.211,-3.65096,196.8
-373.211,-3.63599,196.993
-372.212,-3.62408,197.186
-371.211,-3.61436,197.377
-370.208,-3.60826,197.567
-369.21,-3.6022,197.755
-368.204,-3.59265,197.934
-367.197,-3.58544,198.114
-366.2,-3.5746,198.29
-365.203,-3.56177,198.458
-364.201,-3.55498,198.621
-363.194,-3.54696,198.776
-362.194,-3.53706,198.921
-361.192,-3.52694,199.057
-360.191,-3.51463,199.186
-359.181,-3.50299,199.307
-358.171,-3.48986,199.421
-357.169,-3.47788,199.528
-356.168,-3.46768,199.635
-355.166,-3.45626,199.747
-354.157,-3.4454,199.852
-353.15,-3.42911,199.958
-352.151,-3.41332,200.069
-351.157,-3.39611,200.181
-350.154,-3.38514,200.288
-349.158,-3.37946,200.405
-348.164,-3.37098,200.538
-347.17,-3.36173,200.677
-346.177,-3.35334,200.819
-345.189,-3.34351,200.965
-344.201,-3.33442,201.12
-343.212,-3.32649,201.282
-342.221,-3.32003,201.453
-341.236,-3.30974,201.634
-340.248,-3.29604,201.821
-339.262,-3.28685,202.016
-338.277,-3.27993,202.219
-337.289,-3.27091,202.432
-336.3,-3.26001,202.65
-335.311,-3.24932,202.872
-334.328,-3.23907,203.095
-333.344,-3.22852,203.316
-332.352,-3.2163,203.541
-331.357,-3.20408,203.773
-330.362,-3.18843,204.004
-329.373,-3.17033,204.236
-328.387,-3.15209,204.467
-327.404,-3.1346,204.699
-326.423,-3.11621,204.93
-325.438,-3.09928,205.162
-324.461,-3.08377,205.395
-323.484,-3.06704,205.627
-322.51,-3.05061,205.854
-321.539,-3.03403,206.076
-320.566,-3.01736,206.29
-319.598,-3.0013,206.502
-318.635,-2.98432,206.717
-317.675,-2.96921,206.931
-316.721,-2.95403,207.145
-315.773,-2.93985,207.356
-314.831,-2.92823,207.567
-313.897,-2.9188,207.773
-312.972,-2.90725,207.974
-312.051,-2.89762,208.177
-311.135,-2.89117,208.378
-310.223,-2.88577,208.57
-309.312,-2.87881,208.761
-308.413,-2.87203,208.949
-307.523,-2.86389,209.133
-306.641,-2.85695,209.311
-305.768,-2.85063,209.485
-304.899,-2.84411,209.653
-304.033,-2.83716,209.82
-303.174,-2.8315,209.982
-302.321,-2.82453,210.143
-301.475,-2.81713,210.299
-300.639,-2.81255,210.452
-299.815,-2.80603,210.606
-299.01,-2.79813,210.756
-298.217,-2.79172,210.9
-297.433,-2.78598,211.044
-296.657,-2.78193,211.186
-295.893,-2.77704,211.327
-295.134,-2.76975,211.465
-294.387,-2.76195,211.603
-293.648,-2.7516,211.74
-292.918,-2.74163,211.874
-292.201,-2.73078,212.008
-291.495,-2.72051,212.141
-290.801,-2.70971,212.273
-290.117,-2.69851,212.404
-289.441,-2.68877,212.534
-288.773,-2.68035,212.659
-288.111,-2.67219,212.783
-287.464,-2.66407,212.906
-286.828,-2.65433,213.031
-286.205,-2.64563,213.152
-285.59,-2.63802,213.271
-284.982,-2.63078,213.39
-284.382,-2.62354,213.509
-283.796,-2.61603,213.623
-283.219,-2.60811,213.735
-282.654,-2.60077,213.845
-282.092,-2.59309,213.955
-281.536,-2.58485,214.067
-280.988,-2.57788,214.176
-280.448,-2.57091,214.282
-279.913,-2.56327,214.387
-279.38,-2.5551,214.494
-278.847,-2.54694,214.6
-278.317,-2.54017,214.708
-277.789,-2.53428,214.815
-277.262,-2.52851,214.921
-276.737,-2.52324,215.026
-276.215,-2.51728,215.133
-275.693,-2.51241,215.241
-275.172,-2.50844,215.348
-274.652,-2.50648,215.453
-274.135,-2.50379,215.558
-273.622,-2.49997,215.665
-273.11,-2.49563,215.773
-272.599,-2.49007,215.879
-272.089,-2.48538,215.984
-271.587,-2.48261,216.084
-271.088,-2.48137,216.185
-270.6,-2.48348,216.287
-270.118,-2.48619,216.392
-269.634,-2.488,216.497
-269.148,-2.48806,216.599
-268.66,-2.4874,216.704
-268.173,-2.48956,216.814
-267.687,-2.49672,216.928
-267.201,-2.50388,217.038
-266.711,-2.50764,217.146
-266.22,-2.51098,217.252
-265.728,-2.51509,217.361
-265.244,-2.52112,217.472
-264.759,-2.52523,217.583
-264.269,-2.52691,217.69
-263.78,-2.52833,217.796
-263.288,-2.53186,217.904
-262.793,-2.53892,218.011
-262.292,-2.5445,218.118
-261.791,-2.54867,218.223
-261.284,-2.55106,218.331
-260.775,-2.55319,218.437
-260.263,-2.55604,218.541
-259.748,-2.5577,218.642
-259.227,-2.5576,218.749
-258.706,-2.55644,218.857
-258.188,-2.5541,218.965
-257.669,-2.55078,219.071
-257.151,-2.54644,219.173
-256.635,-2.54038,219.271
-256.119,-2.53325,219.368
-255.604,-2.52556,219.466
-255.095,-2.51858,219.563
-254.588,-2.51047,219.658
-254.081,-2.50099,219.747
-253.572,-2.48914,219.827
-253.063,-2.47837,219.9
-252.556,-2.46912,219.966
-252.05,-2.46004,220.036
-251.547,-2.45036,220.097
-251.046,-2.44024,220.154
-250.556,-2.4344,220.2
-250.077,-2.42989,220.237
-249.608,-2.42728,220.264
-249.15,-2.42483,220.277
-248.703,-2.42059,220.282
-248.266,-2.41756,220.274
-247.839,-2.4173,220.257
-247.424,-2.41821,220.23
-247.03,-2.41979,220.199
-246.648,-2.42308,220.162
-246.283,-2.42587,220.119
-245.937,-2.42725,220.07
-245.599,-2.42567,220.014
-245.27,-2.42188,219.953
-244.945,-2.41865,219.886
-244.624,-2.41648,219.809
-244.311,-2.41466,219.725
-243.999,-2.41241,219.631
-243.694,-2.41147,219.531
-243.392,-2.411,219.419
-243.102,-2.41101,219.303
-242.817,-2.40999,219.18
-242.537,-2.40633,219.047
-242.26,-2.40193,218.903
-241.982,-2.39953,218.746
-241.702,-2.39835,218.573
-241.427,-2.39644,218.382
-241.156,-2.39734,218.169
-240.901,-2.40205,217.931
-240.643,-2.40566,217.671
-240.385,-2.40896,217.392
-240.133,-2.4107,217.092
-239.892,-2.41263,216.769
-239.669,-2.41278,216.422
-239.456,-2.41175,216.057
-239.244,-2.41044,215.679
-239.04,-2.41123,215.28
-238.852,-2.41533,214.856
-238.678,-2.41845,214.41
-238.509,-2.41545,213.94
-238.34,-2.40798,213.448
-238.176,-2.40857,212.929
-238.026,-2.41763,212.381
-237.89,-2.42382,211.81
-237.763,-2.42402,211.222
-237.642,-2.42341,210.615
-237.531,-2.42563,209.983
-237.43,-2.43089,209.327
-237.338,-2.43223,208.651
-237.242,-2.43114,207.958
-237.142,-2.43162,207.248
-237.034,-2.42953,206.516
-236.926,-2.42579,205.767
-236.817,-2.42575,205.004
-236.711,-2.42446,204.216
-236.59,-2.41825,203.413
-236.462,-2.41306,202.592
-236.326,-2.41204,201.757
-236.191,-2.40449,200.906
-236.057,-2.3956,200.041
-235.906,-2.38968,199.159
-235.75,-2.3867,198.266
-235.587,-2.38468,197.369
-235.423,-2.38436,196.463
-235.261,-2.38517,195.552
-235.091,-2.38493,194.619
-234.922,-2.38094,193.689
-234.75,-2.37219,192.771
-234.575,-2.363,191.844
-234.398,-2.35002,190.919
-234.225,-2.34131,190
-234.051,-2.32871,189.087
-233.881,-2.31432,188.168
-233.713,-2.30157,187.249
-233.541,-2.29411,186.334
-233.368,-2.28248,185.429
-233.194,-2.27757,184.525
-233.017,-2.27661,183.609
-232.839,-2.27859,182.696
-232.663,-2.27979,181.79
-232.488,-2.27716,180.869
-232.317,-2.27073,179.95
-232.147,-2.26694,179.048
-231.972,-2.26405,178.166
-231.794,-2.26162,177.285
-231.616,-2.26129,176.417
-231.44,-2.26691,175.575
-231.261,-2.27127,174.746
-231.078,-2.27441,173.924
-230.898,-2.28178,173.122
-230.721,-2.28471,172.339
-230.546,-2.28283,171.579
-230.372,-2.28346,170.843
-230.199,-2.28674,170.129
-230.038,-2.29099,169.441
-229.876,-2.28941,168.77
-229.705,-2.28794,168.108
-229.539,-2.2886,167.454
-229.375,-2.29144,166.802
-229.216,-2.28698,166.169
-229.059,-2.28235,165.563
-228.916,-2.28347,164.985
-228.788,-2.28795,164.427
-228.676,-2.29387,163.901
-228.571,-2.29474,163.405
-228.473,-2.29661,162.932
-228.369,-2.30235,162.463
-228.267,-2.3108,161.994
-228.174,-2.31516,161.523
-228.079,-2.31859,161.06
-227.981,-2.31899,160.602
-227.883,-2.32211,160.151
-227.782,-2.33274,159.708
-227.68,-2.34461,159.275
-227.578,-2.35572,158.85
-227.48,-2.36405,158.427
-227.379,-2.36789,158.007
-227.275,-2.36931,157.581
-227.165,-2.37323,157.146
-227.044,-2.38286,156.702
-226.919,-2.39433,156.245
-226.791,-2.40248,155.781
-226.662,-2.40285,155.31
-226.529,-2.40034,154.836
-226.386,-2.39732,154.354
-226.233,-2.39457,153.859
-226.077,-2.39138,153.353
-225.918,-2.38828,152.833
-225.757,-2.3859,152.301
-225.59,-2.3839,151.756
-225.421,-2.38051,151.196
-225.249,-2.37514,150.62
-225.075,-2.36839,150.025
-224.898,-2.36281,149.409
-224.724,-2.36001,148.774
-224.548,-2.36012,148.126
-224.364,-2.35788,147.47
-224.182,-2.35228,146.795
-224.006,-2.34695,146.1
-223.839,-2.34596,145.382
-223.677,-2.34265,144.643
-223.527,-2.34092,143.883
-223.379,-2.34175,143.105
-223.241,-2.34016,142.304
-223.113,-2.33477,141.48
-222.992,-2.33457,140.64
-222.871,-2.33513,139.786
-222.755,-2.33192,138.918
-222.637,-2.33013,138.051
-222.521,-2.32987,137.163
-222.403,-2.32677,136.258
-222.286,-2.32412,135.341
-222.172,-2.32303,134.409
-222.054,-2.31958,133.468
-221.937,-2.3157,132.518
-221.812,-2.31888,131.546
-221.685,-2.31863,130.566
-221.558,-2.32072,129.583
-221.425,-2.31711,128.6
-221.286,-2.31414,127.614
-221.151,-2.31243,126.616
-221.011,-2.31,125.617
-220.866,-2.3096,124.628
-220.726,-2.31004,123.635
-220.579,-2.31348,122.662
-220.421,-2.31627,121.68
-220.249,-2.3159,120.707
-220.07,-2.31853,119.729
-219.879,-2.32224,118.769
-219.685,-2.32691,117.801
-219.491,-2.33225,116.836
-219.289,-2.33561,115.869
-219.087,-2.33649,114.909
-218.883,-2.33581,113.981
-218.678,-2.33203,113.05
-218.474,-2.33307,112.144
-218.283,-2.33785,111.237
-218.099,-2.34221,110.358
-217.92,-2.34335,109.502
-217.745,-2.34643,108.658
-217.577,-2.34665,107.827
-217.404,-2.35051,107.033
-217.237,-2.34913,106.258
-217.074,-2.35213,105.517
-216.917,-2.35638,104.806
-216.769,-2.36026,104.116
-216.626,-2.36653,103.472
-216.494,-2.37068,102.847
-216.369,-2.37408,102.254
-216.252,-2.37806,101.689
-216.14,-2.38031,101.147
-216.028,-2.38246,100.643
-215.921,-2.38442,100.172
-215.825,-2.38763,99.7247
-215.74,-2.38809,99.2811
-215.659,-2.39044,98.8537
-215.572,-2.39334,98.4322
-215.474,-2.39592,98.0123
-215.378,-2.39738,97.5887
-215.294,-2.39705,97.1623
-215.216,-2.39802,96.7353
-215.134,-2.40375,96.3271
-215.047,-2.41248,95.9254
-214.956,-2.41892,95.5298
-214.863,-2.42094,95.1373
-214.777,-2.41871,94.7446
-214.69,-2.41462,94.3516
-214.587,-2.41618,93.9562
-214.476,-2.42736,93.5596
-214.368,-2.4383,93.1526
-214.263,-2.44437,92.7374
-214.152,-2.44392,92.3187
-214.029,-2.44295,91.8953
-213.897,-2.44387,91.4656
-213.758,-2.44905,91.0256
-213.618,-2.45673,90.5673
-213.478,-2.46389,90.0981
-213.331,-2.47092,89.6198
-213.176,-2.47622,89.1257
-213.01,-2.48452,88.6228
-212.835,-2.49233,88.11
-212.658,-2.49868,87.5792
-212.479,-2.50768,87.0357
-212.298,-2.51261,86.4711
-212.111,-2.51643,85.8872
-211.917,-2.52173,85.2847
-211.719,-2.52841,84.667
-211.521,-2.53327,84.0415
-211.322,-2.53436,83.4117
-211.129,-2.53395,82.7704
-210.944,-2.5347,82.1173
-210.77,-2.54099,81.4397
-210.598,-2.55081,80.7534
-210.438,-2.56111,80.0537
-210.287,-2.57589,79.3436
-210.15,-2.59189,78.6122
-210.025,-2.60117,77.8579
-209.913,-2.61064,77.0968
-209.815,-2.62578,76.3363
-209.735,-2.6423,75.5668
-209.667,-2.65339,74.7975
-209.609,-2.6643,74.0093
-209.557,-2.68143,73.2081
-209.505,-2.70487,72.4014
-209.45,-2.72547,71.5848
-209.389,-2.73969,70.7576
-209.315,-2.75485,69.9204
-209.237,-2.77029,69.0811
-209.149,-2.78114,68.234
-209.056,-2.79324,67.3711
-208.953,-2.80371,66.5036
-208.835,-2.8192,65.6291
-208.705,-2.8366,64.7496
-208.573,-2.85302,63.8519
-208.429,-2.86895,62.9321
-208.273,-2.88568,62.0216
-208.106,-2.89805,61.0998
-207.94,-2.90962,60.1777
-207.769,-2.92572,59.2524
-207.591,-2.93731,58.32
-207.413,-2.9495,57.403
-207.233,-2.96661,56.4797
-207.044,-2.978,55.5605
-206.861,-2.98973,54.6548
-206.676,-3.00642,53.7484
-206.492,-3.02066,52.8422
-206.317,-3.03516,51.9341
-206.142,-3.05329,51.0364
-205.969,-3.07141,50.1421
-205.798,-3.08572,49.2488
-205.623,-3.10078,48.3497
-205.441,-3.10782,47.4472
-205.264,-3.11143,46.5644
-205.095,-3.11513,45.6839
-204.938,-3.11628,44.8169
-204.783,-3.12228,43.9579
-204.624,-3.13313,43.105
-204.472,-3.1493,42.2494
-204.323,-3.16656,41.4189
-204.171,-3.18018,40.6003
-204.028,-3.19515,39.7962
-203.889,-3.21133,39.0169
-203.744,-3.22446,38.2557
-203.6,-3.23557,37.5137
-203.467,-3.24966,36.7977
-203.335,-3.2635,36.1143
-203.206,-3.27403,35.45
-203.081,-3.28639,34.8127
-202.959,-3.30218,34.1981
-202.841,-3.31747,33.6094
-202.724,-3.32872,33.0479
-202.609,-3.34158,32.5164
-202.496,-3.35177,32.0103
-202.386,-3.36062,31.5328
-202.282,-3.36939,31.0851
-202.182,-3.37592,30.6631
-202.08,-3.38326,30.2624
-201.976,-3.39295,29.8825
-201.874,-3.40247,29.5184
-201.773,-3.41022,29.1675
-201.671,-3.4179,28.8287
-201.564,-3.42434,28.4999
-201.455,-3.43331,28.1844
-201.348,-3.44264,27.8836
-201.24,-3.45016,27.5929
-201.13,-3.45555,27.3122
-201.019,-3.46102,27.0442
-200.905,-3.46443,26.7831
-200.789,-3.46823,26.5279
-200.666,-3.47269,26.2799
-200.535,-3.47975,26.0446
-200.394,-3.48606,25.8147
-200.248,-3.49279,25.5932
-200.101,-3.49994,25.378
-199.953,-3.50565,25.1715
-199.799,-3.5082,24.9733
-199.643,-3.50961,24.7822
-199.482,-3.5107,24.5949
-199.31,-3.51048,24.4099
-199.123,-3.51004,24.228
-198.921,-3.50933,24.0427
-198.703,-3.50994,23.8571
-198.472,-3.51039,23.6683
-198.222,-3.51128,23.4753
-197.952,-3.51029,23.2857
-197.668,-3.50837,23.0959
-197.359,-3.50315,22.9136
-197.031,-3.49585,22.7389
-196.677,-3.48584,22.5668
-196.299,-3.48318,22.4006
-195.911,-3.48333,22.2451
-195.505,-3.48038,22.0971
-195.077,-3.47612,21.9592
-194.625,-3.46875,21.8317
-194.146,-3.45918,21.7078
-193.647,-3.45036,21.5933
-193.124,-3.44245,21.4873
-192.578,-3.43414,21.3902
-192.011,-3.42375,21.2947
-191.417,-3.41006,21.1998
-190.809,-3.3958,21.1084
-190.187,-3.38509,21.0349
-189.544,-3.37437,20.9766
-188.898,-3.36132,20.9364
-188.251,-3.34635,20.9144
-187.594,-3.33139,20.9037
-186.949,-3.31249,20.9193
-186.329,-3.29578,20.9543
-185.369,-3.23423,20.931
-184.478,-3.22287,20.9491
-183.878,-3.19984,21.0388
-183.312,-3.18996,21.144
-182.739,-3.17975,21.2555
-182.168,-3.16988,21.3787
-181.595,-3.15798,21.5067
-181.028,-3.14801,21.6344
-180.46,-3.13819,21.762
-179.896,-3.12779,21.898
-179.338,-3.1165,22.0376
-178.784,-3.10613,22.1813
-178.218,-3.09615,22.3309
-177.644,-3.0843,22.4861
-177.06,-3.07357,22.6472
-176.461,-3.06238,22.8098
-175.844,-3.04993,22.9786
-175.216,-3.03705,23.1543
-174.578,-3.0263,23.3377
-173.929,-3.01543,23.5275
-173.27,-3.001,23.7225
-172.59,-2.98442,23.9247
-171.905,-2.97057,24.1318
-171.207,-2.95753,24.344
-170.495,-2.94483,24.5652
-169.772,-2.93458,24.7913
-169.03,-2.92377,25.0186
-168.274,-2.91065,25.249
-167.503,-2.90127,25.4813
-166.718,-2.89351,25.7234
-165.922,-2.88165,25.9676
-165.117,-2.86885,26.2191
-164.29,-2.85381,26.4825
-163.448,-2.83949,26.7512
-162.601,-2.82655,27.0291
-161.743,-2.80867,27.3145
-160.883,-2.79168,27.6027
-160.099,-2.79166,27.8983
-159.217,-2.77807,28.2095
-158.318,-2.7669,28.5334
-157.402,-2.75972,28.8613
-156.475,-2.75129,29.1885
-155.533,-2.74446,29.5206
-154.58,-2.73551,29.8535
-153.614,-2.72512,30.194
-152.643,-2.71533,30.5313
-151.662,-2.70535,30.8636
-150.677,-2.68866,31.1921
-149.683,-2.6737,31.5097
-148.69,-2.66115,31.8199
-147.679,-2.64948,32.1181
-146.664,-2.63861,32.4082
-145.639,-2.62123,32.6814
-144.622,-2.60664,32.935
-143.585,-2.59099,33.1833
-142.55,-2.57588,33.4177
-141.509,-2.56499,33.6319
-140.454,-2.55526,33.8457
-139.396,-2.54416,34.0538
-138.342,-2.53456,34.2535
-137.282,-2.52318,34.4583
-136.217,-2.51175,34.6659
-135.152,-2.50164,34.8762
-134.079,-2.48845,35.0906
-132.998,-2.47367,35.3084
-131.91,-2.45998,35.5308
-130.819,-2.4493,35.7593
-129.722,-2.4364,35.9982
-128.619,-2.42162,36.2433
-127.502,-2.40609,36.4963
-126.382,-2.38841,36.7541
-125.261,-2.36584,37.0053
-124.129,-2.34153,37.261
-122.996,-2.32085,37.5218
-121.855,-2.30153,37.7851
-120.713,-2.28542,38.0519
-119.562,-2.26727,38.3217
-118.392,-2.24852,38.5958
-117.217,-2.22862,38.8668
-116.037,-2.20712,39.1344
-114.85,-2.18612,39.4034
-113.663,-2.16912,39.6781
-112.473,-2.15641,39.9526
-111.271,-2.14423,40.2318
-110.07,-2.13588,40.5059
-108.851,-2.12037,40.7869
-107.636,-2.10116,41.0686
-106.423,-2.08546,41.356
-105.206,-2.07279,41.6485
-103.986,-2.06134,41.9457
-102.769,-2.05403,42.2391
-101.549,-2.04861,42.5315
-100.324,-2.03726,42.8215
-99.0869,-2.02701,43.1137
-97.844,-2.01386,43.4101
-96.6034,-1.9984,43.7138
-95.3697,-1.98835,44.0238
-94.1392,-1.9761,44.3322
-92.9158,-1.9647,44.6394
-91.6882,-1.95306,44.9482
-90.4577,-1.93806,45.2537
-89.2288,-1.9207,45.5613
-88.0031,-1.90259,45.8684
-86.783,-1.88317,46.185
-85.5658,-1.86408,46.5014
-84.347,-1.84541,46.8247
-83.1379,-1.82789,47.1438
-81.933,-1.80615,47.4595
-80.7181,-1.78335,47.7782
-79.5107,-1.75947,48.0962
-78.3055,-1.73744,48.4191
-77.1031,-1.7194,48.7439
-75.9088,-1.70192,49.0672
-74.706,-1.68271,49.3953
-73.5018,-1.66179,49.7164
-72.3032,-1.63729,50.0307
-71.121,-1.61574,50.3456
-69.939,-1.59698,50.6654
-68.756,-1.57986,50.987
-67.5678,-1.56246,51.3129
-66.3889,-1.54966,51.6352
-65.2032,-1.53084,51.9568
-64.022,-1.51155,52.2769
-62.8497,-1.4962,52.601
-61.6894,-1.47892,52.9215
-60.5239,-1.46625,53.2453
-59.3584,-1.4559,53.5693
-58.1928,-1.44761,53.8902
-57.0458,-1.43629,54.2061
-55.894,-1.42446,54.5235
-54.749,-1.41072,54.8397
-53.6108,-1.39893,55.1574
-52.4752,-1.38901,55.4779
-51.349,-1.37888,55.7993
-50.2271,-1.3701,56.1198
-49.1136,-1.35665,56.4361
-48.0025,-1.34445,56.7507
-46.8927,-1.33061,57.0667
-45.7952,-1.31705,57.3827
-44.7007,-1.30463,57.6963
-43.6138,-1.29219,58.0093
-42.5347,-1.28168,58.3191
-41.4716,-1.27161,58.6267
-40.4212,-1.26497,58.9281
-39.3872,-1.25706,59.227
-38.3704,-1.24862,59.5218
-37.3757,-1.24027,59.8109
-36.3994,-1.23085,60.0949
-35.4452,-1.22205,60.3762
-34.5019,-1.21152,60.6504
-33.5721,-1.19912,60.9201
-32.6571,-1.18583,61.186
-31.7588,-1.17287,61.4442
-30.8825,-1.16198,61.7015
-30.0142,-1.15124,61.9524
-29.1531,-1.14093,62.1927
-28.3016,-1.13656,62.4309
-27.4661,-1.13172,62.6627
-26.6479,-1.12141,62.8766
-25.8437,-1.10822,63.0835
-25.07,-1.09938,63.2877
-24.314,-1.09105,63.4854
-23.5757,-1.0764,63.676
-22.8588,-1.06091,63.8584
-22.1617,-1.04997,64.0258
-21.4899,-1.03911,64.1853
-20.8369,-1.02574,64.3368
-20.2001,-1.01319,64.4837
-19.5769,-1.0078,64.629
-18.9761,-1.00356,64.7685
-18.3979,-0.995746,64.9009
-17.8441,-0.988562,65.0276
-17.3174,-0.985443,65.1551
-16.8058,-0.984146,65.2737
-16.3131,-0.980472,65.3872
-15.8398,-0.97463,65.4981
-15.3884,-0.971779,65.6065
-14.9591,-0.970786,65.7116
-14.5492,-0.968172,65.8188
-14.165,-0.96558,65.9233
-13.7985,-0.962569,66.0285
-13.4545,-0.961147,66.1331
-13.133,-0.962099,66.2302
-12.8236,-0.962378,66.3342
-12.5297,-0.961766,66.4457
-12.2443,-0.961316,66.5591
-11.9702,-0.962345,66.6812
-11.7106,-0.963818,66.816
-11.4628,-0.96583,66.9601
-11.2232,-0.967494,67.1141
-10.9916,-0.967891,67.2796
-10.7717,-0.975465,67.4493
-10.562,-0.976497,67.6233
-10.3546,-0.975417,67.8079
-10.1451,-0.970065,68.0113
-9.936,-0.96887,68.2248
-9.72347,-0.966275,68.4549
-9.50501,-0.964187,68.7057
-9.29279,-0.968319,68.9678
-9.08278,-0.968501,69.258
-8.88078,-0.964278,69.5746
-8.68421,-0.953613,69.9121
-8.49378,-0.941517,70.2769
-8.31722,-0.93304,70.6616
-8.16438,-0.929499,71.0678
-7.99938,-0.924346,71.5124
-7.87162,-0.916227,71.968
-7.75649,-0.9073,72.4532
-7.64477,-0.895889,72.9652
-7.52593,-0.883151,73.5135
-7.42864,-0.875967,74.083
-7.33606,-0.870536,74.6925
-7.25744,-0.864752,75.3377
-7.21043,-0.861653,76.001
-7.18254,-0.857871,76.6929
-7.18006,-0.860756,77.3968
-7.18321,-0.850315,78.127
-7.23156,-0.842596,78.8684
-7.27916,-0.842185,79.6599
-7.34649,-0.843684,80.4692
-7.44631,-0.841478,81.2926
-7.5766,-0.839684,82.1437
-7.73545,-0.837152,83.0035
-7.92769,-0.835368,83.8772
-8.14704,-0.835436,84.7799
-8.38144,-0.831877,85.6979
-8.63343,-0.828059,86.6452
-8.89944,-0.831277,87.6063
-9.19259,-0.833661,88.5942
-9.49552,-0.840294,89.6015
-9.80828,-0.844532,90.6249
-10.1269,-0.843478,91.6482
-10.4445,-0.846872,92.6819
-10.7698,-0.853902,93.7163
-11.0882,-0.854188,94.7318
-11.4081,-0.860157,95.7769
-11.727,-0.866742,96.8
-12.0509,-0.875895,97.8298
-12.368,-0.881821,98.8574
-12.6881,-0.884241,99.8796
-13.0132,-0.889046,100.91
-13.3335,-0.895807,101.935
-13.6508,-0.904904,102.948
-13.965,-0.912441,103.965
-14.2752,-0.923341,104.979
-14.5808,-0.932378,105.997
-14.887,-0.939377,107.012
-15.1926,-0.945362,108.022
-15.4963,-0.9505,109.029
-15.7978,-0.955611,110.033
-16.0956,-0.963583,111.024
-16.3914,-0.971305,112.018
-16.6873,-0.980575,112.992
-16.9741,-0.984563,113.955
-17.2562,-0.985943,114.901
-17.5366,-0.99122,115.839
-17.8118,-0.99642,116.76
-18.0797,-1.00041,117.661
-18.3377,-1.0068,118.557
-18.5945,-1.01295,119.433
-18.8481,-1.02017,120.293
-19.0943,-1.02535,121.137
-19.3373,-1.03102,121.967
-19.5702,-1.03416,122.768
-19.7882,-1.03383,123.547
-20.001,-1.03458,124.295
-20.2081,-1.0387,125.019
-20.4067,-1.04334,125.719
-20.5991,-1.04808,126.396
-20.7788,-1.05286,127.053
-20.9384,-1.05906,127.685
-21.0819,-1.06268,128.298
-21.2009,-1.06748,128.874
-21.2971,-1.07002,129.429
-21.3666,-1.07324,129.952
-21.4113,-1.07588,130.458
-21.4271,-1.07593,130.946
-21.4155,-1.07405,131.417
-21.3824,-1.07199,131.865
-21.3348,-1.07138,132.288
-21.2736,-1.07226,132.694
-21.1973,-1.07444,133.081
-21.0982,-1.07515,133.453
-20.9839,-1.07583,133.807
-20.8579,-1.07652,134.14
-20.7259,-1.07689,134.452
-20.5862,-1.07556,134.744
-20.4386,-1.07685,135.01
-20.2813,-1.07814,135.252
-20.1251,-1.08255,135.466
-19.971,-1.08634,135.66
-19.8273,-1.08929,135.833
-19.6983,-1.09183,135.99
-19.5805,-1.09276,136.134
-19.4671,-1.09414,136.268
-19.3465,-1.09456,136.398
-19.2218,-1.09565,136.524
-19.0925,-1.0962,136.651
-18.9594,-1.09643,136.774
-18.8199,-1.09801,136.887
-18.6744,-1.09954,136.989
-18.5254,-1.10093,137.087
-18.3735,-1.10146,137.184
-18.2163,-1.09946,137.282
-18.0602,-1.09839,137.378
-17.9032,-1.09872,137.469
-17.7461,-1.09951,137.553
-17.5863,-1.09946,137.638
-17.4236,-1.09794,137.729
-17.2584,-1.09382,137.822
-17.0903,-1.09141,137.91
-16.9162,-1.0922,137.985
-16.7376,-1.09245,138.055
-16.5612,-1.09083,138.125
-16.3846,-1.09075,138.201
-16.2096,-1.09111,138.28
-16.0358,-1.09005,138.36
-15.8602,-1.08709,138.433
-15.6802,-1.08023,138.493
-15.4983,-1.07374,138.546
-15.3151,-1.07211,138.606
-15.1318,-1.07291,138.678
-14.947,-1.0735,138.75
-14.7597,-1.07102,138.815
-14.568,-1.06813,138.877
-14.3668,-1.06607,138.938
-14.1526,-1.06375,139.005
-13.9261,-1.06218,139.084
-13.6821,-1.05857,139.176
-13.4194,-1.05345,139.27
-13.1384,-1.05032,139.368
-12.8456,-1.04882,139.467
-12.5454,-1.04737,139.573
-12.2384,-1.04406,139.684
-11.9248,-1.03861,139.799
-11.6032,-1.0341,139.91
-11.2753,-1.03286,140.019
-10.941,-1.02991,140.133
-10.6,-1.02209,140.247
-10.2525,-1.01556,140.362
-9.89644,-1.01168,140.479
-9.53359,-1.00595,140.591
-9.1669,-0.996002,140.701
-8.79526,-0.98894,140.81
-8.42399,-0.982647,140.923
-8.05287,-0.974979,141.039
-7.67566,-0.966303,141.153
-7.29559,-0.958335,141.256
-6.91302,-0.95036,141.351
-6.52707,-0.942207,141.439
-6.13164,-0.933267,141.528
-5.72616,-0.924695,141.619
-5.3101,-0.914916,141.719
-4.88459,-0.907979,141.819
-4.45085,-0.90306,141.917
-4.00224,-0.896636,142.013
-3.54139,-0.889034,142.109
-3.07321,-0.877834,142.204
-2.59671,-0.866249,142.311
-2.11317,-0.857061,142.432
-1.62034,-0.847323,142.57
-1.12005,-0.837152,142.726
-0.6097,-0.824514,142.898
-0.0865175,-0.81116,143.083
0.446793,-0.799472,143.287
0.988579,-0.789519,143.506
1.53698,-0.779533,143.729
2.10169,-0.765926,143.95
2.68206,-0.749283,144.172
3.27928,-0.735574,144.393
3.89913,-0.72364,144.62
4.53475,-0.712933,144.839
5.18288,-0.70046,145.054
5.83748,-0.684886,145.263
6.49736,-0.669594,145.471
7.16404,-0.651593,145.675
7.84374,-0.632672,145.877
8.53242,-0.617822,146.079
9.22573,-0.605564,146.284
9.92579,-0.594786,146.489
10.6268,-0.580838,146.688
11.3286,-0.566686,146.887
12.0323,-0.550334,147.085
12.7403,-0.533791,147.283
13.4469,-0.519182,147.476
14.1457,-0.504861,147.669
14.8425,-0.490553,147.861
15.5398,-0.472656,148.055
16.2386,-0.459643,148.249
16.938,-0.452388,148.444
17.636,-0.44348,148.642
18.3315,-0.431569,148.838
19.0213,-0.418047,149.039
19.7149,-0.406086,149.235
20.4069,-0.394484,149.431
21.0915,-0.380648,149.629
21.7754,-0.365512,149.834
22.4537,-0.352072,150.033
23.1295,-0.340624,150.227
23.8024,-0.329387,150.429
24.4753,-0.317635,150.64
25.146,-0.309747,150.846
25.8146,-0.306104,151.047
26.4804,-0.300551,151.248
27.1442,-0.295695,151.457
27.8137,-0.292997,151.661
28.4817,-0.290103,151.857
29.1543,-0.288228,152.054
29.8234,-0.28569,152.251
30.4916,-0.282213,152.453
31.1547,-0.280908,152.651
31.8154,-0.278834,152.844
32.4773,-0.274132,153.034
33.1435,-0.268172,153.229
33.8084,-0.266555,153.425
34.475,-0.265492,153.621
35.1398,-0.25978,153.815
35.8014,-0.254051,154.018
36.4596,-0.251041,154.223
37.1205,-0.24788,154.42
37.7829,-0.24443,154.613
38.4391,-0.237558,154.813
39.0937,-0.232971,155.015
39.756,-0.228072,155.203
40.4158,-0.226338,155.39
41.0694,-0.222327,155.581
41.7219,-0.215376,155.783
42.3795,-0.208698,155.983
43.0396,-0.20653,156.174
43.6972,-0.204417,156.359
44.3473,-0.201661,156.55
44.9979,-0.199446,156.745
45.6504,-0.199423,156.944
46.3121,-0.196313,157.141
46.9776,-0.19486,157.338
47.6359,-0.195658,157.532
48.2903,-0.194005,157.73
48.9387,-0.189868,157.93
49.5903,-0.184935,158.124
50.2467,-0.181902,158.313
50.9032,-0.178111,158.503
51.5627,-0.171239,158.703
52.2177,-0.168588,158.901
52.8753,-0.168034,159.089
53.5311,-0.162576,159.279
54.1826,-0.151518,159.476
54.8443,-0.142732,159.666
55.5097,-0.141631,159.852
56.1654,-0.139387,160.043
56.8188,-0.132648,160.238
57.4751,-0.125987,160.42
58.1342,-0.12161,160.602
58.7909,-0.123822,160.794
59.445,-0.123284,160.987
60.101,-0.121442,161.177
60.7622,-0.119622,161.369
61.428,-0.116421,161.566
62.094,-0.119169,161.763
62.7543,-0.120287,161.954
63.4093,-0.115124,162.146
64.0662,-0.105801,162.339
64.7271,-0.0992434,162.535
65.3932,-0.096053,162.732
66.064,-0.0919909,162.92
66.7221,-0.0893264,163.109
67.3696,-0.0907496,163.307
68.0177,-0.0885848,163.506
68.6753,-0.0797859,163.694
69.3393,-0.0793782,163.882
70.0001,-0.087345,164.083
70.6501,-0.0934717,164.284
71.2937,-0.0961033,164.475
71.9354,-0.0982214,164.657
72.5791,-0.10139,164.841
73.225,-0.104769,165.037
73.8697,-0.1109,165.234
74.5093,-0.115698,165.429
75.1447,-0.119719,165.615
75.7725,-0.119197,165.798
76.3957,-0.117526,165.98
77.0156,-0.115735,166.159
77.6228,-0.117087,166.338
78.2195,-0.119555,166.516
78.7974,-0.121507,166.686
79.3624,-0.122917,166.841
79.9118,-0.121425,166.984
80.4401,-0.125387,167.137
80.9483,-0.128421,167.295
81.4346,-0.130247,167.443
81.904,-0.132477,167.575
82.349,-0.136932,167.695
82.7744,-0.140315,167.816
83.1817,-0.142157,167.938
83.5754,-0.140866,168.057
83.956,-0.13951,168.169
84.3224,-0.141416,168.268
84.6693,-0.144685,168.36
84.9946,-0.146194,168.456
85.2993,-0.147497,168.55
85.5847,-0.148805,168.638
85.8493,-0.150105,168.721
86.0917,-0.150189,168.8
86.3148,-0.14954,168.871
86.5133,-0.15044,168.936
86.6953,-0.152356,168.998
86.864,-0.157147,169.061
87.0234,-0.160942,169.127
87.18,-0.162394,169.201
87.3384,-0.16338,169.28
87.4959,-0.16362,169.366
87.6479,-0.163771,169.459
87.7897,-0.165158,169.56
87.9201,-0.167236,169.668
88.0456,-0.168322,169.785
88.1666,-0.169518,169.908
88.2827,-0.169419,170.036
88.3954,-0.16818,170.168
88.5091,-0.167316,170.301
88.6237,-0.16665,170.442
88.7388,-0.166261,170.597
88.8502,-0.166715,170.763
88.9585,-0.167869,170.941
89.0663,-0.165867,171.125
89.1666,-0.162503,171.315
89.2599,-0.160202,171.513
89.3503,-0.1561,171.728
89.4324,-0.151895,171.955
89.5127,-0.151048,172.196
89.5919,-0.148002,172.447
89.6665,-0.143053,172.704
89.7376,-0.14165,172.972
89.7991,-0.14048,173.249
89.8517,-0.136766,173.538
89.8983,-0.132058,173.835
89.9384,-0.130136,174.142
89.9696,-0.129685,174.457
89.995,-0.132243,174.78
90.0093,-0.133152,175.113
90.0017,-0.133199,175.456
89.9754,-0.135796,175.809
89.938,-0.140884,176.169
89.8895,-0.14639,176.538
89.8276,-0.152377,176.918
89.7435,-0.155183,177.31
89.6531,-0.163345,177.721
89.5607,-0.175698,178.157
89.459,-0.19032,178.611
89.3557,-0.204687,179.089
89.2495,-0.220709,179.584
89.1317,-0.238837,180.094
89.0037,-0.254039,180.625
88.8643,-0.271224,181.174
88.7173,-0.287344,181.749
88.5659,-0.308852,182.343
88.4074,-0.330979,182.959
88.2447,-0.354923,183.596
88.0744,-0.373621,184.255
87.9018,-0.397717,184.933
87.7257,-0.423394,185.63
87.5368,-0.446944,186.35
87.3436,-0.471069,187.086
87.1462,-0.49737,187.838
86.9354,-0.523381,188.611
86.7177,-0.543158,189.397
86.4946,-0.565834,190.198
86.2647,-0.595159,191.022
86.0279,-0.619275,191.853
85.7855,-0.641837,192.691
85.5435,-0.667474,193.532
85.2939,-0.696773,194.38
85.0361,-0.724316,195.234
84.7669,-0.750648,196.099
84.4913,-0.778162,196.974
84.2092,-0.808137,197.855
83.928,-0.835604,198.736
83.6455,-0.86213,199.616
83.3606,-0.885188,200.498
83.0745,-0.908662,201.379
82.7894,-0.93068,202.256
82.504,-0.948451,203.13
82.2195,-0.968746,204.006
81.9403,-0.990137,204.875
81.6636,-1.01227,205.743
81.3928,-1.03445,206.611
81.1243,-1.05768,207.479
80.8612,-1.0815,208.343
80.603,-1.10652,209.203
80.349,-1.13013,210.063
80.0972,-1.15471,210.917
79.8475,-1.17777,211.777
79.6013,-1.1993,212.631
79.3535,-1.21995,213.484
79.1072,-1.23715,214.331
78.8633,-1.25409,215.17
78.6229,-1.2697,215.992
78.3905,-1.28077,216.793
78.1624,-1.29203,217.581
77.9441,-1.30842,218.344
77.7299,-1.32412,219.085
77.5224,-1.33822,219.804
77.3237,-1.3566,220.503
77.1281,-1.37764,221.18
76.937,-1.39671,221.832
76.7535,-1.41759,222.457
76.5803,-1.43868,223.057
76.4132,-1.45841,223.635
76.2548,-1.47767,224.189
76.1021,-1.49671,224.723
75.9555,-1.51423,225.239
75.8163,-1.53009,225.735
75.6834,-1.54638,226.209
75.5561,-1.56327,226.663
75.4359,-1.5794,227.098
75.3234,-1.59515,227.509
75.2173,-1.60919,227.897
75.1222,-1.62115,228.263
75.0399,-1.6324,228.608
74.9657,-1.64457,228.934
74.9004,-1.65539,229.241
74.8387,-1.6648,229.533
74.7825,-1.67483,229.807
74.7324,-1.68588,230.068
74.6866,-1.69645,230.325
74.6402,-1.70671,230.582
74.5932,-1.71605,230.837
74.5473,-1.72519,231.09
74.5059,-1.73451,231.342
74.4649,-1.74484,231.591
74.4219,-1.75459,231.838
74.378,-1.76309,232.084
74.3354,-1.77199,232.33
74.2914,-1.78053,232.576
74.245,-1.78907,232.826
74.1999,-1.79739,233.084
74.1531,-1.80509,233.363
74.1026,-1.81529,233.66
74.0395,-1.82852,233.974
73.9685,-1.84296,234.3
73.8903,-1.85617,234.642
73.8114,-1.8699,234.999
73.7293,-1.88127,235.369
73.6397,-1.88964,235.752
73.5505,-1.89855,236.149
73.4647,-1.91038,236.558
73.3716,-1.92615,236.978
73.2635,-1.94063,237.414
73.1488,-1.95401,237.864
73.0253,-1.96298,238.333
72.9007,-1.97205,238.817
72.7811,-1.98599,239.321
72.6571,-2.00189,239.846
72.5198,-2.01429,240.387
72.3775,-2.02559,240.943
72.2287,-2.0395,241.517
72.075,-2.05506,242.108
71.9147,-2.07095,242.715
71.7524,-2.08523,243.34
71.5832,-2.09919,243.985
71.4085,-2.11495,244.647
71.227,-2.13275,245.324
71.0388,-2.1501,246.02
70.8437,-2.16607,246.73
70.6448,-2.18233,247.456
70.4365,-2.20016,248.2
70.2233,-2.21704,248.959
70.0081,-2.23436,249.731
69.785,-2.25229,250.517
69.5592,-2.27033,251.318
69.3287,-2.29119,252.133
69.0953,-2.31212,252.961
68.8571,-2.33259,253.797
68.6164,-2.35133,254.642
68.3739,-2.37087,255.497
68.1309,-2.39085,256.364
67.8879,-2.41202,257.242
67.6435,-2.43241,258.132
67.4021,-2.45407,259.028
67.1623,-2.48046,259.931
66.9209,-2.50409,260.824
66.6788,-2.52948,261.712
66.4369,-2.55826,262.598
66.1944,-2.58614,263.485
65.947,-2.61485,264.373
65.7042,-2.64318,265.253
65.4622,-2.669,266.131
65.2206,-2.69465,267.01
64.9814,-2.72307,267.883
64.7428,-2.75139,268.75
64.5,-2.77949,269.613
64.2552,-2.80929,270.47
64.0072,-2.83811,271.31
63.7582,-2.86526,272.132
63.5085,-2.89079,272.939
63.2596,-2.91393,273.735
63.0167,-2.93752,274.512
62.7777,-2.96036,275.273
62.5464,-2.97855,276.017
62.3195,-2.99739,276.745
62.0956,-3.01798,277.453
61.8809,-3.03836,278.141
61.6721,-3.05418,278.812
61.4751,-3.06781,279.465
61.2854,-3.0834,280.097
61.1035,-3.09976,280.711
60.929,-3.11584,281.313
60.7538,-3.13052,281.909
60.5875,-3.14417,282.497
60.424,-3.15806,283.082
60.2659,-3.17593,283.665
60.1124,-3.19278,284.25
59.964,-3.21003,284.83
59.8177,-3.22655,285.409
59.6715,-3.24263,285.985
59.5324,-3.25837,286.555
59.3987,-3.27533,287.116
59.267,-3.29273,287.673
59.1356,-3.30884,288.221
59.0047,-3.3248,288.756
58.879,-3.34165,289.283
58.7561,-3.35838,289.8
58.6346,-3.3739,290.301
58.5125,-3.39059,290.788
58.3893,-3.40727,291.263
58.2661,-3.42388,291.727
58.1453,-3.44063,292.186
58.028,-3.45623,292.641
57.9097,-3.47298,293.095
57.7863,-3.49038,293.545
57.6603,-3.50722,293.99
57.5336,-3.52216,294.434
57.4059,-3.53783,294.87
57.2812,-3.55419,295.299
57.1649,-3.56958,295.723
57.0481,-3.58419,296.146
56.9327,-3.59844,296.564
56.8192,-3.61281,296.981
56.707,-3.62707,297.394
56.5929,-3.6402,297.811
56.4778,-3.65337,298.237
56.3617,-3.67134,298.672
56.2495,-3.68668,299.118
56.14,-3.70039,299.567
56.0186,-3.71479,300.017
55.9036,-3.72806,300.463
55.7721,-3.74289,300.933
55.686,-3.76095,301.378
55.6185,-3.77618,301.814
55.5427,-3.79208,302.255
55.4335,-3.81389,302.719
55.326,-3.83506,303.187
55.1734,-3.84925,303.706
55.0153,-3.86318,304.241
54.8527,-3.87633,304.786
54.6823,-3.8886,305.341
54.4992,-3.90248,305.902
54.3012,-3.92178,306.469
54.091,-3.94238,307.043
53.8718,-3.95978,307.62
53.639,-3.97913,308.205
53.3873,-4.00081,308.799
53.1168,-4.02601,309.397
52.836,-4.05269,310.001
52.5493,-4.07883,310.614
52.2615,-4.10306,311.232
51.97,-4.12715,311.857
51.6765,-4.15292,312.488
51.3852,-4.17845,313.13
51.0957,-4.20315,313.784
50.8081,-4.22832,314.454
50.5227,-4.25213,315.134
50.243,-4.27602,315.821
49.9703,-4.29885,316.523
49.7015,-4.32265,317.241
49.438,-4.34693,317.973
49.1793,-4.37296,318.717
48.9254,-4.39866,319.471
48.6747,-4.42244,320.238
48.4308,-4.44686,321.014
48.1855,-4.47389,321.8
47.941,-4.50048,322.597
47.6966,-4.52732,323.405
47.4528,-4.55477,324.222
47.2024,-4.58468,325.054
46.9486,-4.61502,325.894
46.6936,-4.64229,326.74
46.436,-4.66742,327.59
46.1764,-4.69078,328.438
45.9149,-4.71076,329.287
45.6548,-4.72826,330.134
45.3955,-4.7439,330.977
45.1359,-4.76049,331.815
44.8731,-4.77806,332.656
44.609,-4.79666,333.5
44.3456,-4.8156,334.338
44.0815,-4.83345,335.173
43.8188,-4.85178,336.003
43.5584,-4.87433,336.829
43.2923,-4.89285,337.658
43.0277,-4.90969,338.482
42.7706,-4.92997,339.303
42.5138,-4.94518,340.117
42.2585,-4.95818,340.917
42.0122,-4.97443,341.713
41.7696,-4.99449,342.5
41.5303,-5.0134,343.27
41.299,-5.03091,344.023
41.0756,-5.04868,344.756
40.8596,-5.06682,345.479
40.6498,-5.08456,346.178
40.4498,-5.10065,346.858
40.2515,-5.11681,347.523
40.0598,-5.13412,348.169
39.8715,-5.15195,348.798
39.6888,-5.16874,349.41
39.5138,-5.1865,350.005
39.3442,-5.20557,350.587
39.1783,-5.22631,351.161
39.0118,-5.24489,351.725
38.8517,-5.26533,352.283
38.698,-5.28787,352.833
38.5534,-5.30976,353.376
38.4094,-5.33135,353.906
38.2667,-5.35418,354.42
38.1278,-5.37615,354.916
37.9997,-5.39669,355.401
37.889,-5.41388,355.872
37.7901,-5.43193,356.325
37.6941,-5.45154,356.762
37.6044,-5.47084,357.189
37.5271,-5.48885,357.604
37.4659,-5.50595,358.008
37.4173,-5.5238,358.4
37.3783,-5.5407,358.778
37.3536,-5.55642,359.142
37.3384,-5.57099,359.494
37.3371,-5.58502,359.836
37.3441,-5.59851,360.163
37.3638,-5.61208,360.483
37.3878,-5.6249,360.793
37.4191,-5.63858,361.095
37.4492,-5.65166,361.385
37.4862,-5.65886,361.678
37.5256,-5.6652,361.964
37.5816,-5.67104,362.247
37.6497,-5.67726,362.528
37.7262,-5.6845,362.801
37.8114,-5.69316,363.068
37.9021,-5.70109,363.329
38.0018,-5.70575,363.591
38.1059,-5.71236,363.858
38.2153,-5.71909,364.132
38.3364,-5.72484,364.414
38.4677,-5.73155,364.701
38.6103,-5.73411,364.997
