-0,-0,-0
-0.00339476,-0.00148119,0.961672
0.000866594,0.000139275,1.91972
0.00540493,9.59427e-05,2.87602
0.00957205,-0.000959859,3.83087
0.0156438,0.00293849,4.77481
0.0187049,0.00684801,5.71193
0.0181998,0.00887538,6.64399
0.013273,0.00970045,7.575
0.00767748,0.0103897,8.50449
0.000449673,0.0112149,9.432
-0.00436024,0.0138248,10.3574
-0.00884423,0.0182368,11.2791
-0.0161189,0.0220221,12.1925
-0.0274955,0.0255444,13.1003
-0.0403826,0.0294899,14.0057
-0.0543014,0.0324306,14.9088
-0.0720002,0.0329511,15.8096
-0.0928026,0.0316646,16.7105
-0.115133,0.0315311,17.6066
-0.13659,0.0311699,18.4995
-0.159791,0.0304108,19.3849
-0.185116,0.0300371,20.2689
-0.208149,0.0297332,21.147
-0.232584,0.0301458,22.0179
-0.260486,0.0304909,22.8807
-0.287578,0.0318315,23.7403
-0.314307,0.0337579,24.5883
-0.341102,0.0363102,25.4259
-0.371091,0.0396911,26.2512
-0.403278,0.0435719,27.0677
-0.432951,0.0470851,27.8694
-0.465201,0.0487995,28.6601
-0.497036,0.0480246,29.4443
-0.52912,0.04692,30.2209
-0.563052,0.0484783,30.9885
-0.598709,0.0519631,31.7488
-0.633171,0.0540391,32.5001
-0.669029,0.0559613,33.2447
-0.707034,0.0584618,33.9745
-0.74643,0.0613489,34.6909
-0.787722,0.0644118,35.3996
-0.82935,0.0677216,36.0974
-0.870271,0.0715477,36.7877
-0.912418,0.0729436,37.4671
-0.954688,0.0739933,38.1314
-0.99121,0.0780512,38.7838
-1.02491,0.08237,39.4282
-1.05729,0.0854187,40.0691
-1.09081,0.085643,40.7033
-1.12087,0.085639,41.3285
-1.14839,0.0884466,41.9337
-1.17074,0.0937224,42.5207
-1.18807,0.0992989,43.0938
-1.20408,0.102517,43.6465
-1.21483,0.104641,44.1781
-1.22148,0.105309,44.6887
-1.22467,0.108209,45.1759
-1.22494,0.111167,45.6406
-1.21784,0.112986,46.0815
-1.20537,0.115212,46.5052
-1.18752,0.1178,46.9058
-1.17247,0.121344,47.2765
-1.15658,0.12632,47.6271
-1.13088,0.132165,47.9602
-1.10744,0.136514,48.2674
-1.06868,0.138539,48.5517
-1.05259,0.136589,48.8206
-1.67573,0.173037,49.8351
-2.18034,0.291273,50.7756
-2.14012,0.289672,51.0456
-2.0952,0.286217,51.32
-2.04138,0.283119,51.5798
-1.98311,0.283441,51.8471
-1.91107,0.283812,52.1031
-1.84091,0.285412,52.3695
-1.7649,0.285833,52.6309
-1.67731,0.284616,52.8859
-1.57796,0.280086,53.1349
-1.47304,0.27242,53.3769
-1.35671,0.264454,53.6183
-1.23299,0.254641,53.8564
-1.09166,0.243564,54.0802
-0.942195,0.232066,54.2986
-0.779993,0.22271,54.5166
-0.605154,0.214725,54.7353
-0.417127,0.204465,54.9548
-0.213085,0.193301,55.1783
0.00657352,0.179813,55.406
0.247729,0.164303,55.6345
0.514013,0.148329,55.862
0.80598,0.127961,56.0828
1.12219,0.10893,56.2998
1.46462,0.0916559,56.5124
1.82829,0.0711528,56.7113
2.22032,0.0484795,56.9002
2.63225,0.0252091,57.0743
3.06748,0.00237015,57.2345
3.5187,-0.0177137,57.3805
3.98463,-0.0383954,57.4985
4.47505,-0.0664344,57.5823
4.9843,-0.0944736,57.6424
5.50434,-0.119553,57.6912
6.03606,-0.142027,57.7343
6.58075,-0.17402,57.7552
7.13648,-0.210189,57.7636
7.70691,-0.242296,57.7636
8.28799,-0.267521,57.7548
8.87508,-0.296757,57.7429
9.47092,-0.329424,57.7265
10.0751,-0.363933,57.707
10.6915,-0.396807,57.6743
11.3191,-0.429276,57.6374
11.9571,-0.463697,57.6044
12.6133,-0.498042,57.5754
13.2875,-0.532405,57.5435
13.9708,-0.565579,57.5039
14.663,-0.599161,57.4597
15.3577,-0.632655,57.4136
16.0549,-0.666088,57.3748
16.7693,-0.698358,57.3362
17.4944,-0.731571,57.2977
18.2313,-0.77072,57.2646
18.9824,-0.813301,57.2244
19.7205,-0.85401,57.1971
20.4409,-0.894315,57.1641
21.1747,-0.933694,57.1328
21.9098,-0.97243,57.12
22.6592,-1.01516,57.1072
23.3992,-1.06236,57.0819
24.1387,-1.10496,57.0566
24.8777,-1.14599,57.0406
25.6112,-1.186,57.033
26.3675,-1.23372,57.0236
27.114,-1.28044,57.0129
27.8545,-1.32626,57.0015
28.5986,-1.37151,56.9978
29.3449,-1.41437,57.0017
30.097,-1.45732,57.0027
30.8479,-1.50276,57.003
31.5979,-1.54302,57.0142
32.3526,-1.58551,57.0303
33.1109,-1.62889,57.0426
33.871,-1.67149,57.0615
34.6309,-1.71476,57.0852
35.3939,-1.7599,57.1114
36.1591,-1.80521,57.138
36.9219,-1.85132,57.1688
37.6901,-1.89971,57.1984
38.4647,-1.94597,57.2404
39.241,-1.99461,57.2839
40.018,-2.0466,57.3228
40.8048,-2.10045,57.3668
41.6003,-2.15063,57.4246
42.3969,-2.20153,57.4769
43.1908,-2.25775,57.5267
43.9849,-2.31396,57.5913
44.7768,-2.3714,57.6614
45.575,-2.43082,57.7345
46.3734,-2.49412,57.8174
47.1842,-2.5616,57.9076
47.9923,-2.62833,57.9987
48.8009,-2.69181,58.0948
49.6154,-2.75191,58.2015
50.4335,-2.81016,58.3173
51.2438,-2.871,58.4359
52.0433,-2.92649,58.5551
52.8335,-2.9811,58.6781
53.6165,-3.03745,58.8051
54.3981,-3.10018,58.9391
55.1693,-3.16351,59.0747
55.9351,-3.22486,59.2037
56.6967,-3.28314,59.3391
57.4478,-3.34195,59.4808
58.1903,-3.3957,59.6271
58.9182,-3.44604,59.768
59.635,-3.49391,59.9097
60.3362,-3.54366,60.0547
61.0312,-3.59612,60.1962
61.7162,-3.64728,60.3355
62.3969,-3.69875,60.4724
63.0679,-3.75185,60.6139
63.736,-3.80642,60.7502
64.3913,-3.86002,60.8831
65.0372,-3.90875,61.0133
65.6747,-3.95811,61.1425
66.2964,-4.00598,61.2692
66.9075,-4.05425,61.3925
67.5095,-4.103,61.5072
68.1078,-4.14822,61.6168
68.702,-4.1907,61.7291
69.2895,-4.23674,61.8405
69.8715,-4.28571,61.9506
70.4417,-4.33258,62.0536
70.9976,-4.37352,62.1494
71.5482,-4.41238,62.2424
72.0933,-4.45262,62.3386
72.6367,-4.49528,62.4357
73.1839,-4.53977,62.5286
73.7369,-4.57968,62.6167
74.2916,-4.61557,62.7044
74.8403,-4.65628,62.8003
75.3945,-4.69886,62.9081
75.948,-4.74071,63.0182
76.5132,-4.78,63.13
77.0758,-4.81879,63.25
77.6444,-4.85968,63.3746
78.2194,-4.90461,63.5113
78.8029,-4.94682,63.6562
79.3878,-4.98735,63.8121
79.9831,-5.02776,63.9766
80.5859,-5.07243,64.1494
81.2008,-5.11997,64.3298
81.8226,-5.16734,64.521
82.4515,-5.21426,64.7216
83.0947,-5.25969,64.9373
83.7515,-5.30787,65.1591
84.4161,-5.35567,65.3848
85.0876,-5.4041,65.6243
85.7721,-5.44724,65.8808
86.4683,-5.48672,66.1403
87.1737,-5.52456,66.4065
87.897,-5.56392,66.6805
88.6198,-5.60543,66.9657
89.3347,-5.65078,67.2595
90.0528,-5.6916,67.5605
90.7588,-5.73371,67.8582
91.4704,-5.78234,68.173
92.1652,-5.83614,68.4943
92.8533,-5.89318,68.8189
93.538,-5.94907,69.1349
94.2127,-6.00445,69.4532
94.8757,-6.0627,69.7708
95.5385,-6.12084,70.0888
96.1981,-6.17505,70.4054
96.8405,-6.23116,70.7167
97.478,-6.28686,71.0375
98.1028,-6.33993,71.35
98.7168,-6.39025,71.6555
99.3273,-6.43899,71.9577
99.9276,-6.48909,72.2542
100.513,-6.53891,72.552
101.093,-6.58695,72.8472
101.661,-6.63226,73.1383
102.225,-6.68095,73.426
102.779,-6.72989,73.7111
103.324,-6.77568,73.9941
103.858,-6.8219,74.2735
104.384,-6.86964,74.5542
104.899,-6.91689,74.8317
105.413,-6.96165,75.1111
105.918,-7.00752,75.3907
106.421,-7.0545,75.6671
106.916,-7.1038,75.9526
107.404,-7.15349,76.2416
107.887,-7.20279,76.5357
108.368,-7.25385,76.8357
108.851,-7.30589,77.1372
109.344,-7.35864,77.4494
109.837,-7.41472,77.7657
110.337,-7.46902,78.0977
110.843,-7.52366,78.4395
111.356,-7.57467,78.7844
111.867,-7.62282,79.1354
112.385,-7.67247,79.4983
112.912,-7.72285,79.8714
113.451,-7.77452,80.2591
113.998,-7.82687,80.6606
114.55,-7.88259,81.0787
115.117,-7.93841,81.5038
115.69,-7.99367,81.9405
116.266,-8.04987,82.392
116.842,-8.10721,82.8608
117.429,-8.16136,83.3412
118.02,-8.21553,83.8322
118.624,-8.27438,84.3385
119.235,-8.33438,84.852
119.855,-8.39384,85.3734
120.486,-8.45387,85.901
121.129,-8.51552,86.4394
121.778,-8.57524,86.9882
122.429,-8.63529,87.5457
123.075,-8.69575,88.1194
123.722,-8.75471,88.696
124.362,-8.81216,89.2782
125.003,-8.86983,89.8744
125.661,-8.9283,90.4785
126.32,-8.98479,91.0965
126.983,-9.03839,91.7146
127.646,-9.08932,92.3344
128.307,-9.1377,92.9532
128.965,-9.187,93.5691
129.615,-9.24028,94.1908
130.265,-9.29694,94.8274
130.92,-9.35634,95.4822
131.577,-9.42144,96.1432
132.224,-9.48245,96.8035
132.867,-9.5428,97.4717
133.506,-9.60421,98.1504
134.146,-9.67107,98.8316
134.791,-9.7383,99.5161
135.436,-9.80124,100.198
136.079,-9.8614,100.884
136.719,-9.91963,101.566
137.358,-9.97735,102.256
137.995,-10.0347,102.947
138.631,-10.0934,103.64
139.272,-10.1544,104.334
139.91,-10.2154,105.025
140.552,-10.277,105.71
141.199,-10.3372,106.395
141.845,-10.3967,107.075
142.498,-10.4564,107.749
143.145,-10.5192,108.417
143.782,-10.5792,109.08
144.422,-10.6425,109.734
145.067,-10.7089,110.381
145.714,-10.7787,111.034
146.36,-10.8405,111.674
147.012,-10.9008,112.311
147.678,-10.961,112.947
148.335,-11.021,113.566
148.994,-11.0801,114.181
149.651,-11.1404,114.792
150.314,-11.2008,115.404
150.98,-11.2641,116.014
151.649,-11.3247,116.617
152.324,-11.3845,117.225
152.994,-11.449,117.821
153.676,-11.5125,118.42
154.372,-11.5772,119.015
155.086,-11.6427,119.613
155.804,-11.7064,120.216
156.528,-11.7655,120.803
157.262,-11.8154,121.388
158.004,-11.8642,121.968
158.755,-11.9211,122.533
159.5,-11.9788,123.088
160.257,-12.0393,123.642
161.027,-12.1077,124.193
161.808,-12.1758,124.738
162.577,-12.2402,125.271
163.342,-12.3022,125.801
164.102,-12.3632,126.31
164.868,-12.4247,126.809
165.622,-12.4847,127.303
166.368,-12.5406,127.788
167.11,-12.5933,128.265
167.839,-12.6493,128.726
168.567,-12.7049,129.187
169.289,-12.7614,129.644
170.016,-12.8184,130.094
170.74,-12.8766,130.535
171.461,-12.9293,130.966
172.174,-12.9773,131.391
172.877,-13.0249,131.813
173.567,-13.0785,132.23
174.242,-13.1361,132.635
174.924,-13.1886,133.032
175.605,-13.2391,133.432
176.279,-13.2949,133.839
176.941,-13.3469,134.239
177.595,-13.3907,134.622
178.24,-13.4287,134.988
178.881,-13.4674,135.351
179.517,-13.5079,135.711
180.146,-13.5513,136.068
180.769,-13.5921,136.418
181.388,-13.632,136.76
181.996,-13.672,137.091
182.598,-13.7134,137.419
183.195,-13.7549,137.739
183.789,-13.7965,138.051
184.381,-13.8397,138.357
184.979,-13.883,138.659
185.579,-13.9266,138.959
186.185,-13.9705,139.264
186.792,-14.0156,139.567
187.412,-14.063,139.861
188.04,-14.1088,140.152
188.668,-14.1551,140.445
189.308,-14.2038,140.736
189.954,-14.2557,141.022
190.614,-14.3101,141.308
191.282,-14.3663,141.592
191.964,-14.4213,141.867
192.659,-14.477,142.143
193.364,-14.5341,142.418
194.085,-14.591,142.696
194.818,-14.646,142.971
195.57,-14.6973,143.241
196.33,-14.7455,143.515
197.104,-14.7917,143.789
197.891,-14.8407,144.06
198.675,-14.8924,144.324
199.469,-14.941,144.589
200.276,-15.0023,144.848
201.103,-15.072,145.107
201.948,-15.1407,145.364
202.799,-15.2124,145.626
203.639,-15.2833,145.888
204.48,-15.3465,146.151
205.33,-15.4148,146.41
206.2,-15.4916,146.67
207.08,-15.5695,146.927
207.96,-15.64,147.178
208.854,-15.7087,147.428
209.759,-15.7811,147.669
210.67,-15.8581,147.905
211.588,-15.9374,148.139
212.511,-16.0154,148.373
213.445,-16.093,148.607
214.374,-16.1683,148.838
215.314,-16.2445,149.069
216.249,-16.3192,149.3
217.189,-16.3948,149.534
218.13,-16.4695,149.759
219.062,-16.545,149.984
219.999,-16.6217,150.21
220.942,-16.6919,150.438
221.876,-16.7683,150.651
222.808,-16.8398,150.872
223.726,-16.9118,151.084
224.648,-16.987,151.293
225.553,-17.0671,151.5
226.484,-17.1447,151.708
227.413,-17.2205,151.91
228.346,-17.2924,152.108
229.274,-17.3596,152.306
230.206,-17.4245,152.5
231.136,-17.4904,152.686
232.063,-17.5567,152.87
232.99,-17.624,153.049
233.916,-17.6893,153.225
234.844,-17.7549,153.4
235.769,-17.819,153.57
236.693,-17.8825,153.735
237.616,-17.9487,153.899
238.528,-18.0175,154.059
239.441,-18.0835,154.209
240.357,-18.1522,154.361
241.281,-18.2236,154.509
242.2,-18.2966,154.653
243.123,-18.3643,154.793
244.033,-18.4291,154.931
244.942,-18.4925,155.065
245.847,-18.5568,155.197
246.743,-18.6197,155.322
247.655,-18.6794,155.433
248.567,-18.7415,155.545
249.47,-18.8097,155.656
250.358,-18.873,155.756
251.236,-18.9381,155.851
252.12,-19.0151,155.949
253.018,-19.0957,156.044
253.916,-19.1718,156.136
254.809,-19.2462,156.221
255.695,-19.3159,156.302
256.585,-19.3806,156.379
257.469,-19.4437,156.447
258.35,-19.5087,156.505
259.229,-19.5702,156.549
260.101,-19.628,156.586
260.968,-19.6865,156.616
261.845,-19.7489,156.647
262.732,-19.8103,156.676
263.597,-19.8725,156.693
264.468,-19.9332,156.707
265.329,-19.9919,156.721
266.192,-20.0528,156.728
267.066,-20.1159,156.728
267.93,-20.1814,156.728
268.792,-20.2432,156.729
269.656,-20.3043,156.729
270.517,-20.3632,156.729
271.377,-20.423,156.729
272.231,-20.4835,156.726
273.073,-20.5464,156.725
273.911,-20.6093,156.727
274.739,-20.6733,156.728
275.558,-20.7366,156.732
276.369,-20.7975,156.738
277.169,-20.8557,156.749
277.961,-20.9123,156.763
278.746,-20.968,156.779
279.512,-21.0221,156.803
280.27,-21.0739,156.825
281.021,-21.1216,156.849
281.766,-21.1717,156.876
282.491,-21.2213,156.913
283.206,-21.2696,156.952
283.903,-21.3139,156.987
284.585,-21.3577,157.024
285.251,-21.4039,157.064
285.899,-21.4507,157.108
286.538,-21.4954,157.156
287.166,-21.5389,157.205
287.781,-21.5831,157.254
288.387,-21.6284,157.302
288.98,-21.6683,157.351
289.554,-21.7091,157.402
290.125,-21.7514,157.453
290.686,-21.7949,157.504
291.238,-21.8348,157.557
291.779,-21.8743,157.61
292.308,-21.9133,157.664
292.825,-21.9531,157.716
293.336,-21.9917,157.768
293.837,-22.0293,157.821
294.328,-22.0652,157.874
294.808,-22.1037,157.925
295.295,-22.1417,157.976
295.783,-22.1805,158.027
296.273,-22.2192,158.077
296.773,-22.2555,158.13
297.277,-22.2918,158.182
297.788,-22.3303,158.231
298.304,-22.3724,158.278
298.826,-22.4183,158.317
299.358,-22.4581,158.362
299.899,-22.4957,158.412
300.457,-22.5365,158.461
301.028,-22.5859,158.503
301.609,-22.6396,158.536
302.194,-22.6884,158.579
302.79,-22.7348,158.631
303.399,-22.7827,158.681
304.025,-22.8324,158.717
304.655,-22.8817,158.756
305.302,-22.9365,158.796
305.959,-22.9924,158.849
306.624,-23.0482,158.898
307.3,-23.101,158.944
307.982,-23.1608,158.99
308.685,-23.2227,159.039
309.393,-23.2867,159.09
310.105,-23.3513,159.138
310.828,-23.4219,159.176
311.56,-23.4908,159.215
312.3,-23.5599,159.256
313.053,-23.6348,159.289
313.821,-23.7138,159.318
314.59,-23.791,159.348
315.364,-23.8663,159.382
316.143,-23.9416,159.419
316.932,-24.0186,159.455
317.74,-24.0983,159.495
318.553,-24.1801,159.535
319.375,-24.2615,159.58
320.197,-24.3404,159.627
321.041,-24.4176,159.675
321.89,-24.4992,159.725
322.745,-24.5785,159.774
323.611,-24.6567,159.829
324.474,-24.7363,159.882
325.345,-24.8161,159.937
326.222,-24.8939,159.995
327.11,-24.9741,160.059
328.004,-25.0544,160.123
328.903,-25.1355,160.191
329.808,-25.2195,160.265
330.719,-25.3042,160.345
331.631,-25.3917,160.427
332.549,-25.4802,160.511
333.475,-25.5696,160.597
334.4,-25.6577,160.681
335.336,-25.744,160.767
336.267,-25.8299,160.849
337.198,-25.9156,160.933
338.128,-26.0002,161.019
339.054,-26.0876,161.113
339.991,-26.1756,161.21
340.914,-26.2609,161.306
341.837,-26.3449,161.4
342.758,-26.4309,161.493
343.67,-26.5186,161.587
344.585,-26.6067,161.677
345.496,-26.6927,161.768
346.409,-26.7797,161.861
347.316,-26.8676,161.956
348.224,-26.9551,162.05
349.134,-27.0418,162.139
350.041,-27.1263,162.227
350.951,-27.2151,162.317
351.856,-27.3007,162.407
352.758,-27.3816,162.496
353.663,-27.4642,162.586
354.564,-27.5555,162.683
355.463,-27.6482,162.785
356.364,-27.7413,162.896
357.263,-27.8307,163.007
358.161,-27.9244,163.126
359.058,-28.0173,163.248
359.957,-28.1078,163.377
360.852,-28.1947,163.51
361.75,-28.2833,163.648
362.643,-28.3725,163.79
363.536,-28.4613,163.938
364.423,-28.5468,164.096
365.316,-28.6355,164.265
366.217,-28.7244,164.446
367.119,-28.814,164.633
368.013,-28.9051,164.83
368.903,-28.9952,165.034
369.789,-29.0856,165.246
370.666,-29.178,165.465
371.547,-29.2681,165.688
372.429,-29.3597,165.917
373.311,-29.451,166.15
374.193,-29.5448,166.385
375.078,-29.6392,166.625
375.959,-29.7351,166.867
376.841,-29.8312,167.116
377.724,-29.9265,167.368
378.607,-30.0215,167.627
379.488,-30.1148,167.888
380.371,-30.2056,168.153
381.248,-30.2944,168.42
382.118,-30.3827,168.692
382.973,-30.4713,168.964
383.824,-30.5592,169.239
384.676,-30.6476,169.518
385.529,-30.7363,169.8
386.377,-30.8248,170.089
387.21,-30.9126,170.377
388.035,-30.9961,170.665
388.858,-31.0805,170.95
389.682,-31.1684,171.236
390.509,-31.2563,171.527
391.331,-31.3429,171.815
392.145,-31.4253,172.097
392.953,-31.5033,172.372
393.752,-31.5795,172.644
394.55,-31.6556,172.913
395.358,-31.73,173.176
396.167,-31.8056,173.442
396.967,-31.8866,173.709
397.771,-31.9633,173.975
398.571,-32.0377,174.239
399.376,-32.1192,174.51
400.196,-32.2025,174.783
401.017,-32.2863,175.06
401.841,-32.3702,175.338
402.668,-32.4534,175.614
403.503,-32.5392,175.895
404.351,-32.6275,176.181
405.209,-32.72,176.472
406.067,-32.8118,176.76
406.94,-32.9029,177.052
407.812,-32.9932,177.343
408.687,-33.0852,177.638
409.563,-33.1797,177.927
410.438,-33.2723,178.218
411.317,-33.3612,178.523
412.19,-33.4499,178.83
413.063,-33.536,179.127
413.93,-33.6233,179.425
414.782,-33.7072,179.721
415.639,-33.7919,180.015
416.503,-33.8792,180.31
417.361,-33.9684,180.603
418.203,-34.0554,180.895
419.033,-34.1425,181.186
419.855,-34.2274,181.471
420.674,-34.3096,181.752
421.483,-34.3912,182.029
422.28,-34.4721,182.304
423.067,-34.5507,182.575
423.84,-34.6258,182.837
424.605,-34.7026,183.096
425.358,-34.7829,183.355
426.112,-34.8623,183.609
426.86,-34.9418,183.86
427.611,-35.0233,184.111
428.358,-35.1052,184.361
429.094,-35.1832,184.603
429.827,-35.261,184.843
430.552,-35.3362,185.083
431.282,-35.4119,185.324
432.015,-35.4907,185.564
432.741,-35.5698,185.8
433.467,-35.6506,186.038
434.195,-35.7288,186.28
434.927,-35.8084,186.521
435.659,-35.8877,186.76
436.393,-35.9684,187
437.124,-36.0477,187.241
437.854,-36.126,187.483
438.572,-36.2047,187.723
439.28,-36.2824,187.961
439.973,-36.357,188.198
440.661,-36.4303,188.434
441.341,-36.5034,188.669
442.009,-36.5775,188.901
442.669,-36.6498,189.132
443.313,-36.7188,189.358
443.942,-36.7863,189.582
444.57,-36.8509,189.8
445.183,-36.9125,190.014
445.789,-36.9724,190.225
446.385,-37.0308,190.434
446.966,-37.0899,190.642
447.535,-37.1491,190.846
448.095,-37.2066,191.046
448.642,-37.2621,191.241
449.182,-37.3165,191.435
449.708,-37.3714,191.627
450.23,-37.4228,191.813
450.737,-37.4734,191.994
451.233,-37.523,192.171
451.716,-37.5725,192.346
452.192,-37.6201,192.519
452.657,-37.6644,192.686
453.115,-37.7089,192.847
453.556,-37.7537,193.004
453.986,-37.8006,193.16
454.402,-37.8477,193.312
454.807,-37.8915,193.457
455.198,-37.9311,193.595
455.578,-37.9691,193.729
455.945,-38.0059,193.859
456.308,-38.0401,193.986
456.659,-38.0728,194.11
456.995,-38.1074,194.225
457.323,-38.1383,194.339
457.639,-38.1667,194.45
457.945,-38.1942,194.555
458.242,-38.2201,194.655
458.531,-38.2448,194.75
458.815,-38.2681,194.847
459.098,-38.2908,194.941
459.376,-38.3137,195.037
459.651,-38.3357,195.134
459.922,-38.3587,195.227
460.197,-38.3771,195.319
460.462,-38.398,195.412
460.728,-38.4183,195.503
460.992,-38.4401,195.597
461.258,-38.4615,195.69
461.524,-38.4852,195.792
461.798,-38.5056,195.902
462.073,-38.5287,196.017
462.354,-38.5526,196.136
462.638,-38.5753,196.265
462.919,-38.5992,196.401
463.204,-38.6232,196.546
463.49,-38.6457,196.697
463.771,-38.673,196.851
464.04,-38.7046,197.006
464.302,-38.7358,197.173
464.562,-38.7612,197.339
464.818,-38.7858,197.506
465.071,-38.8103,197.665
465.321,-38.8375,197.811
465.567,-38.8616,197.949
465.81,-38.8871,198.077
466.053,-38.9137,198.19
466.296,-38.9391,198.295
466.539,-38.9662,198.389
466.789,-38.9914,198.488
467.047,-39.0164,198.582
467.314,-39.0422,198.676
467.589,-39.0701,198.762
467.867,-39.0979,198.843
468.144,-39.1285,198.922
468.417,-39.1548,199.001
468.689,-39.1817,199.077
468.956,-39.2076,199.153
469.212,-39.234,199.221
469.459,-39.257,199.291
469.692,-39.2807,199.357
469.92,-39.2995,199.429
470.136,-39.3202,199.501
470.341,-39.3394,199.574
470.529,-39.3571,199.658
470.706,-39.3756,199.739
470.875,-39.3913,199.818
471.037,-39.4049,199.894
471.188,-39.4157,199.964
471.326,-39.4282,200.017
471.45,-39.4392,200.072
471.565,-39.4481,200.14
471.673,-39.4551,200.217
471.777,-39.4599,200.29
471.876,-39.4663,200.353
471.971,-39.4711,200.413
472.06,-39.4759,200.47
472.145,-39.4785,200.528
472.226,-39.4804,200.582
472.306,-39.4829,200.634
472.376,-39.4866,200.684
472.43,-39.4909,200.734
472.472,-39.495,200.781
472.513,-39.4968,200.821
472.56,-39.4975,200.854
472.613,-39.4968,200.881
472.666,-39.4953,200.909
472.71,-39.4945,200.939
472.746,-39.4936,200.97
472.776,-39.4916,200.998
472.805,-39.489,201.024
