0,0,-0
-0.00767702,-0.0173293,0.767803
-0.0164756,-0.0339516,1.52241
-0.0241476,-0.0505532,2.26313
-0.0311473,-0.0658119,2.98919
-0.0355538,-0.0811621,3.70011
-0.0392037,-0.0968862,4.39529
-0.0426063,-0.110223,5.07151
-0.0435384,-0.120637,5.72873
-0.0415008,-0.130794,6.36312
-0.0395578,-0.140328,6.97177
-0.0388425,-0.150719,7.55184
-0.0378957,-0.159682,8.10404
-0.0342553,-0.16563,8.62761
-0.0269977,-0.170834,9.12659
-0.0167393,-0.178669,9.59529
-0.00808039,-0.188133,10.0351
-0.00759605,-0.199695,10.4451
-0.00738863,-0.209367,10.8263
0.000863708,-0.216438,11.179
0.0171058,-0.221773,11.5007
0.0357562,-0.225968,11.7898
0.0502161,-0.232708,12.0532
0.0594529,-0.239364,12.2849
0.0662331,-0.243714,12.4917
0.0731253,-0.24818,12.6776
0.0773422,-0.253892,12.8508
0.081034,-0.262051,13.0154
0.0854411,-0.269689,13.1726
0.0949752,-0.273611,13.3248
0.105988,-0.276245,13.4704
0.114891,-0.279532,13.6084
0.121001,-0.283116,13.7394
0.127383,-0.286156,13.8652
0.134466,-0.289007,13.9899
0.142187,-0.293197,14.1124
0.149525,-0.296032,14.2372
0.154645,-0.299729,14.3611
0.155389,-0.301048,14.4886
0.157063,-0.304462,14.6194
0.163305,-0.308507,14.7604
0.156814,-0.309521,14.887
0.157835,-0.311594,15.0234
0.152422,-0.31363,15.1557
0.145107,-0.31582,15.2912
0.134781,-0.319159,15.4336
0.117118,-0.322733,15.5878
0.0920024,-0.327362,15.7546
0.0601531,-0.332242,15.9379
0.0210761,-0.338305,16.1375
-0.0272853,-0.343319,16.3497
-0.0860252,-0.350561,16.5733
-0.154854,-0.357882,16.8096
-0.2395,-0.361698,17.055
-0.337067,-0.366877,17.3098
-0.456656,-0.371142,17.5724
-0.592791,-0.374935,17.8415
-0.744311,-0.379971,18.1191
-0.921119,-0.381318,18.4081
-1.11161,-0.384848,18.6884
-1.32945,-0.384433,18.9681
-1.56395,-0.382207,19.2458
-1.82631,-0.375268,19.5211
-2.10894,-0.366429,19.7944
-2.42597,-0.351846,20.07
-2.76671,-0.33968,20.3395
-3.13749,-0.327055,20.6094
-3.53424,-0.313584,20.8686
-3.961,-0.297285,21.1211
-4.42034,-0.277465,21.353
-4.90696,-0.255062,21.5657
-5.4206,-0.233724,21.7644
-5.96233,-0.213671,21.9434
-6.5333,-0.188336,22.092
-7.13932,-0.159475,22.2132
-7.77506,-0.133286,22.3114
-8.43301,-0.106813,22.3919
-9.11972,-0.0848507,22.4452
-9.8254,-0.0549342,22.4673
-10.5544,-0.0165628,22.4651
-11.3136,0.0210158,22.4466
-12.0987,0.054867,22.4171
-12.9137,0.090324,22.385
-13.7488,0.126798,22.3486
-14.6021,0.164705,22.3118
-15.4731,0.206516,22.2858
-16.3659,0.253746,22.2747
-17.285,0.295426,22.2523
-18.226,0.327339,22.2292
-19.1822,0.367722,22.219
-20.1498,0.400868,22.1998
-21.138,0.424222,22.1666
-22.1591,0.451231,22.1339
-23.2087,0.470922,22.0899
-24.2863,0.497568,22.046
-25.385,0.536195,22.0052
-26.4964,0.58129,21.9636
-27.6151,0.629548,21.9234
-28.727,0.684565,21.8823
-29.8395,0.738809,21.8358
-30.9512,0.788692,21.7845
-32.0659,0.833395,21.7282
-33.1842,0.874531,21.6673
-34.314,0.914308,21.5945
-35.4543,0.953504,21.5175
-36.6027,0.992774,21.4307
-37.7498,1.03604,21.3339
-38.903,1.08466,21.2319
-40.0575,1.13298,21.1232
-41.2189,1.18382,21.0137
-42.3808,1.23448,20.907
-43.5425,1.28656,20.8004
-44.7102,1.33862,20.6908
-45.8765,1.38875,20.5783
-47.0472,1.43851,20.4624
-48.2141,1.4844,20.3428
-49.3929,1.53343,20.2277
-50.5805,1.5809,20.1155
-51.771,1.63021,20.0068
-52.9593,1.68431,19.905
-54.1511,1.73602,19.8036
-55.3492,1.78859,19.6998
-56.5497,1.83939,19.5985
-57.7534,1.8924,19.5059
-58.9584,1.94482,19.4233
-60.1693,1.99591,19.3513
-61.3846,2.04657,19.289
-62.6043,2.09766,19.2318
-63.8278,2.14934,19.1801
-65.0547,2.20358,19.1327
-66.2825,2.25564,19.0935
-67.5073,2.30792,19.0597
-68.7356,2.35503,19.0311
-69.9698,2.40038,19.0072
-71.2115,2.44114,18.9882
-72.4529,2.48636,18.9701
-73.6958,2.5331,18.951
-74.9396,2.57768,18.9336
-76.1853,2.62044,18.9179
-77.432,2.66356,18.9014
-78.6806,2.70622,18.8921
-79.9312,2.74644,18.8868
-81.182,2.78669,18.8799
-82.4366,2.82815,18.8691
-83.6907,2.87105,18.8545
-84.9403,2.91618,18.8374
-86.1821,2.96341,18.8241
-87.4206,3.00561,18.8133
-88.656,3.04597,18.8073
-89.8909,3.08596,18.802
-91.1262,3.12817,18.7951
-92.358,3.17261,18.7878
-93.5844,3.21798,18.7789
-94.8069,3.26334,18.7727
-96.0263,3.30849,18.7683
-97.2478,3.35243,18.7658
-98.4675,3.39819,18.7633
-99.6869,3.4448,18.7621
-100.902,3.49503,18.7571
-102.114,3.54746,18.7511
-103.32,3.59732,18.7449
-104.521,3.64724,18.7363
-105.722,3.6972,18.7316
-106.924,3.74495,18.7285
-108.128,3.79338,18.728
-109.337,3.84246,18.7256
-110.545,3.89059,18.7253
-111.754,3.94335,18.7174
-112.969,3.99719,18.7086
-114.187,4.05088,18.6983
-115.401,4.10132,18.6908
-116.623,4.15224,18.6843
-117.858,4.19563,18.6847
-119.096,4.24185,18.683
-120.34,4.28943,18.6778
-121.595,4.33781,18.6707
-122.852,4.38974,18.6641
-124.11,4.44109,18.653
-125.379,4.4883,18.6412
-126.655,4.53085,18.6308
-127.937,4.57397,18.6166
-129.228,4.61976,18.5969
-130.524,4.66801,18.5747
-131.816,4.72055,18.5482
-133.107,4.77098,18.5269
-134.397,4.81838,18.5093
-135.687,4.86083,18.494
-136.975,4.90312,18.4818
-138.26,4.94658,18.4654
-139.549,4.99371,18.4487
-140.838,5.04289,18.4322
-142.118,5.09856,18.4146
-143.395,5.15298,18.3974
-144.669,5.2027,18.3835
-145.941,5.25155,18.3697
-147.215,5.30217,18.358
-148.489,5.35459,18.347
-149.757,5.4102,18.3361
-151.018,5.46531,18.3245
-152.277,5.51871,18.3193
-153.538,5.56829,18.3164
-154.798,5.61571,18.3119
-156.055,5.66294,18.3084
-157.311,5.70846,18.3038
-158.567,5.75523,18.2969
-159.822,5.80415,18.292
-161.074,5.85315,18.2876
-162.323,5.90429,18.2832
-163.572,5.95482,18.2735
-164.822,6.00783,18.2638
-166.073,6.06434,18.2488
-167.313,6.12609,18.2339
-168.551,6.18712,18.2203
-169.789,6.24357,18.2173
-171.025,6.29478,18.2118
-172.266,6.34053,18.2143
-173.497,6.38579,18.2205
-174.732,6.42384,18.2295
-175.971,6.46641,18.235
-177.215,6.50848,18.235
-178.452,6.55725,18.2329
-179.683,6.6073,18.2338
-180.916,6.65777,18.2355
-182.15,6.70189,18.2437
-183.373,6.74801,18.2516
-184.571,6.79089,18.2584
-185.743,6.82833,18.265
-186.886,6.86221,18.2752
-188,6.89674,18.2854
-189.09,6.93306,18.2947
-190.153,6.96905,18.3055
-191.181,7.00344,18.3166
-192.177,7.03821,18.3277
-193.148,7.0718,18.3408
-194.104,7.10246,18.3549
-195.056,7.13285,18.368
-196.001,7.16427,18.3717
-196.949,7.19659,18.3709
-197.891,7.22947,18.3627
-198.832,7.25858,18.3519
-199.771,7.28824,18.346
-200.707,7.31869,18.3419
-201.639,7.34859,18.3342
-202.567,7.37933,18.3229
-203.492,7.41154,18.3088
-204.416,7.44338,18.2921
-205.343,7.4742,18.2768
-206.273,7.5042,18.2649
-207.207,7.53401,18.2559
-208.148,7.56307,18.2466
-209.099,7.59333,18.2416
-210.054,7.62119,18.2351
-211.009,7.64882,18.2326
-211.97,7.6815,18.2293
-212.942,7.7134,18.2153
-213.925,7.7408,18.2066
-214.909,7.77234,18.2042
-215.903,7.8095,18.2046
-216.91,7.84546,18.2005
-217.924,7.88429,18.2046
-218.944,7.92514,18.2098
-219.972,7.97003,18.2095
-221.009,8.01444,18.214
-222.051,8.05762,18.2241
-223.098,8.10048,18.2356
-224.152,8.14294,18.2556
-225.215,8.18435,18.2795
-226.286,8.22484,18.3025
-227.364,8.26627,18.3245
-228.444,8.30755,18.3498
-229.528,8.35073,18.38
-230.622,8.39214,18.4124
-231.723,8.43078,18.4451
-232.833,8.46829,18.4749
-233.952,8.50728,18.5049
-235.079,8.54675,18.5317
-236.215,8.58743,18.5585
-237.357,8.63033,18.5853
-238.508,8.6764,18.6122
-239.666,8.72385,18.6351
-240.828,8.77026,18.6554
-241.995,8.81434,18.6797
-243.169,8.85485,18.7039
-244.351,8.89035,18.7295
-245.546,8.92323,18.7567
-246.754,8.9559,18.7791
-247.966,8.99316,18.795
-249.182,9.03207,18.8068
-250.408,9.07279,18.8138
-251.64,9.11248,18.8198
-252.877,9.15147,18.8236
-254.118,9.18993,18.8237
-255.372,9.2318,18.8208
-256.627,9.27075,18.8148
-257.889,9.31021,18.8061
-259.156,9.35151,18.7929
-260.427,9.39349,18.7763
-261.699,9.43651,18.7575
-262.971,9.47977,18.7359
-264.24,9.52174,18.717
-265.506,9.5628,18.7004
-266.77,9.60428,18.6884
-268.037,9.64349,18.6734
-269.304,9.68359,18.6559
-270.569,9.72329,18.6387
-271.831,9.7633,18.6219
-273.094,9.8031,18.6082
-274.354,9.84542,18.5994
-275.614,9.88934,18.5881
-276.867,9.93531,18.576
-278.115,9.9833,18.5614
-279.359,10.0311,18.5434
-280.607,10.0818,18.5206
-281.858,10.1347,18.4978
-283.099,10.1906,18.4762
-284.332,10.2458,18.4597
-285.565,10.2951,18.4491
-286.803,10.3368,18.4429
-288.043,10.3791,18.4359
-289.287,10.4246,18.4263
-290.529,10.4717,18.4143
-291.771,10.5209,18.4023
-293.007,10.571,18.3917
-294.242,10.62,18.3842
-295.476,10.6703,18.3767
-296.709,10.7189,18.3701
-297.943,10.7656,18.3635
-299.178,10.812,18.3564
-300.413,10.8585,18.3488
-301.647,10.9047,18.3439
-302.879,10.9508,18.3387
-304.111,10.995,18.3343
-305.344,11.037,18.328
-306.58,11.077,18.3206
-307.817,11.1155,18.3099
-309.061,11.1553,18.2988
-310.304,11.1961,18.2857
-311.547,11.2372,18.274
-312.791,11.2777,18.2646
-314.035,11.3156,18.2575
-315.285,11.3538,18.2529
-316.538,11.3913,18.247
-317.791,11.4294,18.2372
-319.044,11.4699,18.2235
-320.298,11.5096,18.2085
-321.555,11.5485,18.1963
-322.814,11.586,18.1875
-324.075,11.6239,18.1814
-325.338,11.6609,18.1771
-326.602,11.7,18.1723
-327.866,11.7386,18.1652
-329.131,11.7775,18.1575
-330.399,11.8177,18.1491
-331.67,11.8578,18.1414
-332.941,11.9003,18.1364
-334.216,11.946,18.133
-335.495,11.992,18.1325
-336.773,12.0415,18.1325
-338.048,12.0928,18.1325
-339.32,12.1491,18.1321
-340.593,12.2096,18.1302
-341.863,12.2694,18.1292
-343.106,12.3235,18.1286
-344.347,12.3729,18.1308
-345.596,12.4189,18.1332
-346.842,12.4604,18.1392
-348.085,12.5085,18.1428
-349.326,12.5558,18.1455
-350.56,12.6029,18.152
-351.785,12.6522,18.1568
-352.999,12.7024,18.1592
-354.199,12.7506,18.1598
-355.388,12.7979,18.16
-356.565,12.8436,18.1615
-357.728,12.8879,18.163
-358.873,12.9332,18.1668
-360.001,12.9799,18.1741
-361.115,13.0305,18.1761
-362.21,13.0803,18.1769
-363.285,13.1262,18.1772
-364.342,13.1677,18.1741
-365.39,13.204,18.1688
-366.438,13.2326,18.1653
-367.488,13.2582,18.1609
-368.534,13.2873,18.157
-369.57,13.3192,18.1518
-370.593,13.3557,18.1463
-371.596,13.3941,18.1371
-372.579,13.4302,18.1297
-373.537,13.4639,18.125
-374.467,13.4969,18.1231
-375.376,13.5268,18.1269
-376.256,13.5506,18.1383
-377.112,13.572,18.1571
-377.936,13.5895,18.1873
-378.732,13.6031,18.2338
-379.498,13.6136,18.3002
-380.233,13.6223,18.3891
-380.937,13.6308,18.4967
-381.616,13.6399,18.6254
-382.272,13.6505,18.7768
-382.906,13.6612,18.9508
-383.509,13.6696,19.1444
-384.093,13.6804,19.3603
-384.66,13.6925,19.6013
-385.21,13.7058,19.8697
-385.746,13.7204,20.1666
-386.267,13.731,20.4926
-386.762,13.7374,20.8468
-387.248,13.7449,21.217
-387.717,13.755,21.6141
-388.169,13.7674,22.0377
-388.599,13.7759,22.487
-389.01,13.7818,22.9662
-389.408,13.7895,23.463
-389.794,13.7983,23.9856
-390.158,13.8102,24.5342
-390.49,13.8227,25.1111
-390.805,13.8326,25.7097
-391.109,13.8389,26.3291
-391.399,13.8452,26.9701
-391.669,13.8536,27.6343
-391.924,13.857,28.326
-392.169,13.8581,29.0434
-392.392,13.8603,29.7873
-392.598,13.8623,30.5586
-392.776,13.8598,31.3226
-392.946,13.8577,32.1026
-393.1,13.8539,32.906
-393.247,13.8447,33.7284
-393.383,13.8362,34.569
-393.507,13.8275,35.427
-393.615,13.8177,36.3025
-393.706,13.8076,37.1959
-393.786,13.7974,38.1086
-393.852,13.7852,39.0364
-393.908,13.7731,39.9776
-393.962,13.7609,40.9346
-394.014,13.7473,41.9054
-394.063,13.7342,42.8949
-394.104,13.7194,43.8967
-394.14,13.7042,44.9179
-394.172,13.6894,45.9499
-394.206,13.676,46.9889
-394.237,13.662,48.0286
-394.267,13.6478,49.0684
-394.298,13.6356,50.1061
-394.324,13.621,51.1485
-394.35,13.6054,52.1843
-394.373,13.5906,53.2295
-394.392,13.5751,54.2692
-394.409,13.5597,55.3131
-394.421,13.546,56.3517
-394.431,13.5313,57.3916
-394.441,13.5177,58.4259
-394.449,13.5032,59.4541
-394.456,13.4891,60.48
-394.462,13.4746,61.5026
-394.466,13.4595,62.5197
-394.466,13.4445,63.5271
-394.465,13.4306,64.5252
-394.463,13.4173,65.5127
-394.457,13.4028,66.4886
-394.451,13.3881,67.4495
-394.447,13.3735,68.4
-394.442,13.3587,69.3375
-394.433,13.3422,70.2632
-394.423,13.3269,71.1814
-394.41,13.3107,72.0913
-394.391,13.2945,72.9897
-394.37,13.2787,73.8749
-394.343,13.2635,74.7452
-394.31,13.2484,75.6002
-394.27,13.2333,76.4397
-394.221,13.2179,77.2649
-394.159,13.2012,78.0768
-394.082,13.1847,78.875
-393.991,13.1679,79.6616
-393.88,13.1527,80.4354
-393.746,13.1358,81.1928
-393.591,13.1163,81.9275
-393.419,13.097,82.6441
-393.225,13.0816,83.3452
-393.006,13.0637,84.0318
-392.766,13.0428,84.705
-392.508,13.0214,85.3629
-392.23,13.0034,85.9994
-391.934,12.984,86.6131
-391.625,12.9634,87.2051
-391.299,12.9454,87.7781
-390.955,12.9261,88.3313
-390.587,12.9011,88.8638
-390.186,12.876,89.3753
-389.755,12.8539,89.8654
-389.297,12.8331,90.3289
-388.817,12.8061,90.7742
-388.315,12.777,91.1945
-387.793,12.7496,91.5948
-387.254,12.7221,91.962
-386.695,12.6936,92.3062
-386.119,12.6628,92.6225
-385.52,12.6322,92.9188
-384.902,12.6002,93.195
-384.268,12.569,93.4521
-383.611,12.5416,93.692
-382.935,12.5142,93.9044
-382.245,12.4843,94.0933
-381.541,12.4541,94.2688
-380.819,12.4333,94.4387
-380.078,12.4092,94.5828
-379.317,12.3803,94.6987
-378.543,12.3529,94.7978
-377.76,12.3252,94.8836
-376.962,12.2992,94.9589
-376.154,12.2742,95.0266
-375.336,12.2483,95.0884
-374.513,12.2232,95.1442
-373.674,12.1974,95.1898
-372.827,12.1722,95.2276
-371.969,12.1487,95.2595
-371.103,12.1251,95.2852
-370.235,12.1016,95.3049
-369.357,12.0771,95.3139
-368.464,12.0524,95.316
-367.561,12.0279,95.3131
-366.647,12.0013,95.3067
-365.731,11.9741,95.2917
-364.809,11.9486,95.2711
-363.883,11.9215,95.2434
-362.955,11.8934,95.2087
-362.023,11.8652,95.1683
-361.089,11.8375,95.1244
-360.151,11.8092,95.0812
-359.214,11.777,95.0367
-358.277,11.7429,94.9908
-357.336,11.7099,94.9467
-356.392,11.6719,94.9017
-355.447,11.6294,94.8588
-354.505,11.5884,94.8181
-353.567,11.5496,94.7804
-352.63,11.5099,94.7465
-351.694,11.4707,94.7151
-350.762,11.4323,94.6901
-349.832,11.3921,94.6735
-348.908,11.3525,94.6623
-347.987,11.3151,94.6583
-347.069,11.2756,94.6623
-346.155,11.2349,94.6716
-345.247,11.1956,94.6842
-344.34,11.1581,94.698
-343.435,11.1185,94.7145
-342.532,11.079,94.7311
-341.635,11.0391,94.7484
-340.739,10.9994,94.7668
-339.844,10.9595,94.788
-338.948,10.9192,94.8081
-338.054,10.8805,94.8283
-337.159,10.8412,94.849
-336.267,10.8019,94.8675
-335.374,10.7641,94.8817
-334.483,10.7264,94.8909
-333.592,10.6872,94.8951
-332.705,10.6479,94.8957
-331.818,10.6092,94.8936
-330.932,10.5719,94.8909
-330.047,10.5341,94.8886
-329.164,10.4961,94.8831
-328.283,10.4589,94.8761
-327.402,10.4222,94.8679
-326.523,10.385,94.8617
-325.645,10.346,94.8579
-324.771,10.3072,94.8567
-323.895,10.2699,94.8599
-323.022,10.2313,94.8685
-322.152,10.193,94.8803
-321.283,10.1576,94.8947
-320.413,10.1242,94.9122
-319.546,10.0904,94.9322
-318.683,10.0578,94.9525
-317.824,10.0275,94.9746
-316.966,9.99732,94.9967
-316.109,9.96564,95.0178
-315.255,9.93271,95.0385
-314.403,9.90023,95.0567
-313.554,9.86765,95.075
-312.706,9.83511,95.0955
-311.862,9.80309,95.1171
-311.019,9.7714,95.1399
-310.177,9.73936,95.1634
-309.339,9.70771,95.1853
-308.503,9.67617,95.2079
-307.664,9.64394,95.2291
-306.825,9.61191,95.2533
-305.985,9.57955,95.2827
-305.14,9.54664,95.3173
-304.293,9.51322,95.3539
-303.442,9.48008,95.3915
-302.586,9.44663,95.4307
-301.725,9.41226,95.4709
-300.86,9.37689,95.5129
-299.993,9.34009,95.5575
-299.12,9.30339,95.6038
-298.239,9.26618,95.6477
-297.349,9.22742,95.6928
-296.454,9.18819,95.7369
-295.553,9.14908,95.7765
-294.648,9.10979,95.8106
-293.737,9.07054,95.8418
-292.82,9.02958,95.87
-291.894,8.98757,95.893
-290.962,8.94514,95.9066
-290.024,8.90456,95.913
-289.08,8.86319,95.9121
-288.133,8.82061,95.9054
-287.187,8.77882,95.8949
-286.24,8.73831,95.8823
-285.297,8.69657,95.8673
-284.355,8.65576,95.8538
-283.419,8.61657,95.8397
-282.485,8.57607,95.823
-281.556,8.53563,95.8043
-280.629,8.49567,95.7842
-279.714,8.45432,95.7622
-278.805,8.4136,95.7404
-277.904,8.37524,95.7173
-277.009,8.33555,95.6891
-276.117,8.29554,95.6551
-275.227,8.25667,95.6153
-274.343,8.21817,95.5728
-273.459,8.1795,95.529
-272.577,8.14248,95.483
-271.695,8.10351,95.4383
-270.82,8.0658,95.3962
-269.95,8.03069,95.3566
-269.082,7.99504,95.3195
-268.215,7.95773,95.2868
-267.349,7.91942,95.2603
-266.483,7.88273,95.2406
-265.612,7.84835,95.2287
-264.736,7.81465,95.2241
-263.86,7.78101,95.2251
-262.985,7.74865,95.2327
-262.111,7.71719,95.2503
-261.234,7.68446,95.2763
-260.355,7.6501,95.3098
-259.472,7.61478,95.3509
-258.59,7.58007,95.4018
-257.707,7.54542,95.459
-256.824,7.51094,95.5226
-255.939,7.47594,95.5885
-255.05,7.44108,95.6547
-254.158,7.40649,95.7218
-253.265,7.37122,95.7881
-252.368,7.33591,95.8571
-251.471,7.30228,95.9304
-250.572,7.2682,96.0044
-249.673,7.23273,96.0745
-248.776,7.19803,96.1378
-247.878,7.16313,96.1938
-246.982,7.12643,96.2424
-246.089,7.08942,96.2839
-245.197,7.0524,96.3178
-244.307,7.01346,96.3438
-243.42,6.97411,96.3626
-242.535,6.93376,96.3701
-241.652,6.89329,96.3677
-240.769,6.85389,96.3525
-239.89,6.81305,96.3271
-239.015,6.77358,96.2924
-238.144,6.73562,96.2486
-237.277,6.69741,96.1957
-236.415,6.65882,96.1347
-235.558,6.62057,96.0675
-234.708,6.58328,95.9998
-233.865,6.54698,95.932
-233.035,6.51075,95.863
-232.222,6.47617,95.7943
-231.427,6.44269,95.7258
-230.651,6.41013,95.6614
-229.894,6.37739,95.6003
-229.16,6.3441,95.5414
-228.448,6.31274,95.485
-227.761,6.2833,95.4312
-227.098,6.25419,95.3791
-226.461,6.22669,95.3303
-225.85,6.2004,95.2833
-225.261,6.17545,95.2399
-224.694,6.15021,95.1982
-224.149,6.12442,95.1566
-223.625,6.09964,95.1213
-223.122,6.07696,95.0938
-222.638,6.05885,95.0701
-222.174,6.04159,95.0535
-221.731,6.02062,95.0412
-221.301,5.99579,95.0372
-220.875,5.969,95.0519
-220.457,5.94461,95.087
-220.045,5.92573,95.1357
-219.637,5.90914,95.2014
-219.233,5.88977,95.2869
-218.836,5.8671,95.3896
-218.447,5.8425,95.5102
-218.067,5.81705,95.6469
-217.7,5.7919,95.7996
-217.347,5.76877,95.9676
-217.002,5.74858,96.1476
-216.665,5.73033,96.3372
-216.336,5.714,96.5395
-216.019,5.69419,96.7589
-215.712,5.67355,96.993
-215.41,5.65169,97.2451
-215.107,5.63029,97.5138
-214.806,5.60978,97.7992
-214.504,5.58777,98.1051
-214.216,5.56651,98.4436
-213.938,5.54529,98.8166
-213.666,5.52839,99.2223
-213.395,5.51052,99.6566
-213.119,5.48848,100.115
-212.854,5.4574,100.608
-212.605,5.42897,101.141
-212.375,5.40995,101.707
-212.152,5.3926,102.305
-211.935,5.3721,102.933
-211.719,5.35173,103.589
-211.529,5.33148,104.269
-211.366,5.30852,104.974
-211.223,5.28466,105.703
-211.102,5.26647,106.46
-211.005,5.24555,107.25
-210.924,5.21918,108.07
-210.854,5.19333,108.92
-210.807,5.16932,109.789
-210.776,5.1473,110.677
-210.752,5.1286,111.584
-210.74,5.10857,112.507
-210.741,5.08928,113.456
-210.751,5.06975,114.425
-210.772,5.04931,115.422
-210.796,5.03263,116.435
-210.822,5.01442,117.459
-210.843,4.99644,118.486
-210.855,4.97773,119.515
-210.866,4.95282,120.556
-210.871,4.92272,121.605
-210.869,4.89221,122.655
-210.864,4.86533,123.709
-210.855,4.83816,124.77
-210.835,4.81029,125.842
-210.807,4.78795,126.917
-210.774,4.76583,127.978
-210.741,4.74721,129.023
-210.708,4.72766,130.059
-210.679,4.69962,131.101
-210.648,4.67012,132.148
-210.615,4.64251,133.193
-210.583,4.61781,134.225
-210.544,4.59159,135.25
-210.5,4.56081,136.273
-210.458,4.52899,137.295
-210.426,4.49794,138.316
-210.393,4.4669,139.328
-210.364,4.44268,140.331
-210.34,4.41651,141.323
-210.323,4.39066,142.311
-210.309,4.36414,143.287
-210.292,4.33377,144.241
-210.281,4.31001,145.168
-210.276,4.28719,146.076
-210.273,4.25891,146.963
-210.27,4.22793,147.826
-210.266,4.20319,148.665
-210.27,4.17742,149.475
-210.281,4.15235,150.264
-210.296,4.12946,151.023
-210.315,4.10888,151.754
-210.34,4.08796,152.455
-210.371,4.06798,153.124
-210.408,4.04914,153.766
-210.453,4.0337,154.379
-210.507,4.01795,154.965
-210.578,3.99901,155.529
-210.664,3.98044,156.081
-210.764,3.96796,156.626
-210.875,3.95712,157.166
-211.005,3.94376,157.697
-211.157,3.92813,158.219
-211.332,3.91397,158.728
-211.525,3.90739,159.225
-211.74,3.90526,159.707
-211.978,3.89864,160.178
-212.239,3.89077,160.638
-212.512,3.88525,161.086
-212.799,3.88291,161.526
-213.108,3.88515,161.958
-213.443,3.89009,162.384
-213.808,3.89876,162.803
-214.199,3.90962,163.217
-214.613,3.91978,163.627
-215.053,3.9285,164.026
-215.523,3.93872,164.405
-216.022,3.95271,164.768
-216.554,3.97145,165.12
-217.117,3.99019,165.45
-217.718,4.00194,165.753
-218.358,4.01467,166.032
-219.023,4.03228,166.29
-219.714,4.04942,166.521
-220.43,4.06445,166.724
-221.168,4.08455,166.897
-221.925,4.10857,167.044
-222.706,4.1339,167.169
-223.507,4.16049,167.279
-224.327,4.18755,167.372
-225.167,4.21163,167.451
-226.022,4.2391,167.522
-226.891,4.27051,167.587
-227.774,4.30333,167.643
-228.666,4.33759,167.699
-229.572,4.37256,167.751
-230.492,4.40858,167.805
-231.43,4.4446,167.861
-232.376,4.47839,167.92
-233.332,4.51296,167.983
-234.305,4.55148,168.049
-235.289,4.58951,168.116
-236.286,4.62758,168.183
-237.298,4.66758,168.253
-238.318,4.70696,168.326
-239.35,4.74712,168.397
-240.395,4.78973,168.471
-241.455,4.83041,168.546
-242.526,4.8719,168.622
-243.61,4.91383,168.695
-244.706,4.95502,168.768
-245.818,4.99754,168.837
-246.945,5.04095,168.906
-248.086,5.08529,168.966
-249.237,5.13141,169.019
-250.397,5.18029,169.062
-251.565,5.23048,169.094
-252.747,5.2816,169.116
-253.933,5.33112,169.131
-255.111,5.38024,169.139
-256.283,5.42668,169.141
-257.453,5.46776,169.133
-258.626,5.50517,169.116
-259.803,5.54038,169.092
-260.976,5.57917,169.06
-262.146,5.6191,169.018
-263.311,5.65488,168.968
-264.474,5.69237,168.91
-265.635,5.72992,168.848
-266.78,5.76734,168.782
-267.907,5.80761,168.711
-269.019,5.84718,168.639
-270.112,5.88183,168.566
-271.188,5.91714,168.5
-272.245,5.94993,168.433
-273.273,5.98398,168.366
-274.27,6.02018,168.301
-275.242,6.0553,168.237
-276.188,6.08725,168.174
-277.113,6.11622,168.115
-278.022,6.14547,168.063
-278.925,6.17548,168.018
-279.83,6.20656,167.979
-280.736,6.23962,167.944
-281.633,6.27074,167.908
-282.526,6.30034,167.876
-283.414,6.32882,167.847
-284.295,6.3565,167.818
-285.175,6.38496,167.79
-286.057,6.41455,167.77
-286.939,6.44402,167.759
-287.818,6.47467,167.75
-288.688,6.50695,167.746
-289.55,6.54208,167.745
-290.408,6.57904,167.749
-291.272,6.61433,167.751
-292.139,6.64785,167.756
-293.009,6.68222,167.764
-293.886,6.71761,167.774
-294.769,6.75244,167.786
-295.656,6.78743,167.796
-296.543,6.82211,167.806
-297.428,6.85741,167.816
-298.313,6.89318,167.824
-299.196,6.92896,167.828
-300.077,6.96471,167.83
-300.954,7.00076,167.833
-301.828,7.03682,167.833
-302.7,7.07229,167.83
-303.572,7.10732,167.826
-304.447,7.14104,167.819
-305.324,7.1717,167.808
-306.208,7.20507,167.8
-307.101,7.24231,167.796
-308.004,7.27763,167.788
-308.909,7.31427,167.779
-309.819,7.3568,167.771
-310.735,7.3984,167.762
-311.659,7.43644,167.75
-312.595,7.47421,167.739
-313.542,7.51272,167.727
-314.498,7.55144,167.716
-315.46,7.58949,167.705
-316.429,7.63039,167.695
-317.406,7.67044,167.684
-318.388,7.70782,167.675
-319.374,7.74217,167.668
-320.361,7.77529,167.66
-321.35,7.80817,167.651
-322.341,7.83832,167.645
-323.33,7.86829,167.642
-324.319,7.89787,167.638
-325.306,7.9277,167.632
-326.291,7.95836,167.629
-327.274,7.98902,167.626
-328.255,8.01963,167.623
-329.232,8.05084,167.622
-330.203,8.08353,167.625
-331.17,8.11441,167.626
-332.133,8.14375,167.626
-333.091,8.17324,167.628
-334.051,8.2041,167.631
-335.008,8.23235,167.634
-335.957,8.25964,167.635
-336.9,8.29381,167.641
-337.844,8.32695,167.646
-338.785,8.35651,167.652
-339.72,8.38602,167.655
-340.649,8.41854,167.66
-341.572,8.45043,167.664
-342.49,8.48061,167.668
-343.397,8.50986,167.673
-344.292,8.54055,167.678
-345.18,8.5714,167.684
-346.059,8.60111,167.691
-346.936,8.62907,167.699
-347.812,8.65789,167.705
-348.688,8.68662,167.712
-349.564,8.71592,167.717
-350.435,8.74694,167.722
-351.302,8.77984,167.726
-352.165,8.81555,167.73
-353.026,8.85031,167.733
-353.883,8.88344,167.731
-354.737,8.91624,167.726
-355.595,8.95022,167.718
-356.458,8.98398,167.704
-357.329,9.01805,167.687
-358.204,9.05116,167.671
-359.081,9.08527,167.656
-359.96,9.1211,167.639
-360.842,9.15637,167.62
-361.731,9.19192,167.6
-362.625,9.22574,167.58
-363.524,9.2592,167.556
-364.424,9.2957,167.532
-365.33,9.33336,167.51
-366.237,9.36833,167.485
-367.145,9.40231,167.458
-368.054,9.4386,167.433
-368.965,9.4731,167.408
-369.876,9.50583,167.38
-370.785,9.54171,167.356
-371.694,9.58048,167.333
-372.599,9.61727,167.31
-373.499,9.65333,167.284
-374.395,9.69244,167.256
-375.29,9.7312,167.229
-376.186,9.76728,167.203
-377.078,9.80136,167.179
-377.961,9.83371,167.16
-378.835,9.86627,167.147
-379.701,9.90042,167.139
-380.557,9.9292,167.135
-381.401,9.95412,167.135
-382.231,9.98195,167.14
-383.048,10.0109,167.145
-383.852,10.0361,167.162
-384.638,10.0609,167.182
-385.4,10.0844,167.201
-386.142,10.1075,167.228
-386.86,10.1315,167.277
-387.558,10.1507,167.334
-388.232,10.1653,167.406
-388.879,10.1799,167.486
-389.502,10.1964,167.581
-390.103,10.2125,167.691
-390.682,10.2279,167.81
-391.241,10.2403,167.936
-391.779,10.2509,168.07
-392.294,10.2641,168.212
-392.786,10.2779,168.368
-393.256,10.29,168.541
-393.713,10.3001,168.734
-394.161,10.308,168.949
-394.6,10.3141,169.18
-395.027,10.3187,169.421
-395.438,10.3193,169.681
-395.836,10.3212,169.961
-396.216,10.328,170.264
-396.583,10.3332,170.578
-396.95,10.3368,170.897
-397.315,10.3366,171.226
-397.668,10.3339,171.585
-398.004,10.3304,171.983
-398.331,10.3305,172.416
-398.665,10.3325,172.875
-399.012,10.3384,173.352
-399.353,10.3373,173.861
-399.671,10.3276,174.412
-399.96,10.3189,175.001
-400.228,10.3154,175.619
-400.477,10.3121,176.271
-400.705,10.3022,176.955
-400.905,10.2874,177.671
-401.084,10.2741,178.411
-401.242,10.2616,179.177
-401.378,10.2485,179.968
-401.493,10.2337,180.777
-401.589,10.2174,181.605
-401.669,10.203,182.455
-401.731,10.1907,183.322
-401.776,10.1764,184.209
-401.811,10.1621,185.11
-401.832,10.149,186.03
-401.842,10.1348,186.967
-401.848,10.1181,187.925
-401.849,10.0992,188.899
-401.847,10.0792,189.889
-401.842,10.0586,190.891
-401.841,10.0344,191.905
-401.84,10.0062,192.932
-401.839,9.97425,193.966
-401.835,9.9413,195.011
-401.834,9.90751,196.068
-401.829,9.87426,197.132
-401.826,9.84497,198.196
-401.821,9.81602,199.264
-401.817,9.78691,200.329
-401.814,9.75669,201.39
-401.815,9.72566,202.449
-401.817,9.6929,203.505
-401.82,9.65723,204.562
-401.82,9.62355,205.613
-401.817,9.58993,206.662
-401.813,9.55555,207.708
-401.811,9.52138,208.748
-401.806,9.49013,209.787
-401.799,9.46038,210.821
-401.794,9.43221,211.849
-401.792,9.40565,212.871
-401.788,9.38067,213.882
-401.786,9.35709,214.883
-401.782,9.33368,215.868
-401.779,9.31244,216.835
-401.776,9.29044,217.778
-401.771,9.26707,218.696
-401.766,9.2424,219.586
-401.755,9.21647,220.456
-401.741,9.1902,221.311
-401.725,9.15893,222.147
-401.705,9.12899,222.957
-401.672,9.10771,223.74
-401.629,9.08974,224.5
-401.571,9.07347,225.242
-401.492,9.05617,225.975
-401.393,9.0383,226.695
-401.272,9.01911,227.398
-401.127,9.00251,228.091
-400.953,8.98634,228.774
-400.747,8.96698,229.446
-400.503,8.94401,230.105
-400.226,8.91941,230.748
-399.913,8.89629,231.372
-399.571,8.86999,231.984
-399.2,8.84082,232.577
-398.802,8.81019,233.148
-398.375,8.78088,233.698
-397.924,8.74803,234.23
-397.436,8.71537,234.742
-396.914,8.68206,235.243
-396.354,8.64847,235.721
-395.756,8.61019,236.182
-395.126,8.56647,236.625
-394.466,8.52483,237.039
-393.776,8.48184,237.426
-393.059,8.44267,237.785
-392.32,8.40329,238.115
-391.554,8.36303,238.421
-390.764,8.32075,238.706
-389.955,8.27765,238.968
-389.126,8.23877,239.198
-388.273,8.20078,239.404
-387.397,8.15889,239.593
-386.494,8.11452,239.77
-385.576,8.07105,239.927
-384.644,8.02812,240.07
-383.699,7.98934,240.199
-382.743,7.94805,240.317
-381.766,7.90392,240.426
-380.771,7.85639,240.53
-379.763,7.81276,240.623
-378.751,7.77011,240.71
-377.723,7.72834,240.79
-376.693,7.68544,240.864
-375.651,7.64547,240.936
-374.608,7.60454,241.005
-373.554,7.56376,241.075
-372.495,7.52074,241.142
-371.428,7.47922,241.205
-370.36,7.43791,241.269
-369.286,7.393,241.328
-368.21,7.34823,241.383
-367.128,7.30126,241.432
-366.04,7.25367,241.474
-364.948,7.20548,241.51
-363.854,7.15849,241.541
-362.755,7.11143,241.568
-361.657,7.06491,241.59
-360.564,7.02201,241.604
-359.469,6.97891,241.613
-358.377,6.9366,241.619
-357.29,6.89364,241.623
-356.208,6.84856,241.627
-355.129,6.80112,241.629
-354.046,6.75034,241.629
-352.964,6.69895,241.626
-351.883,6.65214,241.617
-350.808,6.60281,241.604
-349.739,6.55819,241.59
-348.675,6.51509,241.567
-347.608,6.46664,241.538
-346.545,6.41876,241.501
-345.488,6.37389,241.452
-344.433,6.32864,241.397
-343.377,6.28493,241.336
-342.323,6.24148,241.267
-341.275,6.19967,241.19
-340.234,6.15854,241.107
-339.192,6.11688,241.021
-338.148,6.07378,240.939
-337.103,6.0321,240.854
-336.061,5.99615,240.77
-335.028,5.95882,240.688
-333.997,5.92223,240.609
-332.967,5.87966,240.528
-331.934,5.83222,240.455
-330.901,5.7875,240.398
-329.866,5.74326,240.347
-328.835,5.698,240.3
-327.808,5.65428,240.257
-326.779,5.60987,240.225
-325.748,5.56327,240.201
-324.716,5.51462,240.184
-323.689,5.46915,240.178
-322.663,5.42522,240.178
-321.635,5.37802,240.186
-320.603,5.32935,240.199
-319.572,5.28295,240.221
-318.543,5.23761,240.249
-317.515,5.19227,240.281
-316.489,5.1456,240.316
-315.461,5.09862,240.35
-314.429,5.05336,240.388
-313.394,5.00796,240.428
-312.359,4.96668,240.469
-311.326,4.92847,240.512
-310.297,4.89055,240.556
-309.272,4.85105,240.601
-308.248,4.81333,240.644
-307.225,4.77373,240.687
-306.204,4.73248,240.734
-305.185,4.69349,240.779
-304.169,4.65298,240.82
-303.155,4.61435,240.858
-302.144,4.57652,240.891
-301.139,4.53804,240.921
-300.139,4.50064,240.951
-299.145,4.46158,240.981
-298.158,4.42341,241.012
-297.178,4.38503,241.042
-296.204,4.34473,241.073
-295.236,4.30241,241.101
-294.275,4.26289,241.127
-293.32,4.22104,241.153
-292.372,4.17624,241.179
-291.429,4.13199,241.198
-290.495,4.0878,241.216
-289.567,4.04474,241.231
-288.651,4.0032,241.244
-287.743,3.96166,241.254
-286.844,3.92006,241.261
-285.951,3.8792,241.263
-285.063,3.83929,241.264
-284.18,3.79755,241.262
-283.303,3.75674,241.259
-282.432,3.7183,241.253
-281.572,3.67776,241.246
-280.727,3.64043,241.242
-279.899,3.60432,241.237
-279.084,3.56801,241.229
-278.278,3.53238,241.221
-277.482,3.49524,241.214
-276.695,3.4591,241.207
-275.917,3.42617,241.199
-275.149,3.39399,241.192
-274.388,3.36339,241.187
-273.639,3.3342,241.181
-272.9,3.30648,241.176
-272.173,3.28025,241.172
-271.456,3.25402,241.169
-270.747,3.22824,241.168
-270.046,3.20214,241.166
-269.354,3.17531,241.164
-268.672,3.14865,241.161
-268.003,3.12243,241.16
-267.345,3.09864,241.161
-266.701,3.07528,241.161
-266.064,3.05069,241.162
-265.437,3.0255,241.164
-264.818,3.00151,241.166
-264.21,2.97761,241.168
-263.613,2.95472,241.171
-263.024,2.93141,241.173
-262.442,2.9094,241.176
-261.866,2.88821,241.179
-261.297,2.86624,241.183
-260.736,2.84458,241.186
-260.178,2.82421,241.188
-259.623,2.80466,241.191
-259.07,2.7854,241.193
-258.519,2.76478,241.196
-257.971,2.74341,241.2
-257.425,2.72247,241.202
-256.881,2.70239,241.203
-256.337,2.683,241.206
-255.794,2.66309,241.21
-255.251,2.64219,241.214
-254.712,2.61974,241.216
-254.177,2.59788,241.219
-253.643,2.57692,241.223
-253.111,2.55713,241.228
-252.582,2.53814,241.234
-252.053,2.51894,241.238
-251.526,2.4989,241.243
-251.001,2.47788,241.249
-250.481,2.45454,241.259
-249.966,2.42998,241.273
-249.455,2.40584,241.285
-248.945,2.38374,241.293
-248.436,2.36179,241.3
-247.925,2.33667,241.311
-247.415,2.3072,241.328
-246.904,2.27763,241.342
-246.393,2.25082,241.353
-245.881,2.22467,241.362
-245.373,2.19676,241.374
-244.868,2.16759,241.387
-244.362,2.14047,241.399
-243.854,2.11468,241.406
-243.345,2.08966,241.413
-242.834,2.06268,241.42
-242.32,2.03255,241.428
-241.802,2.00326,241.433
-241.282,1.97473,241.437
-240.76,1.94732,241.442
-240.235,1.92008,241.445
-239.708,1.89234,241.445
-239.177,1.86514,241.444
-238.642,1.83936,241.442
-238.105,1.81418,241.443
-237.569,1.79033,241.443
-237.033,1.76691,241.441
-236.498,1.74449,241.439
-235.966,1.72435,241.433
-235.436,1.7054,241.427
-234.909,1.68635,241.423
-234.383,1.6677,241.421
-233.859,1.64958,241.418
-233.337,1.6325,241.412
-232.817,1.61568,241.4
-232.298,1.59794,241.382
-231.782,1.57869,241.362
-231.27,1.55905,241.339
-230.758,1.54183,241.312
-230.252,1.5258,241.278
-229.76,1.50627,241.235
-229.28,1.48547,241.183
-228.812,1.46366,241.124
-228.356,1.44243,241.059
-227.911,1.42429,240.983
-227.477,1.40496,240.896
-227.053,1.38368,240.799
-226.646,1.36369,240.696
-226.256,1.34587,240.588
-225.883,1.3272,240.479
-225.53,1.30962,240.37
-225.196,1.29511,240.259
-224.874,1.28346,240.143
-224.558,1.27323,240.023
-224.247,1.26359,239.895
-223.942,1.25372,239.758
-223.645,1.24458,239.612
-223.354,1.23514,239.456
-223.071,1.22443,239.293
-222.798,1.21444,239.123
-222.535,1.20406,238.948
-222.281,1.19487,238.766
-222.036,1.1885,238.575
-221.795,1.18253,238.376
-221.555,1.17645,238.16
-221.315,1.16888,237.929
-221.077,1.16237,237.676
-220.845,1.15582,237.401
-220.622,1.14758,237.102
-220.405,1.13821,236.781
-220.19,1.12835,236.441
-219.982,1.11999,236.08
-219.79,1.11363,235.699
-219.618,1.11172,235.293
-219.456,1.11324,234.865
-219.297,1.116,234.419
-219.15,1.11843,233.95
-219.027,1.11896,233.458
-218.922,1.12147,232.939
-218.824,1.13032,232.395
-218.729,1.14395,231.825
-218.647,1.15058,231.227
-218.586,1.15001,230.6
-218.547,1.15251,229.949
-218.521,1.164,229.284
-218.506,1.17678,228.596
-218.508,1.18739,227.887
-218.527,1.19668,227.156
-218.555,1.20893,226.405
-218.587,1.22503,225.637
-218.618,1.23826,224.851
-218.644,1.25367,224.044
-218.674,1.27181,223.22
-218.706,1.28552,222.375
-218.743,1.30159,221.51
-218.77,1.32099,220.624
-218.792,1.33979,219.716
-218.807,1.35261,218.791
-218.823,1.37332,217.848
-218.843,1.39621,216.889
-218.854,1.41579,215.915
-218.861,1.43138,214.935
-218.867,1.44677,213.951
-218.872,1.45968,212.957
-218.879,1.47213,211.952
-218.881,1.48354,210.942
-218.886,1.49913,209.929
-218.885,1.51991,208.918
-218.884,1.54091,207.909
-218.883,1.5652,206.899
-218.881,1.58785,205.892
-218.881,1.61483,204.886
-218.884,1.64483,203.874
-218.89,1.67392,202.874
-218.889,1.69537,201.885
-218.886,1.72049,200.913
-218.884,1.73838,199.945
-218.877,1.75324,198.973
-218.87,1.76522,198
-218.865,1.77749,197.026
-218.859,1.79406,196.056
-218.855,1.81353,195.094
-218.85,1.83065,194.14
-218.839,1.84573,193.202
-218.823,1.8608,192.278
-218.804,1.87297,191.367
-218.786,1.87964,190.471
-218.763,1.88726,189.588
-218.734,1.8946,188.72
-218.701,1.89813,187.875
-218.675,1.9044,187.056
-218.646,1.91549,186.261
-218.612,1.92209,185.486
-218.573,1.92515,184.736
-218.542,1.92827,184.01
-218.505,1.93696,183.297
-218.459,1.94379,182.595
-218.414,1.94853,181.904
-218.376,1.94974,181.225
-218.338,1.95955,180.566
-218.295,1.97019,179.931
-218.258,1.97477,179.323
-218.234,1.97523,178.745
-218.217,1.97539,178.201
-218.205,1.98077,177.687
-218.192,1.98699,177.192
-218.175,1.98852,176.705
-218.159,1.98809,176.217
-218.143,1.99124,175.731
-218.128,1.99533,175.245
-218.109,2.00328,174.763
-218.091,2.00859,174.288
-218.069,2.00663,173.817
-218.044,2.00213,173.355
-218.018,1.99896,172.9
-217.994,1.9983,172.448
-217.971,2.00288,171.995
-217.946,2.00947,171.536
-217.916,2.01275,171.067
-217.878,2.01007,170.585
-217.838,2.00512,170.094
-217.799,2.00355,169.593
-217.76,2.00917,169.087
-217.715,2.01943,168.572
-217.66,2.02957,168.046
-217.6,2.03938,167.506
-217.538,2.04968,166.952
-217.476,2.05949,166.384
-217.414,2.06984,165.802
-217.35,2.07843,165.208
-217.286,2.08951,164.599
-217.223,2.10218,163.974
-217.162,2.11756,163.331
-217.1,2.13236,162.666
-217.045,2.14564,161.984
-216.989,2.15518,161.287
-216.929,2.16777,160.576
-216.872,2.18383,159.852
-216.828,2.2009,159.108
-216.796,2.21304,158.344
-216.773,2.22828,157.562
-216.768,2.2412,156.765
-216.77,2.25435,155.951
-216.787,2.26982,155.119
-216.818,2.29005,154.266
-216.858,2.30667,153.394
-216.902,2.32359,152.505
-216.953,2.34424,151.607
-217.007,2.36506,150.693
-217.067,2.38554,149.765
-217.127,2.40885,148.82
-217.189,2.43071,147.863
-217.255,2.45019,146.899
-217.318,2.47264,145.922
-217.384,2.49619,144.931
-217.448,2.51354,143.918
-217.512,2.53358,142.896
-217.577,2.55249,141.867
-217.636,2.57614,140.833
-217.691,2.59876,139.797
-217.753,2.61995,138.763
-217.809,2.64145,137.733
-217.858,2.6601,136.708
-217.911,2.67846,135.684
-217.955,2.69345,134.659
-217.989,2.70707,133.633
-218.01,2.72313,132.608
-218.024,2.73608,131.587
-218.023,2.7472,130.577
-218.017,2.75724,129.57
-218.013,2.76721,128.559
-217.999,2.77836,127.548
-217.985,2.79262,126.543
-217.963,2.80825,125.557
-217.939,2.82637,124.584
-217.912,2.84044,123.629
-217.894,2.8506,122.691
-217.88,2.861,121.777
-217.867,2.87223,120.884
-217.854,2.88147,120.013
-217.839,2.88959,119.166
-217.816,2.89559,118.345
-217.793,2.90565,117.556
-217.772,2.91337,116.793
-217.749,2.91842,116.058
-217.727,2.923,115.355
-217.71,2.92783,114.682
-217.697,2.93388,114.038
-217.685,2.94079,113.425
-217.676,2.9463,112.842
-217.664,2.95265,112.288
-217.648,2.95983,111.769
-217.634,2.96619,111.281
-217.628,2.97273,110.818
-217.63,2.9785,110.37
-217.633,2.98437,109.933
-217.627,2.98917,109.499
-217.607,2.99294,109.067
-217.59,2.99729,108.633
-217.586,3.00405,108.2
-217.588,3.00994,107.768
-217.587,3.01315,107.342
-217.577,3.01165,106.922
-217.562,3.01146,106.507
-217.546,3.01613,106.093
-217.536,3.02648,105.679
-217.524,3.03942,105.261
-217.498,3.0459,104.838
-217.464,3.04349,104.409
-217.436,3.04064,103.973
-217.412,3.04364,103.53
-217.383,3.05324,103.081
-217.343,3.0641,102.628
-217.293,3.07202,102.165
-217.24,3.0752,101.688
-217.19,3.07635,101.194
-217.143,3.07935,100.689
-217.091,3.08384,100.17
-217.034,3.08763,99.6363
-216.968,3.08872,99.0915
-216.896,3.09019,98.5375
-216.825,3.0913,97.9702
-216.755,3.0921,97.3869
-216.688,3.09637,96.7855
-216.617,3.10185,96.1641
-216.545,3.10609,95.5242
-216.473,3.10889,94.8679
-216.401,3.11368,94.2037
-216.331,3.12383,93.533
-216.269,3.13535,92.8501
-216.218,3.14709,92.1555
-216.181,3.15432,91.4478
-216.15,3.15786,90.7249
-216.134,3.16276,89.9904
-216.129,3.16413,89.2464
-216.143,3.16394,88.491
-216.171,3.17095,87.7264
-216.214,3.17942,86.9522
-216.273,3.18439,86.176
-216.35,3.18942,85.3932
-216.443,3.20083,84.611
-216.547,3.21262,83.8201
-216.661,3.22011,83.0124
-216.779,3.21927,82.1951
-216.894,3.22253,81.3727
-217.002,3.2325,80.5362
-217.104,3.24162,79.6884
-217.205,3.25004,78.832
-217.296,3.26273,77.9707
-217.383,3.27387,77.1041
-217.461,3.2863,76.2286
-217.527,3.29323,75.3411
-217.583,3.29692,74.4394
-217.638,3.30114,73.5247
-217.687,3.30613,72.5982
-217.722,3.3083,71.6658
-217.749,3.31494,70.7287
-217.775,3.32206,69.7865
-217.798,3.32397,68.8416
-217.815,3.33003,67.8963
-217.83,3.33448,66.9504
-217.843,3.33564,66.0123
-217.85,3.3418,65.0743
-217.861,3.34799,64.1343
-217.872,3.34877,63.1921
-217.882,3.35278,62.2551
-217.9,3.35771,61.3259
-217.916,3.35807,60.4044
-217.931,3.35862,59.4872
-217.95,3.3634,58.569
-217.965,3.36719,57.6463
-217.972,3.37735,56.7239
-217.982,3.39328,55.8098
-217.997,3.40845,54.9094
-218.019,3.42407,54.0275
-218.042,3.43612,53.1551
-218.062,3.44455,52.2879
-218.088,3.44813,51.4271
-218.113,3.44882,50.5815
-218.13,3.45355,49.754
-218.155,3.45782,48.9422
-218.179,3.4602,48.1457
-218.194,3.46462,47.3644
-218.205,3.46946,46.6098
-218.222,3.47168,45.8817
-218.235,3.47448,45.1814
-218.245,3.47921,44.5054
-218.253,3.48119,43.8537
-218.26,3.47795,43.2267
-218.264,3.47462,42.6266
-218.265,3.47504,42.0562
-218.26,3.47328,41.5184
-218.249,3.47165,41.0089
-218.237,3.47094,40.525
-218.224,3.47145,40.0681
-218.21,3.47396,39.6342
-218.189,3.47439,39.2206
-218.164,3.47274,38.8249
-218.136,3.47026,38.4484
-218.107,3.46864,38.0841
-218.075,3.46735,37.7295
-218.037,3.46456,37.3854
-217.994,3.45957,37.0541
-217.948,3.45318,36.736
-217.899,3.44804,36.4287
-217.845,3.44522,36.1309
-217.788,3.44393,35.8411
-217.726,3.44294,35.56
-217.659,3.44136,35.2828
-217.584,3.43764,35.0109
-217.497,3.43161,34.746
-217.399,3.42441,34.4879
-217.294,3.41629,34.2372
-217.186,3.40868,33.9901
-217.075,3.40293,33.7494
-216.956,3.39905,33.5171
-216.832,3.39541,33.2928
-216.701,3.39207,33.0691
-216.558,3.38932,32.845
-216.4,3.38585,32.6204
-216.226,3.3815,32.3893
-216.037,3.37542,32.1524
-215.837,3.36717,31.909
-215.618,3.36023,31.6589
-215.382,3.34992,31.4092
-215.123,3.34228,31.1541
-214.843,3.33591,30.8985
-214.538,3.32932,30.6454
-214.205,3.31974,30.3967
-213.852,3.30507,30.1482
-213.476,3.28735,29.8975
-213.078,3.27231,29.6531
-212.652,3.25703,29.4116
-212.2,3.24342,29.1751
-211.721,3.22965,28.9396
-211.222,3.21447,28.7092
-210.696,3.19595,28.481
-210.145,3.17577,28.2536
-209.572,3.1569,28.023
-208.979,3.1394,27.7892
-208.359,3.12143,27.5502
-207.708,3.09837,27.3141
-207.057,3.07839,27.1021
-206.397,3.05753,26.9075
-205.74,3.04056,26.7362
-205.085,3.01851,26.5853
-204.433,3.00275,26.4592
-203.796,2.98433,26.3555
-203.144,2.9734,26.2581
-202.534,2.95439,26.1949
-201.924,2.93169,26.1491
-201.309,2.90814,26.1127
-200.693,2.88317,26.0872
-200.075,2.85747,26.0709
-199.458,2.83115,26.061
-198.838,2.80659,26.0491
-198.218,2.78133,26.0366
-197.609,2.75454,26.0332
-197.003,2.72942,26.0348
-196.394,2.70482,26.0427
-195.777,2.6793,26.0547
-195.148,2.65406,26.0706
-194.507,2.62769,26.0869
-193.851,2.60163,26.1028
-193.181,2.57526,26.1183
-192.497,2.5473,26.1382
-191.8,2.51695,26.1646
-191.09,2.48655,26.1931
-190.369,2.458,26.2226
-189.633,2.42919,26.258
-188.886,2.39744,26.2963
-188.125,2.36542,26.3373
-187.351,2.33104,26.3825
-186.566,2.29312,26.4313
-185.764,2.25506,26.4763
-184.946,2.21816,26.5194
-184.113,2.17751,26.5619
-183.268,2.13352,26.6079
-182.414,2.09389,26.6537
-181.548,2.05401,26.7053
-180.667,2.01379,26.7611
-179.766,1.97218,26.8212
-178.855,1.92764,26.8866
-177.936,1.88716,26.9561
-177.004,1.84692,27.0313
-176.059,1.80137,27.1212
-175.107,1.75451,27.2078
-174.14,1.70571,27.3083
-173.161,1.65214,27.4059
-172.161,1.59933,27.5082
-171.159,1.54382,27.6082
-170.149,1.49006,27.7049
-169.124,1.43604,27.803
-168.09,1.38233,27.9002
-167.051,1.32846,27.9903
-166.013,1.28126,28.073
-164.972,1.23287,28.1458
-163.925,1.18101,28.2111
-162.869,1.12848,28.2583
-161.804,1.07474,28.2963
-160.736,1.02797,28.3142
-159.668,0.980449,28.3183
-158.599,0.933652,28.3105
-157.53,0.885526,28.2876
-156.455,0.83454,28.2492
-155.376,0.782189,28.2035
-154.297,0.73046,28.1501
-153.214,0.679586,28.0936
-152.13,0.627965,28.035
-151.036,0.576546,27.9804
-149.938,0.524274,27.9295
-148.836,0.474031,27.8801
-147.73,0.424099,27.8341
-146.618,0.373017,27.7909
-145.499,0.318915,27.7531
-144.374,0.267357,27.7198
-143.238,0.216913,27.6875
-142.091,0.165307,27.6586
-140.933,0.117422,27.635
-139.772,0.0733605,27.6083
-138.608,0.0292402,27.5833
-137.433,-0.0178796,27.5613
-136.253,-0.0673212,27.5395
-135.066,-0.119527,27.5205
-133.875,-0.170016,27.5004
-132.673,-0.221254,27.4804
-131.463,-0.272072,27.4602
-130.253,-0.320846,27.4376
-129.036,-0.370592,27.4096
-127.812,-0.424171,27.3848
-126.58,-0.48116,27.3602
-125.337,-0.539771,27.3344
-124.088,-0.598949,27.3109
-122.837,-0.654159,27.2876
-121.583,-0.706241,27.2612
-120.327,-0.763017,27.2408
-119.064,-0.824851,27.225
-117.8,-0.887317,27.2116
-116.531,-0.952153,27.1977
-115.264,-1.01795,27.1846
-113.993,-1.07794,27.1663
-112.72,-1.13775,27.1465
-111.446,-1.19614,27.1284
-110.17,-1.25342,27.1157
-108.89,-1.31582,27.1083
-107.613,-1.37625,27.1039
-106.334,-1.43824,27.0992
-105.057,-1.50034,27.0924
-103.783,-1.55826,27.0806
-102.51,-1.61324,27.0713
-101.239,-1.66687,27.0617
-99.9786,-1.71927,27.0623
-98.7204,-1.77238,27.0646
-97.4642,-1.8272,27.0705
-96.2058,-1.88169,27.0769
-94.9477,-1.93383,27.083
-93.6918,-1.9846,27.0891
-92.4404,-2.03351,27.0983
-91.1927,-2.08452,27.111
-89.9477,-2.13834,27.1267
-88.7008,-2.19232,27.1448
-87.45,-2.24601,27.1598
-86.2059,-2.29577,27.1691
-84.9653,-2.34243,27.1754
-83.7296,-2.39178,27.1832
-82.4992,-2.44417,27.1948
-81.269,-2.49693,27.2094
-80.0356,-2.54989,27.2243
-78.8048,-2.6069,27.2395
-77.5806,-2.65888,27.2514
-76.3555,-2.71009,27.2624
-75.1352,-2.76566,27.2774
-73.9229,-2.81799,27.293
-72.7126,-2.8742,27.3095
-71.5033,-2.93476,27.3266
-70.2954,-2.99635,27.3409
-69.0923,-3.05395,27.3574
-67.8935,-3.11137,27.373
-66.7028,-3.16728,27.3894
-65.5194,-3.2248,27.4086
-64.3419,-3.28262,27.4295
-63.169,-3.34104,27.4541
-61.9989,-3.39958,27.4783
-60.836,-3.45427,27.5002
-59.6814,-3.51015,27.5214
-58.5287,-3.56333,27.5429
-57.3832,-3.61728,27.5666
-56.2451,-3.67078,27.5912
-55.1163,-3.72417,27.6182
-53.9946,-3.77847,27.6432
-52.8881,-3.8335,27.6676
-51.7958,-3.88891,27.6899
-50.7227,-3.94207,27.7144
-49.6689,-3.99391,27.7395
-48.6359,-4.04532,27.7652
-47.6225,-4.09407,27.7905
-46.6293,-4.1423,27.819
-45.6517,-4.18812,27.8453
-44.6871,-4.23041,27.8699
-43.7368,-4.27169,27.8935
-42.8052,-4.31195,27.9137
-41.8943,-4.35385,27.9395
-40.9965,-4.39488,27.9618
-40.1067,-4.43601,27.9744
-39.227,-4.48274,27.9889
-38.3668,-4.52731,28.0005
-37.5283,-4.56552,28.002
-36.7083,-4.59943,27.9988
-35.9077,-4.63576,27.9971
-35.1282,-4.67204,27.9955
-34.3721,-4.70154,27.9909
-33.638,-4.72804,27.9843
-32.9287,-4.75771,27.9699
-32.2433,-4.78696,27.9548
-31.5766,-4.8117,27.9351
-30.9288,-4.83657,27.916
-30.3009,-4.86849,27.9005
-29.6911,-4.8991,27.8842
-29.1042,-4.92512,27.8651
-28.5394,-4.94999,27.848
-27.996,-4.9778,27.8345
-27.4718,-5.00613,27.8205
-26.97,-5.03243,27.8065
-26.489,-5.05703,27.7926
-26.0287,-5.08086,27.783
-25.5896,-5.10415,27.7749
-25.171,-5.12587,27.7718
-24.7745,-5.14572,27.7752
-24.3961,-5.16598,27.787
-24.0362,-5.18558,27.8017
-23.6943,-5.20449,27.82
-23.3649,-5.22258,27.8439
-23.0488,-5.23903,27.8733
-22.7342,-5.25413,27.9133
-22.4299,-5.27157,27.9654
-22.1319,-5.28819,28.0363
-21.8406,-5.30439,28.1211
-21.5572,-5.3208,28.2182
-21.2782,-5.33518,28.323
-21.0121,-5.35737,28.4399
-20.7469,-5.37057,28.5662
-20.4848,-5.38271,28.701
-20.2178,-5.39147,28.8488
-19.9498,-5.40678,29.0148
-19.6728,-5.41861,29.1985
-19.3916,-5.43496,29.3988
-19.1051,-5.45531,29.6198
-18.8224,-5.47461,29.8656
-18.5441,-5.49013,30.1383
-18.2707,-5.49961,30.4344
-17.9916,-5.50921,30.7638
-17.7135,-5.5249,31.1148
-17.431,-5.54537,31.4931
-17.1559,-5.56841,31.9021
-16.8839,-5.59046,32.3384
-16.6082,-5.60733,32.8105
-16.3304,-5.62216,33.3114
-16.0496,-5.63752,33.843
-15.7729,-5.65048,34.4155
-15.506,-5.67032,35.0182
-15.2414,-5.68681,35.6589
-14.9993,-5.70141,36.3357
-14.7724,-5.71803,37.0486
-14.5607,-5.73483,37.7717
-14.3452,-5.74252,38.5333
-14.1553,-5.74796,39.3242
-13.9729,-5.7648,40.1573
-13.8036,-5.78592,41.0218
-13.6602,-5.79685,41.9093
-13.5431,-5.80662,42.8249
-13.4442,-5.81552,43.7774
-13.3829,-5.82459,44.7569
-13.3471,-5.83217,45.761
-13.3192,-5.83659,46.7874
-13.3026,-5.84615,47.8413
-13.3035,-5.8599,48.9238
-13.314,-5.87272,50.0351
-13.3296,-5.88984,51.17
-13.3534,-5.90474,52.3127
-13.3852,-5.9139,53.4558
-13.4152,-5.92881,54.6055
-13.4508,-5.94736,55.7533
-13.4847,-5.95919,56.8959
-13.5164,-5.97664,58.0381
-13.5495,-5.99256,59.1829
-13.5802,-6.00981,60.33
-13.6069,-6.02503,61.4746
-13.6366,-6.03742,62.6164
-13.6648,-6.05231,63.7578
-13.6929,-6.06951,64.8959
-13.7211,-6.08808,66.026
-13.7467,-6.10589,67.1525
-13.7707,-6.12658,68.2798
-13.7938,-6.14603,69.4058
-13.8154,-6.16377,70.5298
-13.8346,-6.1797,71.6467
-13.8536,-6.19513,72.7569
-13.8737,-6.21263,73.8583
-13.8926,-6.22834,74.9536
-13.9095,-6.245,76.0423
-13.9267,-6.26301,77.1156
-13.9418,-6.27611,78.1695
-13.9555,-6.2872,79.2049
-13.9682,-6.30059,80.225
-13.9841,-6.31557,81.2304
-13.9985,-6.33105,82.214
-14.0069,-6.34709,83.1786
-14.0199,-6.36286,84.1216
-14.0301,-6.37849,85.0479
-14.0377,-6.39192,85.9571
-14.0464,-6.40572,86.8495
-14.0546,-6.4155,87.7092
-14.0573,-6.42204,88.5402
-14.0605,-6.42815,89.3425
-14.0676,-6.43656,90.1239
-14.0744,-6.44525,90.8732
-14.0791,-6.4553,91.6022
-14.0762,-6.46574,92.3004
-14.0629,-6.47829,92.967
-14.0353,-6.48817,93.6112
-13.9918,-6.49905,94.2158
-13.9359,-6.50839,94.7962
-13.8607,-6.51849,95.3411
-13.7677,-6.52954,95.8595
-13.6489,-6.53871,96.3561
-13.5054,-6.54893,96.8278
-13.3435,-6.55851,97.2748
-13.1679,-6.56953,97.6987
-12.9808,-6.58273,98.1044
-12.775,-6.59547,98.4953
-12.5506,-6.60726,98.8664
-12.3143,-6.62072,99.2139
-12.0665,-6.63383,99.5383
-11.8188,-6.64499,99.8389
-11.5747,-6.65739,100.115
-11.325,-6.66848,100.365
-11.075,-6.68041,100.586
-10.826,-6.69381,100.783
-10.5837,-6.70881,100.958
-10.3579,-6.72204,101.115
-10.1556,-6.73392,101.257
-9.96981,-6.74361,101.389
-9.79118,-6.75248,101.511
-9.60883,-6.76179,101.623
-9.42034,-6.77144,101.732
-9.2273,-6.78038,101.839
-9.03386,-6.78872,101.937
-8.83869,-6.79922,102.019
-8.64072,-6.80938,102.087
-8.43979,-6.81959,102.147
-8.23481,-6.8276,102.207
-8.02514,-6.83347,102.265
-7.81694,-6.84018,102.322
-7.61275,-6.849,102.371
-7.41177,-6.85744,102.414
-7.20753,-6.86464,102.455
-7.00102,-6.87076,102.501
-6.79044,-6.87436,102.549
-6.57857,-6.87963,102.59
-6.3657,-6.8893,102.614
-6.152,-6.89861,102.63
-5.93687,-6.90524,102.647
-5.72072,-6.91368,102.669
-5.50556,-6.92276,102.697
-5.29282,-6.93056,102.726
-5.08163,-6.93552,102.747
-4.87105,-6.93552,102.752
-4.66045,-6.93625,102.75
-4.4463,-6.94255,102.756
-4.22917,-6.9522,102.773
-4.01248,-6.96168,102.79
-3.79622,-6.96795,102.8
-3.57683,-6.9732,102.804
-3.3484,-6.97966,102.805
-3.10631,-6.98735,102.809
-2.84628,-6.99611,102.822
-2.56826,-7.00426,102.842
-2.26987,-7.0115,102.861
-1.95492,-7.02223,102.876
-1.62489,-7.03603,102.891
-1.28735,-7.05011,102.908
-0.94024,-7.0633,102.931
-0.586339,-7.07397,102.955
-0.226984,-7.08616,102.972
0.137837,-7.10256,102.987
0.5081,-7.11745,103.003
0.883724,-7.1274,103.019
1.26625,-7.13896,103.035
1.6577,-7.15378,103.049
2.05352,-7.16652,103.057
2.45183,-7.17504,103.063
2.85545,-7.18657,103.066
3.25909,-7.20037,103.074
3.66391,-7.21217,103.085
4.07002,-7.22261,103.091
4.4761,-7.23369,103.086
4.8823,-7.24455,103.072
5.28877,-7.25503,103.052
5.70345,-7.26546,103.028
6.12857,-7.27696,103.005
6.56451,-7.28871,102.987
7.00723,-7.30192,102.968
7.46059,-7.31665,102.943
7.92606,-7.33307,102.912
8.40113,-7.34879,102.877
8.88421,-7.36076,102.84
9.37529,-7.37331,102.812
9.87923,-7.38847,102.798
10.3948,-7.40421,102.797
10.9218,-7.42022,102.811
11.4638,-7.43495,102.838
12.0219,-7.45017,102.875
12.5934,-7.46785,102.927
13.1735,-7.48875,102.99
13.7665,-7.50962,103.057
14.3736,-7.52732,103.117
14.9969,-7.54321,103.173
15.6377,-7.56282,103.224
16.2973,-7.58671,103.272
16.9728,-7.61077,103.311
17.6572,-7.6334,103.343
18.3473,-7.65413,103.366
19.042,-7.67548,103.386
19.7443,-7.69419,103.4
20.457,-7.71317,103.411
21.1802,-7.73602,103.419
21.9092,-7.7623,103.427
22.6402,-7.78958,103.433
23.3695,-7.81375,103.434
24.1009,-7.83742,103.433
24.8341,-7.85915,103.431
25.5696,-7.88088,103.429
26.3016,-7.90466,103.423
27.027,-7.92887,103.417
27.7521,-7.95296,103.411
28.4771,-7.97272,103.406
29.2046,-7.99733,103.401
29.9323,-8.02732,103.396
30.655,-8.05631,103.394
31.375,-8.08205,103.393
32.0946,-8.10575,103.397
32.8147,-8.13145,103.397
33.5348,-8.15725,103.397
34.2506,-8.18053,103.401
34.9617,-8.20213,103.413
35.6675,-8.22488,103.419
36.3685,-8.24973,103.422
37.0702,-8.2751,103.432
37.7726,-8.29941,103.451
38.473,-8.32818,103.466
39.1709,-8.36037,103.477
39.8652,-8.39097,103.488
40.5569,-8.42118,103.506
41.2514,-8.45401,103.52
41.9469,-8.48779,103.525
42.6442,-8.52212,103.531
43.3416,-8.55629,103.538
44.0373,-8.58886,103.548
44.7283,-8.62263,103.556
45.4143,-8.65646,103.56
46.1015,-8.68645,103.559
46.788,-8.71569,103.564
47.4765,-8.74949,103.571
48.1662,-8.78384,103.578
48.8514,-8.81316,103.582
49.5373,-8.84271,103.597
50.2201,-8.87508,103.614
50.9023,-8.90727,103.622
51.5832,-8.93823,103.628
52.2613,-8.96634,103.637
52.9423,-8.99819,103.649
53.6219,-9.0281,103.646
54.2996,-9.06075,103.643
54.9756,-9.09266,103.645
55.6542,-9.11968,103.658
56.3327,-9.14832,103.668
57.0092,-9.18099,103.669
57.6854,-9.21375,103.662
58.3546,-9.2445,103.666
59.0246,-9.27689,103.674
59.6999,-9.31108,103.685
60.3781,-9.34251,103.693
61.0588,-9.37642,103.698
61.7375,-9.41191,103.704
62.4112,-9.44439,103.713
63.0808,-9.47415,103.726
63.7511,-9.50301,103.732
64.4257,-9.53416,103.733
65.1042,-9.5638,103.733
65.7867,-9.59247,103.743
66.467,-9.62413,103.75
67.1405,-9.65741,103.747
67.815,-9.68611,103.747
68.4885,-9.70866,103.755
69.1697,-9.7345,103.754
69.8525,-9.76888,103.748
70.5279,-9.80124,103.75
71.2027,-9.8292,103.754
71.8783,-9.85668,103.746
72.5536,-9.88687,103.735
73.2307,-9.92365,103.736
73.9035,-9.95803,103.738
74.5774,-9.99108,103.737
75.2593,-10.0242,103.736
75.9447,-10.056,103.74
76.6285,-10.0932,103.743
77.3065,-10.129,103.744
77.9787,-10.1578,103.745
78.6539,-10.1823,103.747
79.3359,-10.2099,103.752
80.0218,-10.2409,103.756
80.7082,-10.2711,103.749
81.3843,-10.3021,103.748
82.0514,-10.337,103.758
82.7208,-10.3678,103.769
83.3952,-10.3932,103.766
84.0775,-10.4266,103.761
84.7596,-10.4689,103.771
85.4313,-10.5091,103.784
86.0926,-10.5447,103.787
86.7523,-10.5796,103.783
87.4131,-10.616,103.783
88.0771,-10.6527,103.79
88.7388,-10.6927,103.8
89.3949,-10.7302,103.809
90.0433,-10.7661,103.811
90.6862,-10.7968,103.812
91.3236,-10.8263,103.814
91.9577,-10.8555,103.813
92.5803,-10.8878,103.817
93.1912,-10.9211,103.822
93.7836,-10.9518,103.825
94.359,-10.981,103.816
94.9157,-11.0063,103.799
95.4554,-11.037,103.798
95.9772,-11.0652,103.808
96.4745,-11.091,103.812
96.9481,-11.1158,103.805
97.3996,-11.1421,103.795
97.8314,-11.1659,103.79
98.2462,-11.187,103.791
98.646,-11.2048,103.793
99.0318,-11.2216,103.789
99.3996,-11.2406,103.778
99.7479,-11.2597,103.765
100.076,-11.2763,103.758
100.384,-11.292,103.757
100.672,-11.3063,103.756
100.938,-11.3188,103.757
101.181,-11.3291,103.759
101.401,-11.3379,103.759
101.599,-11.3463,103.759
101.781,-11.355,103.759
101.95,-11.3653,103.766
102.11,-11.3741,103.779
102.269,-11.3814,103.799
102.431,-11.3883,103.823
102.591,-11.3949,103.853
102.753,-11.4,103.893
102.903,-11.4071,103.944
103.046,-11.4142,104.004
103.183,-11.4209,104.073
103.314,-11.4277,104.149
103.441,-11.4336,104.232
103.567,-11.4392,104.321
103.695,-11.4446,104.413
103.827,-11.4507,104.514
103.964,-11.4569,104.626
104.099,-11.4645,104.752
104.236,-11.4725,104.892
104.374,-11.477,105.038
104.511,-11.4804,105.192
104.646,-11.4835,105.356
104.777,-11.4864,105.536
104.905,-11.4885,105.732
105.035,-11.4936,105.943
105.167,-11.4959,106.164
105.3,-11.4953,106.394
105.429,-11.4993,106.634
105.553,-11.5027,106.886
105.672,-11.5039,107.153
105.786,-11.5041,107.428
105.898,-11.5064,107.716
106.003,-11.5102,108.016
106.106,-11.5164,108.327
106.201,-11.521,108.651
106.278,-11.5223,108.992
106.34,-11.5263,109.35
106.395,-11.531,109.722
106.443,-11.5363,110.109
106.483,-11.5409,110.514
106.503,-11.5414,110.937
106.522,-11.5478,111.384
106.543,-11.5591,111.856
106.562,-11.5722,112.343
106.583,-11.586,112.86
106.607,-11.6016,113.392
106.623,-11.619,113.941
106.634,-11.6319,114.512
106.64,-11.6474,115.105
106.645,-11.6624,115.729
106.65,-11.6815,116.369
106.657,-11.7025,117.034
106.663,-11.7232,117.72
106.672,-11.7404,118.429
106.682,-11.7609,119.159
106.694,-11.7845,119.911
106.7,-11.806,120.687
106.708,-11.8277,121.482
106.714,-11.852,122.294
106.719,-11.8765,123.123
106.718,-11.8943,123.97
106.716,-11.915,124.837
106.713,-11.9422,125.722
106.707,-11.9642,126.616
106.697,-11.9846,127.522
106.684,-12.0088,128.438
106.668,-12.0344,129.362
106.645,-12.0584,130.292
106.615,-12.0818,131.232
106.584,-12.1053,132.18
106.549,-12.1307,133.133
106.513,-12.1541,134.088
106.477,-12.1777,135.039
106.438,-12.1981,135.989
106.399,-12.219,136.937
106.358,-12.2386,137.882
106.317,-12.2543,138.822
106.278,-12.2715,139.757
106.241,-12.2902,140.689
106.206,-12.3093,141.621
106.177,-12.3293,142.549
106.149,-12.3504,143.475
106.125,-12.3717,144.4
106.106,-12.3943,145.322
106.092,-12.4153,146.241
106.078,-12.4368,147.155
106.067,-12.4584,148.068
106.058,-12.4782,148.977
106.048,-12.4963,149.883
106.036,-12.5115,150.785
106.027,-12.5264,151.672
106.015,-12.5382,152.539
106.004,-12.5464,153.386
105.994,-12.5557,154.214
105.985,-12.5687,155.018
105.974,-12.5819,155.799
105.963,-12.5941,156.556
105.955,-12.6094,157.29
105.945,-12.6272,157.999
105.934,-12.6434,158.683
105.922,-12.6606,159.337
105.911,-12.6782,159.966
105.9,-12.6948,160.57
105.889,-12.7111,161.151
105.879,-12.7267,161.71
105.868,-12.7413,162.249
105.858,-12.7544,162.765
105.85,-12.7681,163.259
105.843,-12.7821,163.731
105.835,-12.7947,164.18
105.827,-12.8074,164.604
105.82,-12.8186,165.002
105.817,-12.828,165.376
105.821,-12.8372,165.726
105.828,-12.8475,166.055
105.836,-12.8567,166.367
105.843,-12.8644,166.661
105.852,-12.8727,166.938
105.861,-12.8822,167.199
105.873,-12.8915,167.456
105.885,-12.9004,167.711
105.897,-12.9081,167.964
105.909,-12.9159,168.216
105.925,-12.924,168.465
105.939,-12.9332,168.711
105.952,-12.9414,168.956
105.965,-12.9486,169.199
105.977,-12.9558,169.441
105.989,-12.9629,169.684
106,-12.9701,169.931
106.013,-12.9766,170.188
106.032,-12.9831,170.463
106.052,-12.9918,170.757
106.066,-13.0034,171.071
106.073,-13.0159,171.4
106.081,-13.0277,171.745
106.091,-13.0396,172.103
106.102,-13.0496,172.476
106.11,-13.0568,172.864
106.123,-13.0638,173.263
106.142,-13.075,173.672
106.155,-13.0891,174.097
106.16,-13.1021,174.54
106.161,-13.1132,175.001
106.161,-13.1202,175.477
106.165,-13.1271,175.967
106.176,-13.1399,176.476
106.191,-13.1541,177.007
106.199,-13.1645,177.555
106.204,-13.1736,178.124
106.209,-13.1853,178.708
106.216,-13.199,179.313
106.22,-13.2118,179.935
106.226,-13.2233,180.575
106.231,-13.2351,181.234
106.235,-13.2479,181.911
106.237,-13.2624,182.605
106.239,-13.2767,183.318
106.239,-13.2891,184.047
106.24,-13.3022,184.793
106.24,-13.3165,185.555
106.238,-13.3308,186.333
106.236,-13.3455,187.125
106.232,-13.3599,187.933
106.229,-13.375,188.756
106.225,-13.3927,189.594
106.221,-13.4111,190.443
106.215,-13.4281,191.302
106.209,-13.4437,192.171
106.204,-13.461,193.051
106.2,-13.4783,193.942
106.2,-13.497,194.841
106.202,-13.5145,195.752
106.209,-13.5341,196.668
106.218,-13.558,197.585
106.225,-13.5798,198.497
106.23,-13.6037,199.409
106.236,-13.6306,200.32
106.241,-13.6565,201.229
106.245,-13.6825,202.137
106.251,-13.7075,203.042
106.257,-13.7297,203.945
106.262,-13.7526,204.847
106.267,-13.7772,205.744
106.272,-13.8012,206.637
106.271,-13.8246,207.525
106.266,-13.8493,208.408
106.254,-13.8732,209.279
106.237,-13.8949,210.136
106.215,-13.9147,210.978
106.19,-13.9328,211.806
106.164,-13.9512,212.614
106.136,-13.9688,213.403
106.109,-13.9817,214.175
106.085,-13.9937,214.928
106.059,-14.008,215.663
106.035,-14.0224,216.377
106.011,-14.0322,217.071
105.992,-14.0406,217.746
105.975,-14.0506,218.402
105.96,-14.0623,219.038
105.947,-14.0739,219.659
105.938,-14.0837,220.269
105.931,-14.0938,220.873
105.929,-14.1036,221.473
105.93,-14.1154,222.071
105.936,-14.1283,222.666
105.944,-14.142,223.256
105.954,-14.1549,223.844
105.964,-14.1673,224.429
105.978,-14.1794,225.007
105.997,-14.1935,225.577
106.016,-14.2082,226.141
106.031,-14.2214,226.695
106.043,-14.2346,227.238
106.057,-14.2484,227.768
106.07,-14.2622,228.287
106.082,-14.2747,228.793
106.088,-14.2878,229.286
106.09,-14.3006,229.768
106.088,-14.3131,230.239
106.087,-14.3251,230.705
106.087,-14.3367,231.167
106.086,-14.349,231.626
106.081,-14.3616,232.085
106.07,-14.374,232.539
106.056,-14.3852,232.991
106.039,-14.3967,233.438
106.022,-14.4088,233.881
106.005,-14.4211,234.319
105.992,-14.433,234.754
105.98,-14.4439,235.185
105.97,-14.4538,235.614
105.958,-14.4638,236.041
105.946,-14.4732,236.473
105.935,-14.4845,236.912
105.927,-14.4975,237.36
105.926,-14.5083,237.817
105.925,-14.5189,238.281
105.915,-14.5298,238.748
105.902,-14.54,239.221
105.893,-14.55,239.703
105.893,-14.5606,240.192
105.902,-14.5679,240.688
105.904,-14.5778,241.194
105.89,-14.5899,241.712
105.873,-14.5989,242.238
105.858,-14.6078,242.771
105.848,-14.618,243.315
105.836,-14.6273,243.871
105.822,-14.6345,244.437
105.797,-14.643,245.011
105.76,-14.6551,245.596
105.713,-14.6675,246.189
105.659,-14.6774,246.791
105.595,-14.6889,247.405
105.514,-14.702,248.029
105.419,-14.7173,248.665
105.314,-14.7329,249.308
105.206,-14.7489,249.963
105.098,-14.7632,250.622
104.987,-14.7772,251.291
104.875,-14.7912,251.967
104.767,-14.8065,252.655
104.664,-14.8209,253.353
104.569,-14.8347,254.062
104.479,-14.849,254.782
104.396,-14.8642,255.514
104.324,-14.8786,256.257
104.261,-14.8941,257.014
104.206,-14.912,257.781
104.158,-14.9325,258.56
104.118,-14.9529,259.349
104.086,-14.9724,260.149
104.061,-14.9932,260.958
104.04,-15.0169,261.775
104.023,-15.0405,262.602
104.009,-15.0635,263.44
103.996,-15.0878,264.289
103.987,-15.1147,265.143
103.977,-15.1413,266.004
103.968,-15.1652,266.873
103.956,-15.1872,267.748
103.943,-15.207,268.626
103.928,-15.2234,269.502
103.914,-15.2378,270.373
103.9,-15.2504,271.24
103.884,-15.2628,272.107
103.864,-15.2771,272.975
103.846,-15.2915,273.843
103.825,-15.3068,274.708
103.803,-15.3214,275.57
103.783,-15.3355,276.427
103.762,-15.3528,277.281
103.737,-15.3667,278.136
103.712,-15.3781,278.989
103.692,-15.3935,279.837
103.672,-15.4042,280.674
103.65,-15.413,281.502
103.634,-15.4247,282.322
103.62,-15.44,283.131
103.605,-15.4544,283.92
103.589,-15.4673,284.692
103.577,-15.4807,285.445
103.568,-15.4944,286.18
103.557,-15.5079,286.894
103.549,-15.5199,287.587
103.542,-15.532,288.263
103.533,-15.5453,288.92
103.524,-15.5594,289.559
103.515,-15.5724,290.18
103.509,-15.5865,290.784
103.503,-15.6024,291.374
103.498,-15.6201,291.958
103.489,-15.6361,292.532
103.484,-15.654,293.099
103.481,-15.6744,293.657
103.486,-15.6945,294.207
103.486,-15.7142,294.744
103.482,-15.735,295.266
103.479,-15.7543,295.771
103.484,-15.774,296.26
103.502,-15.791,296.73
103.523,-15.8081,297.181
103.542,-15.8271,297.619
103.564,-15.8465,298.043
103.595,-15.8646,298.45
103.639,-15.8837,298.841
103.69,-15.904,299.217
103.745,-15.9237,299.578
103.809,-15.9426,299.925
103.883,-15.9608,300.257
103.965,-15.9797,300.576
104.056,-15.9993,300.883
104.154,-16.0197,301.177
104.253,-16.0404,301.46
104.357,-16.0614,301.732
104.464,-16.0809,302
104.574,-16.0974,302.267
104.691,-16.1118,302.53
104.821,-16.1254,302.787
104.962,-16.141,303.035
105.112,-16.1588,303.274
105.268,-16.1776,303.507
105.429,-16.1951,303.735
105.596,-16.2107,303.961
105.771,-16.228,304.191
105.953,-16.2461,304.427
106.147,-16.2643,304.67
106.354,-16.2833,304.917
106.573,-16.2992,305.165
