0,0,-0
-0.00558666,-0.0209157,1.2117
-0.00898519,-0.0426824,2.42492
-0.0100092,-0.0652936,3.63814
-0.0103555,-0.0865774,4.85017
-0.0103965,-0.108787,6.06125
-0.00896169,-0.131341,7.27209
-0.00631953,-0.153687,8.4838
-0.00312436,-0.175779,9.69779
-0.00110504,-0.198058,10.9089
-0.000143702,-0.218925,12.1158
-0.00348188,-0.23983,13.3229
-0.00914273,-0.261226,14.5297
-0.0173266,-0.282755,15.7374
-0.0247233,-0.303689,16.9457
-0.0319052,-0.324768,18.1548
-0.0397848,-0.345832,19.3639
-0.0493666,-0.367686,20.5735
-0.0593991,-0.388666,21.7827
-0.0716174,-0.410609,22.994
-0.083766,-0.433945,24.2041
-0.0968055,-0.457055,25.413
-0.110841,-0.478817,26.6234
-0.124087,-0.501003,27.8359
-0.139602,-0.521639,29.0462
-0.155684,-0.542488,30.2565
-0.172283,-0.564186,31.4638
-0.191069,-0.586187,32.6734
-0.210471,-0.609075,33.8832
-0.230442,-0.63135,35.094
-0.250686,-0.652883,36.3057
-0.2715,-0.674463,37.5181
-0.292057,-0.695916,38.7315
-0.313369,-0.716777,39.945
-0.334486,-0.736969,41.1597
-0.356435,-0.7565,42.3723
-0.378943,-0.775013,43.5864
-0.403077,-0.79286,44.8037
-0.422534,-0.808882,46.0215
-0.441055,-0.822023,47.2401
-0.456609,-0.830105,48.46
-0.468942,-0.83758,49.6795
-0.477699,-0.841716,50.8968
-0.48835,-0.846575,52.1145
-0.499325,-0.854135,53.3341
-0.506391,-0.86299,54.5572
-0.515311,-0.872108,55.7799
-0.526863,-0.881291,57.006
-0.540229,-0.890882,58.2332
-0.555135,-0.900043,59.4587
-0.572468,-0.908701,60.6829
-0.590127,-0.918005,61.9065
-0.605693,-0.927864,63.1276
-0.620317,-0.938714,64.3475
-0.636922,-0.94856,65.5686
-0.65362,-0.959451,66.7861
-0.671988,-0.969483,67.9982
-0.692764,-0.977405,69.2079
-0.714621,-0.988238,70.4175
-0.735387,-0.999152,71.6249
-0.755917,-1.00932,72.829
-0.773085,-1.02022,74.0309
-0.790207,-1.02981,75.232
-0.799655,-1.04306,76.4276
-0.803516,-1.05472,77.6172
-0.807807,-1.06794,78.81
-0.807691,-1.08456,80.0044
-0.804159,-1.09777,81.1936
-0.798337,-1.10913,82.3765
-0.785977,-1.12538,83.5562
-0.7683,-1.14412,84.7321
-0.746355,-1.16536,85.9091
-0.721246,-1.18792,87.0861
-0.694514,-1.20984,88.259
-0.662418,-1.23098,89.4276
-0.625829,-1.25271,90.5946
-0.58474,-1.2754,91.7636
-0.539508,-1.29794,92.9376
-0.491152,-1.31873,94.1126
-0.440167,-1.33833,95.2879
-0.384604,-1.3574,96.4642
-0.32626,-1.3771,97.6395
-0.264049,-1.39738,98.8176
-0.20216,-1.41999,99.9997
-0.13773,-1.44487,101.189
-0.0724047,-1.47011,102.386
-0.00827407,-1.49563,103.589
0.0561739,-1.52037,104.797
0.117889,-1.54244,106.011
0.17605,-1.56387,107.23
0.231093,-1.58467,108.454
0.278334,-1.606,109.679
0.323607,-1.62659,110.908
0.363613,-1.64817,112.141
0.399989,-1.66934,113.375
0.430532,-1.68994,114.613
0.454493,-1.70999,115.852
0.471527,-1.72958,117.091
0.482845,-1.74993,118.334
0.488112,-1.77107,119.578
0.487732,-1.79138,120.826
0.483919,-1.81327,122.073
0.479892,-1.83425,123.323
0.472952,-1.85522,124.577
0.465892,-1.87589,125.833
0.459552,-1.89686,127.089
0.447402,-1.91393,128.351
0.436715,-1.93044,129.616
0.428379,-1.94431,130.88
0.41862,-1.95662,132.147
0.412034,-1.97068,133.42
0.406041,-1.98457,134.696
0.398885,-1.99609,135.977
0.3907,-2.00758,137.259
0.384942,-2.01753,138.541
0.378338,-2.02749,139.827
0.369907,-2.04014,141.116
0.360087,-2.0526,142.407
0.350179,-2.06425,143.702
0.337417,-2.07645,144.995
0.328481,-2.08857,146.284
0.319844,-2.10009,147.574
0.31286,-2.11654,148.86
0.307915,-2.13602,150.142
0.301133,-2.15861,151.424
0.296049,-2.18518,152.706
0.290495,-2.21305,153.988
0.284354,-2.24038,155.27
0.276534,-2.26729,156.553
0.26832,-2.29356,157.835
0.260697,-2.31904,159.115
0.25195,-2.3438,160.397
0.243232,-2.36791,161.68
0.232132,-2.39194,162.962
0.220312,-2.41579,164.243
0.208208,-2.43964,165.524
0.194397,-2.46473,166.805
0.181423,-2.49101,168.088
0.165936,-2.51728,169.369
0.150437,-2.54389,170.653
0.13328,-2.57055,171.938
0.115916,-2.59681,173.221
0.0972471,-2.62118,174.506
0.0780838,-2.64581,175.789
0.0577131,-2.6715,177.069
0.0363058,-2.69641,178.35
0.0151375,-2.72256,179.631
-0.00594241,-2.74951,180.91
-0.0253575,-2.77637,182.186
-0.0421758,-2.80474,183.464
-0.0630178,-2.8305,184.743
-0.0835202,-2.855,186.022
-0.107545,-2.87487,187.294
-0.132931,-2.895,188.561
-0.15687,-2.91775,189.828
-0.179867,-2.9435,191.093
-0.202773,-2.97019,192.355
-0.22576,-2.99462,193.617
-0.245772,-3.01826,194.873
-0.264813,-3.0414,196.124
-0.280494,-3.06418,197.371
-0.295625,-3.08922,198.615
-0.308963,-3.11491,199.855
-0.322091,-3.14106,201.089
-0.332649,-3.16664,202.319
-0.343134,-3.19182,203.541
-0.351308,-3.21466,204.757
-0.357731,-3.23739,205.966
-0.363185,-3.26066,207.169
-0.368179,-3.28301,208.364
-0.370584,-3.30627,209.548
-0.371364,-3.32892,210.721
-0.373456,-3.35125,211.882
-0.374825,-3.37426,213.028
-0.37801,-3.39679,214.158
-0.382396,-3.41846,215.272
-0.387607,-3.44042,216.374
-0.3927,-3.46266,217.463
-0.398709,-3.48539,218.54
-0.405402,-3.50685,219.605
-0.413604,-3.52711,220.658
-0.425488,-3.54685,221.697
-0.440081,-3.56682,222.719
-0.456486,-3.58398,223.722
-0.475659,-3.60096,224.706
-0.497835,-3.61981,225.669
-0.522639,-3.63818,226.607
-0.549085,-3.65529,227.522
-0.577357,-3.67248,228.415
-0.609776,-3.68936,229.284
-0.643865,-3.70694,230.134
-0.680475,-3.72323,230.963
-0.715206,-3.73826,231.775
-0.747413,-3.75358,232.569
-0.777894,-3.76884,233.344
-0.807373,-3.78286,234.101
-0.837244,-3.79645,234.849
-0.865604,-3.81003,235.593
-0.892776,-3.82462,236.334
-0.918945,-3.83893,237.071
-0.942087,-3.85326,237.804
-0.963654,-3.86786,238.534
-0.984721,-3.88352,239.258
-1.00327,-3.89947,239.98
-1.01977,-3.91415,240.698
-1.03215,-3.92791,241.411
-1.0429,-3.94312,242.122
-1.05194,-3.95844,242.83
-1.05909,-3.97219,243.534
-1.06461,-3.98437,244.238
-1.0696,-3.99672,244.943
-1.07144,-4.01031,245.653
-1.07161,-4.02337,246.369
-1.0703,-4.0365,247.087
-1.06684,-4.04965,247.807
-1.06253,-4.06311,248.529
-1.05673,-4.07523,249.255
-1.04921,-4.08796,249.986
-1.04307,-4.10199,250.723
-1.03535,-4.11852,251.467
-1.02944,-4.13504,252.218
-1.02191,-4.15165,252.979
-1.01501,-4.16837,253.739
-1.00222,-4.18727,254.505
-0.988765,-4.20405,255.28
-0.982995,-4.21822,256.066
-0.980141,-4.2337,256.863
-0.969497,-4.25017,257.665
-0.953367,-4.26245,258.467
-0.94116,-4.27307,259.274
-0.926889,-4.28707,260.091
-0.906663,-4.30427,260.921
-0.880396,-4.323,261.761
-0.848462,-4.34066,262.607
-0.814687,-4.35725,263.453
-0.783459,-4.37422,264.302
-0.752743,-4.39207,265.151
-0.717404,-4.40885,266.001
-0.679203,-4.42614,266.853
-0.63954,-4.44549,267.708
-0.598502,-4.46572,268.563
-0.554228,-4.48401,269.418
-0.506686,-4.50121,270.272
-0.45343,-4.51778,271.129
-0.396786,-4.53545,271.987
-0.342566,-4.5534,272.849
-0.288731,-4.57052,273.711
-0.235828,-4.58777,274.577
-0.183103,-4.60422,275.444
-0.132821,-4.62246,276.313
-0.0821304,-4.64108,277.18
-0.0333824,-4.65909,278.047
0.0129242,-4.67749,278.915
0.0576342,-4.69805,279.782
0.0999289,-4.71907,280.645
0.140662,-4.73929,281.509
0.179925,-4.75937,282.372
0.217908,-4.77869,283.232
0.250628,-4.79718,284.086
0.278111,-4.81439,284.93
0.301579,-4.82966,285.766
0.321342,-4.84461,286.591
0.338263,-4.86048,287.404
0.351128,-4.87652,288.201
0.359722,-4.89194,288.982
0.365383,-4.90732,289.744
0.369796,-4.92492,290.487
0.368776,-4.94032,291.205
0.363526,-4.95884,291.903
0.349509,-4.97442,292.578
0.331439,-4.99121,293.236
0.307695,-5.00816,293.882
0.273654,-5.02482,294.515
0.225984,-5.04533,295.137
0.163226,-5.06045,295.745
0.0856952,-5.07817,296.341
-0.00414393,-5.09251,296.923
-0.110504,-5.10507,297.488
-0.236137,-5.12142,298.043
-0.375307,-5.13282,298.579
-0.53249,-5.14304,299.101
-0.7098,-5.15528,299.599
-0.902814,-5.16282,300.082
-1.11426,-5.17208,300.546
-1.33936,-5.17644,300.988
-1.58697,-5.18456,301.419
-1.85488,-5.18933,301.835
-2.14074,-5.19219,302.233
-2.44977,-5.19815,302.614
-2.77724,-5.20271,302.968
-3.1212,-5.20676,303.3
-3.48082,-5.21124,303.612
-3.85884,-5.21069,303.9
-4.25071,-5.21172,304.158
-4.66116,-5.21243,304.379
-5.08642,-5.21348,304.572
-5.51787,-5.21865,304.737
-5.95579,-5.21497,304.872
-6.39928,-5.21274,304.983
-6.85109,-5.20894,305.067
-7.30521,-5.20585,305.12
-7.77267,-5.20297,305.144
-8.25961,-5.18974,305.144
-8.76701,-5.17412,305.11
-9.28671,-5.15375,305.045
-9.81468,-5.13094,304.947
-10.3515,-5.10962,304.803
-10.8865,-5.08782,304.627
-11.4262,-5.06129,304.414
-11.9522,-5.03728,304.164
-12.4877,-5.004,303.872
-13.0171,-4.97404,303.54
-13.5587,-4.93599,303.16
-14.0968,-4.90335,302.738
-14.6461,-4.8668,302.27
-15.1888,-4.83333,301.771
-15.7421,-4.79365,301.231
-16.2833,-4.75429,300.645
-16.8112,-4.71236,300.006
-17.3239,-4.67037,299.32
-17.8251,-4.63028,298.593
-18.3107,-4.58735,297.817
-18.789,-4.54541,296.989
-19.2472,-4.51215,296.118
-19.6754,-4.48234,295.204
-20.0796,-4.45096,294.255
-20.4587,-4.42027,293.268
-20.81,-4.39323,292.243
-21.1226,-4.3624,291.181
-21.4051,-4.3326,290.082
-21.6512,-4.307,288.943
-21.8589,-4.27471,287.776
-22.0329,-4.24963,286.575
-22.1687,-4.22973,285.349
-22.275,-4.20976,284.08
-22.3443,-4.19081,282.795
-22.3774,-4.17036,281.468
-22.3782,-4.15194,280.117
-22.3502,-4.13253,278.746
-22.2933,-4.11663,277.351
-22.208,-4.1034,275.939
-22.105,-4.0894,274.513
-21.988,-4.07611,273.061
-21.8656,-4.0626,271.609
-21.7421,-4.04561,270.136
-21.6216,-4.02807,268.643
-21.5046,-4.01234,267.132
-21.3904,-3.99841,265.603
-21.2829,-3.98279,264.071
-21.1802,-3.96782,262.528
-21.0868,-3.95216,260.98
-21.001,-3.93713,259.439
-20.9251,-3.92294,257.902
-20.8548,-3.90719,256.361
-20.7929,-3.89213,254.817
-20.7389,-3.87558,253.275
-20.6935,-3.85856,251.721
-20.658,-3.83989,250.166
-20.6297,-3.81782,248.617
-20.6047,-3.7956,247.059
-20.5853,-3.77447,245.503
-20.5702,-3.75567,243.961
-20.557,-3.73751,242.411
-20.5461,-3.72013,240.856
-20.5392,-3.70075,239.297
-20.5367,-3.67823,237.737
-20.532,-3.65687,236.183
-20.5292,-3.63665,234.629
-20.5252,-3.61835,233.071
-20.5207,-3.60115,231.514
-20.5166,-3.58337,229.954
-20.5083,-3.56362,228.393
-20.4974,-3.53915,226.828
-20.4821,-3.51499,225.261
-20.4635,-3.49225,223.692
-20.4433,-3.46977,222.119
-20.4256,-3.44846,220.547
-20.4088,-3.42835,218.976
-20.3931,-3.40961,217.407
-20.3765,-3.39045,215.829
-20.3588,-3.36915,214.252
-20.3404,-3.34852,212.674
-20.3229,-3.32565,211.09
-20.3043,-3.30436,209.512
-20.2906,-3.28335,207.928
-20.2775,-3.26215,206.345
-20.2619,-3.23913,204.765
-20.2466,-3.21761,203.185
-20.2281,-3.19609,201.596
-20.2129,-3.17978,200.005
-20.1909,-3.15974,198.412
-20.1714,-3.13965,196.817
-20.1523,-3.12099,195.22
-20.1327,-3.09872,193.622
-20.1176,-3.07868,192.027
-20.1017,-3.05884,190.433
-20.0874,-3.04042,188.839
-20.0731,-3.01885,187.241
-20.0568,-2.99649,185.654
-20.0426,-2.9717,184.068
-20.0296,-2.9481,182.477
-20.0207,-2.92439,180.894
-20.0142,-2.90195,179.32
-20.0081,-2.88074,177.749
-20.0028,-2.85917,176.182
-19.9957,-2.83753,174.621
-19.9909,-2.81614,173.059
-19.9883,-2.79304,171.499
-19.9871,-2.77038,169.946
-19.9889,-2.74781,168.405
-19.9933,-2.72638,166.871
-20.0034,-2.70363,165.338
-20.0158,-2.68253,163.821
-20.0322,-2.6594,162.315
-20.0493,-2.63807,160.822
-20.0696,-2.61695,159.345
-20.0931,-2.59502,157.885
-20.1181,-2.57472,156.449
-20.1445,-2.55351,155.039
-20.1739,-2.53014,153.649
-20.203,-2.50821,152.282
-20.233,-2.48687,150.945
-20.2639,-2.46647,149.635
-20.2926,-2.44625,148.347
-20.3232,-2.42948,147.087
-20.3512,-2.41272,145.855
-20.3771,-2.39527,144.653
-20.4029,-2.37757,143.478
-20.4272,-2.36082,142.336
-20.4482,-2.34364,141.225
-20.4705,-2.32531,140.142
-20.4921,-2.31023,139.088
-20.5114,-2.29549,138.063
-20.531,-2.28162,137.063
-20.5497,-2.26958,136.094
-20.5668,-2.25411,135.149
-20.583,-2.23842,134.223
-20.5966,-2.22506,133.317
-20.6117,-2.21233,132.43
-20.6307,-2.19756,131.558
-20.6467,-2.18306,130.701
-20.6577,-2.17274,129.861
-20.671,-2.16328,129.039
-20.6867,-2.15265,128.233
-20.7002,-2.1421,127.438
-20.7119,-2.1324,126.649
-20.725,-2.12335,125.869
-20.7399,-2.11493,125.099
-20.7546,-2.10506,124.34
-20.77,-2.09298,123.59
-20.7871,-2.08419,122.848
-20.8032,-2.0795,122.11
-20.818,-2.07479,121.374
-20.8325,-2.06896,120.641
-20.841,-2.06607,119.915
-20.8595,-2.06028,119.184
-20.8817,-2.05488,118.457
-20.8928,-2.05369,117.74
-20.8971,-2.05426,117.028
-20.9092,-2.05126,116.32
-20.9268,-2.04491,115.609
-20.936,-2.04352,114.884
-20.9421,-2.04575,114.148
-20.9518,-2.04132,113.397
-20.9635,-2.03863,112.639
-20.9756,-2.03712,111.872
-20.9842,-2.03377,111.095
-20.988,-2.0251,110.306
-20.9875,-2.01622,109.499
-20.9863,-2.00826,108.676
-20.9842,-1.99874,107.833
-20.9812,-1.98758,106.976
-20.9749,-1.97431,106.104
-20.9656,-1.95763,105.218
-20.9519,-1.94208,104.315
-20.9352,-1.92706,103.392
-20.9129,-1.91145,102.451
-20.8867,-1.89755,101.49
-20.8562,-1.88147,100.511
-20.8233,-1.86502,99.5173
-20.7843,-1.84903,98.5092
-20.7391,-1.83322,97.4846
-20.6893,-1.81855,96.44
-20.6334,-1.80691,95.3758
-20.5753,-1.79708,94.2951
-20.5124,-1.78659,93.1988
-20.45,-1.77945,92.0879
-20.3917,-1.77039,90.9572
-20.3322,-1.76089,89.8021
-20.2704,-1.75302,88.6256
-20.2088,-1.7391,87.4373
-20.1451,-1.72247,86.2396
-20.0804,-1.70695,85.0241
-20.0146,-1.69437,83.7917
-19.9521,-1.6839,82.5462
-19.8898,-1.66996,81.2848
-19.8289,-1.65698,80.0047
-19.7662,-1.64241,78.71
-19.7039,-1.62482,77.4029
-19.645,-1.60621,76.0779
-19.5863,-1.59303,74.742
-19.5349,-1.57921,73.3975
-19.4875,-1.57258,72.0319
-19.4428,-1.56888,70.6392
-19.4007,-1.55614,69.2333
-19.3595,-1.53636,67.8192
-19.3215,-1.5168,66.3891
-19.2868,-1.50024,64.9422
-19.2578,-1.48471,63.4753
-19.2332,-1.46891,61.9943
-19.2083,-1.45333,60.5028
-19.1862,-1.43846,59.01
-19.1654,-1.42271,57.5133
-19.1476,-1.40595,56.0158
-19.1346,-1.38801,54.5249
-19.1234,-1.36929,53.0352
-19.1143,-1.35205,51.5473
-19.1057,-1.33598,50.0585
-19.0964,-1.31771,48.5659
-19.0892,-1.30012,47.0764
-19.0843,-1.28192,45.5896
-19.0816,-1.26494,44.0997
-19.0786,-1.24626,42.6083
-19.0743,-1.22195,41.1204
-19.0677,-1.19683,39.6403
-19.061,-1.17359,38.1621
-19.0517,-1.15555,36.6874
-19.042,-1.14037,35.2115
-19.0295,-1.12641,33.7343
-19.0197,-1.10822,32.2578
-19.008,-1.08696,30.7852
-18.9936,-1.06403,29.3168
-18.9801,-1.04229,27.8558
-18.9667,-1.02481,26.3972
-18.9564,-1.0107,24.9382
-18.9484,-0.994422,23.4795
-18.9385,-0.976707,22.0235
-18.9268,-0.956871,20.5738
-18.9149,-0.938378,19.1244
-18.9048,-0.92243,17.6805
-18.8986,-0.907318,16.2373
-18.8952,-0.892805,14.7957
-18.8921,-0.878101,13.3555
-18.8867,-0.863415,11.9182
-18.8809,-0.847087,10.485
-18.8726,-0.830442,9.05479
-18.8646,-0.816216,7.63111
-18.8568,-0.801698,6.21354
-18.851,-0.787041,4.79921
-18.8478,-0.772359,3.39278
-18.8452,-0.754446,1.98811
-18.8422,-0.737273,0.586036
-18.8376,-0.720876,-0.807725
-18.8298,-0.706543,-2.19797
-18.8202,-0.695544,-3.58591
-18.8113,-0.685652,-4.9741
-18.8046,-0.67294,-6.36134
-18.8014,-0.655711,-7.74742
-18.8032,-0.637293,-9.13218
-18.8065,-0.617348,-10.5143
-18.8063,-0.594293,-11.8943
-18.8046,-0.572651,-13.2752
-18.7994,-0.552306,-14.6568
-18.7913,-0.534892,-16.0395
-18.7847,-0.516827,-17.4262
-18.7804,-0.49995,-18.8159
-18.7771,-0.483111,-20.2076
-18.7745,-0.467487,-21.6037
-18.7717,-0.453442,-23.0054
-18.7665,-0.438347,-24.4076
-18.7621,-0.421482,-25.8159
-18.7572,-0.404641,-27.2272
-18.7534,-0.387308,-28.6391
-18.7513,-0.369653,-30.0489
-18.7483,-0.354611,-31.464
-18.7471,-0.341818,-32.8822
-18.7433,-0.329494,-34.3009
-18.7382,-0.319676,-35.7201
-18.7331,-0.31209,-37.1452
-18.7306,-0.305626,-38.5742
-18.7303,-0.297441,-40.0047
-18.7299,-0.288392,-41.4363
-18.7261,-0.280873,-42.8682
-18.7203,-0.274169,-44.2991
-18.7129,-0.266158,-45.737
-18.7069,-0.257682,-47.1792
-18.7033,-0.245484,-48.6188
-18.7001,-0.23379,-50.0562
-18.6951,-0.224914,-51.4954
-18.6885,-0.216351,-52.934
-18.6825,-0.207011,-54.3705
-18.6765,-0.19677,-55.8052
-18.6706,-0.185742,-57.239
-18.6644,-0.173139,-58.6721
-18.6575,-0.162392,-60.0979
-18.651,-0.154177,-61.5191
-18.643,-0.150232,-62.9418
-18.6331,-0.146102,-64.3682
-18.6214,-0.139122,-65.7892
-18.6096,-0.132477,-67.2102
-18.5985,-0.124613,-68.6316
-18.5885,-0.119058,-70.0521
-18.5786,-0.111469,-71.4695
-18.5673,-0.104845,-72.8889
-18.5595,-0.100856,-74.3085
-18.5542,-0.096467,-75.7285
-18.55,-0.0912077,-77.1454
-18.546,-0.086749,-78.5635
-18.5422,-0.0827075,-79.9816
-18.538,-0.0777696,-81.4009
-18.5352,-0.0719336,-82.8186
-18.5355,-0.0665025,-84.2361
-18.5371,-0.0607362,-85.6517
-18.5403,-0.0573491,-87.0625
-18.5422,-0.0537073,-88.4686
-18.5424,-0.0530708,-89.8721
-18.544,-0.0528523,-91.274
-18.5453,-0.0513452,-92.6739
-18.5444,-0.0471223,-94.0715
-18.5423,-0.0417104,-95.4617
-18.5366,-0.0379498,-96.8431
-18.5274,-0.0369954,-98.2188
-18.5194,-0.0377957,-99.5965
-18.5118,-0.0349037,-100.972
-18.5065,-0.0272897,-102.341
-18.5014,-0.018085,-103.705
-18.4973,-0.0104548,-105.061
-18.4923,-0.00427547,-106.415
-18.487,-0.000663858,-107.764
-18.4828,0.00294889,-109.113
-18.4807,0.0074816,-110.459
-18.482,0.0128761,-111.797
-18.4826,0.0185518,-113.131
-18.4842,0.0229117,-114.46
-18.487,0.0267173,-115.787
-18.4901,0.0333167,-117.113
-18.4952,0.0387707,-118.434
-18.5014,0.0447959,-119.754
-18.507,0.0509475,-121.07
-18.5145,0.0567511,-122.382
-18.5216,0.0632693,-123.693
-18.5312,0.0683245,-125
-18.5419,0.0719074,-126.302
-18.5532,0.0759234,-127.603
-18.5655,0.0797815,-128.902
-18.5776,0.0860451,-130.191
-18.587,0.0928116,-131.478
-18.5985,0.0959478,-132.761
-18.6098,0.099861,-134.039
-18.6202,0.105119,-135.314
-18.629,0.110117,-136.584
-18.6376,0.116625,-137.849
-18.6456,0.122333,-139.103
-18.6542,0.126833,-140.35
-18.6631,0.131434,-141.588
-18.6726,0.135851,-142.818
-18.6824,0.14029,-144.042
-18.6938,0.145142,-145.255
-18.7071,0.150196,-146.456
-18.7228,0.154348,-147.646
-18.74,0.158307,-148.825
-18.7588,0.161954,-149.992
-18.7764,0.165458,-151.143
-18.7958,0.170995,-152.276
-18.8144,0.175454,-153.39
-18.828,0.18238,-154.486
-18.8459,0.185736,-155.563
-18.8625,0.192899,-156.61
-18.8784,0.20073,-157.631
-18.8974,0.205421,-158.626
-18.9198,0.210305,-159.595
-18.9419,0.21484,-160.534
-18.9624,0.218906,-161.442
-18.9825,0.223007,-162.318
-18.9982,0.226538,-163.161
-19.0029,0.229245,-163.97
-18.9899,0.231174,-164.748
-18.9552,0.231671,-165.497
-18.898,0.233111,-166.216
-18.821,0.235258,-166.902
-18.7257,0.233758,-167.549
-18.6134,0.230097,-168.155
-18.4807,0.228719,-168.725
-18.3264,0.228001,-169.262
-18.1475,0.221849,-169.767
-17.9494,0.211462,-170.235
-17.7344,0.199766,-170.674
-17.4907,0.188081,-171.09
-17.2292,0.177185,-171.485
-16.9473,0.166756,-171.864
-16.6475,0.149696,-172.226
-16.3288,0.131138,-172.566
-15.9728,0.11788,-172.894
-15.5907,0.105251,-173.199
-15.165,0.0891131,-173.475
-14.7112,0.0699223,-173.719
-14.2314,0.0505483,-173.929
-13.7346,0.0308908,-174.1
-13.2274,0.0108414,-174.23
-12.7098,-0.0116426,-174.324
-12.1822,-0.036087,-174.379
-11.6486,-0.0593311,-174.395
-11.0976,-0.0784682,-174.385
-10.5383,-0.0963888,-174.344
-9.97816,-0.116227,-174.258
-9.41895,-0.13902,-174.128
-8.86056,-0.160639,-173.958
-8.3002,-0.171765,-173.754
-7.74658,-0.177635,-173.509
-7.19681,-0.179288,-173.214
-6.66363,-0.174548,-172.876
-6.14459,-0.171046,-172.486
-5.6452,-0.176421,-172.049
-5.15601,-0.176223,-171.563
-4.68305,-0.171774,-171.033
-4.22763,-0.166066,-170.462
-3.79692,-0.165635,-169.844
-3.40042,-0.171874,-169.183
-3.03339,-0.178456,-168.475
-2.6994,-0.183074,-167.731
-2.40884,-0.189033,-166.946
-2.15951,-0.196078,-166.132
-1.95059,-0.201655,-165.291
-1.78134,-0.208265,-164.428
-1.64452,-0.217274,-163.559
-1.51974,-0.225783,-162.645
-1.42454,-0.236257,-161.705
-1.3599,-0.244603,-160.753
-1.31854,-0.253259,-159.788
-1.29299,-0.259663,-158.791
-1.28339,-0.26844,-157.781
-1.27812,-0.277943,-156.744
-1.27216,-0.288138,-155.702
-1.26457,-0.297419,-154.619
-1.24908,-0.311271,-153.52
-1.23713,-0.321921,-152.411
-1.22604,-0.332946,-151.287
-1.22068,-0.342974,-150.142
-1.21674,-0.351497,-148.98
-1.21491,-0.35998,-147.8
-1.21237,-0.369419,-146.603
-1.21312,-0.378945,-145.39
-1.21564,-0.386897,-144.159
-1.21906,-0.397563,-142.91
-1.22707,-0.411757,-141.648
-1.23455,-0.425687,-140.37
-1.24213,-0.439685,-139.074
-1.24833,-0.454503,-137.758
-1.25236,-0.469938,-136.425
-1.25515,-0.487137,-135.078
-1.25646,-0.504165,-133.716
-1.25405,-0.526726,-132.341
-1.24549,-0.552531,-130.951
-1.23925,-0.577282,-129.543
-1.23118,-0.606873,-128.123
-1.22822,-0.636679,-126.691
-1.2298,-0.666978,-125.241
-1.23319,-0.699567,-123.777
-1.2407,-0.732404,-122.305
-1.25246,-0.764804,-120.818
-1.26368,-0.794419,-119.323
-1.2757,-0.827875,-117.812
-1.29136,-0.859713,-116.289
-1.3104,-0.894334,-114.756
-1.32742,-0.928303,-113.205
-1.34601,-0.960598,-111.637
-1.36231,-0.992308,-110.058
-1.37634,-1.0179,-108.469
-1.39118,-1.04105,-106.864
-1.40492,-1.0589,-105.269
-1.42092,-1.07233,-103.675
-1.43796,-1.08548,-102.09
-1.45218,-1.09801,-100.512
-1.4673,-1.11092,-98.9355
-1.48101,-1.12614,-97.3681
-1.49316,-1.14276,-95.7909
-1.50544,-1.15909,-94.2181
-1.51427,-1.17205,-92.6562
-1.52281,-1.18699,-91.0953
-1.53133,-1.20252,-89.5317
-1.53771,-1.21807,-87.9681
-1.54344,-1.23071,-86.4066
-1.54916,-1.24228,-84.8473
-1.55512,-1.25339,-83.2959
-1.56242,-1.2674,-81.7526
-1.57401,-1.28481,-80.2091
-1.58517,-1.30322,-78.6608
-1.59833,-1.32073,-77.1164
-1.60583,-1.3364,-75.5792
-1.6153,-1.35273,-74.0451
-1.62441,-1.36992,-72.5102
-1.63795,-1.38603,-70.9832
-1.65383,-1.40429,-69.4613
-1.67057,-1.42339,-67.9384
-1.69104,-1.44095,-66.4116
-1.7121,-1.45273,-64.8932
-1.73605,-1.46463,-63.3789
-1.76126,-1.47997,-61.8689
-1.78782,-1.49584,-60.3618
-1.81297,-1.51192,-58.859
-1.83595,-1.52893,-57.3594
-1.85808,-1.54547,-55.8618
-1.87844,-1.56352,-54.3725
-1.89743,-1.58098,-52.8867
-1.91682,-1.59707,-51.4025
-1.93541,-1.61252,-49.9227
-1.95419,-1.62897,-48.4466
-1.97108,-1.64659,-46.9742
-1.98789,-1.66537,-45.5033
-2.00455,-1.68455,-44.0333
-2.01789,-1.7003,-42.5628
-2.03002,-1.71446,-41.1009
-2.03838,-1.73057,-39.6414
-2.04394,-1.74712,-38.1885
-2.04848,-1.76422,-36.7334
-2.05185,-1.78237,-35.279
-2.05479,-1.80014,-33.8346
-2.05712,-1.82277,-32.3943
-2.05604,-1.85277,-30.9557
-2.05264,-1.88639,-29.5201
-2.04661,-1.91944,-28.0855
-2.03942,-1.95344,-26.6565
-2.03124,-1.98604,-25.2288
-2.0224,-2.01656,-23.806
-2.0139,-2.04703,-22.3888
-2.00728,-2.07813,-20.974
-2.00351,-2.10952,-19.5628
-2.00058,-2.14104,-18.1551
-2.00145,-2.16923,-16.7506
-2.00249,-2.19806,-15.3483
-2.00321,-2.22604,-13.9479
-2.00541,-2.25486,-12.5506
-2.00809,-2.28623,-11.1543
-2.01267,-2.31774,-9.75626
-2.01675,-2.35018,-8.36068
-2.02246,-2.38019,-6.96771
-2.02827,-2.41076,-5.57352
-2.03324,-2.44115,-4.18229
-2.03821,-2.47152,-2.7928
-2.0437,-2.50315,-1.40481
-2.04964,-2.53425,-0.0199538
-2.05523,-2.56472,1.36915
-2.06221,-2.59617,2.74894
-2.06768,-2.62606,4.12566
-2.07241,-2.65492,5.50075
-2.07665,-2.68529,6.87567
-2.08147,-2.71511,8.24927
-2.08472,-2.74509,9.62299
-2.08962,-2.77502,10.996
-2.09429,-2.80532,12.369
-2.09801,-2.8349,13.7375
-2.10408,-2.86525,15.1051
-2.10933,-2.89742,16.4698
-2.1152,-2.92865,17.83
-2.12162,-2.95909,19.1908
-2.12707,-2.98795,20.5485
-2.13353,-3.01672,21.9009
-2.13918,-3.04577,23.249
-2.14466,-3.07535,24.5932
-2.14866,-3.10597,25.9353
-2.15185,-3.13627,27.2732
-2.15477,-3.1652,28.6077
-2.15534,-3.1939,29.9364
-2.15619,-3.22213,31.2656
-2.15855,-3.2502,32.5933
-2.1628,-3.27778,33.9148
-2.16863,-3.30397,35.2339
-2.17961,-3.32946,36.5522
-2.18896,-3.35249,37.8685
-2.20076,-3.37173,39.182
-2.21239,-3.38582,40.4923
-2.22478,-3.3992,41.7984
-2.23631,-3.40841,43.0979
-2.2526,-3.42102,44.3952
-2.26922,-3.43567,45.6907
-2.28748,-3.45146,46.9834
-2.30686,-3.4664,48.2723
-2.32685,-3.48179,49.5598
-2.34767,-3.4972,50.8446
-2.3708,-3.51171,52.1257
-2.39505,-3.52646,53.4028
-2.41788,-3.54147,54.6763
-2.44095,-3.55803,55.947
-2.46417,-3.5735,57.2166
-2.48971,-3.58887,58.4832
-2.5168,-3.60485,59.7447
-2.54718,-3.61943,61.0013
-2.57833,-3.63609,62.2572
-2.60844,-3.65256,63.5099
-2.6366,-3.66788,64.7585
-2.66048,-3.68389,66.0007
-2.68273,-3.69879,67.2319
-2.69779,-3.71652,68.4466
-2.71023,-3.73299,69.6418
-2.7251,-3.75051,70.8233
-2.7343,-3.7715,71.9876
-2.74177,-3.7878,73.1271
-2.74498,-3.80375,74.2486
-2.74233,-3.82401,75.3622
-2.73435,-3.84688,76.4725
-2.72413,-3.87122,77.5824
-2.71193,-3.89641,78.6935
-2.70075,-3.92077,79.7998
-2.68908,-3.9442,80.8982
-2.6763,-3.96833,81.991
-2.66326,-3.99313,83.0812
-2.64789,-4.01867,84.1686
-2.63051,-4.04286,85.2521
-2.61372,-4.06416,86.3295
-2.59753,-4.08552,87.4014
-2.5825,-4.10701,88.4669
-2.573,-4.12954,89.5269
-2.57051,-4.15284,90.5862
-2.57146,-4.17668,91.6464
-2.57969,-4.20337,92.7124
-2.59029,-4.23031,93.7787
-2.61128,-4.25557,94.8508
-2.63872,-4.28283,95.9233
-2.67628,-4.3067,97.0048
-2.72177,-4.32896,98.0931
-2.77447,-4.3517,99.1876
-2.83061,-4.37304,100.285
-2.88547,-4.39442,101.388
-2.93478,-4.41588,102.5
-2.97647,-4.43849,103.621
-3.00828,-4.46072,104.751
-3.03153,-4.4826,105.889
-3.04442,-4.50475,107.031
-3.04563,-4.52707,108.183
-3.03283,-4.54974,109.343
-3.00791,-4.57427,110.511
-2.97131,-4.59869,111.685
-2.92479,-4.62343,112.869
-2.87166,-4.64846,114.062
-2.81093,-4.67224,115.263
-2.74687,-4.69478,116.473
-2.67804,-4.71738,117.692
-2.60569,-4.73823,118.92
-2.52407,-4.75681,120.161
-2.43949,-4.77833,121.41
-2.35153,-4.79793,122.665
-2.25946,-4.8177,123.935
-2.16882,-4.84078,125.221
-2.08066,-4.85858,126.518
-1.99665,-4.8752,127.828
-1.92031,-4.89315,129.146
-1.85383,-4.90966,130.474
-1.79729,-4.92697,131.816
-1.75135,-4.94588,133.169
-1.71399,-4.96257,134.535
-1.68641,-4.97926,135.913
-1.66579,-4.99664,137.295
-1.65287,-5.01411,138.687
-1.6454,-5.03576,140.088
-1.64261,-5.06222,141.495
-1.64471,-5.09281,142.912
-1.64851,-5.12817,144.341
-1.65467,-5.16537,145.78
-1.66329,-5.20233,147.229
-1.67445,-5.23875,148.685
-1.68709,-5.27387,150.144
-1.70262,-5.30855,151.607
-1.71996,-5.34242,153.073
-1.74182,-5.37584,154.536
-1.76532,-5.40834,155.996
-1.79301,-5.44114,157.455
-1.82012,-5.47604,158.913
-1.84887,-5.51147,160.371
-1.87779,-5.54809,161.829
-1.90539,-5.5845,163.288
-1.93176,-5.61978,164.744
-1.95705,-5.65349,166.197
-1.98241,-5.68753,167.645
-2.00667,-5.72175,169.087
-2.02837,-5.75652,170.53
-2.0462,-5.79257,171.97
-2.06117,-5.82882,173.405
-2.07114,-5.86639,174.838
-2.08217,-5.90234,176.272
-2.09129,-5.93434,177.703
-2.10153,-5.96176,179.125
-2.11023,-5.98995,180.543
-2.11509,-6.02276,181.959
-2.11726,-6.05781,183.371
-2.11791,-6.09225,184.784
-2.11636,-6.12489,186.19
-2.11449,-6.15611,187.591
-2.11303,-6.18762,188.988
-2.11292,-6.2212,190.381
-2.11409,-6.25593,191.771
-2.11674,-6.29093,193.16
-2.11866,-6.32459,194.542
-2.12118,-6.35687,195.918
-2.12233,-6.38818,197.29
-2.12535,-6.41984,198.66
-2.12763,-6.45072,200.026
-2.12838,-6.48255,201.389
-2.12915,-6.51477,202.749
-2.13136,-6.54698,204.109
-2.134,-6.57954,205.466
-2.13623,-6.61098,206.813
-2.14007,-6.64257,208.152
-2.14386,-6.67474,209.473
-2.14992,-6.70619,210.775
-2.15646,-6.73612,212.054
-2.16699,-6.76456,213.309
-2.18015,-6.79284,214.536
-2.19343,-6.81788,215.736
-2.20795,-6.84483,216.91
-2.22729,-6.87156,218.055
-2.24914,-6.89711,219.17
-2.27618,-6.92256,220.254
-2.30658,-6.94806,221.306
-2.34012,-6.97302,222.326
-2.37142,-6.99612,223.313
-2.40221,-7.01889,224.267
-2.43398,-7.04106,225.185
-2.46635,-7.06052,226.072
-2.4981,-7.0792,226.924
-2.53224,-7.09826,227.746
-2.56658,-7.1174,228.544
-2.59884,-7.13744,229.332
-2.62793,-7.15829,230.118
-2.64944,-7.17864,230.903
-2.66548,-7.19805,231.687
-2.67738,-7.2167,232.47
-2.68673,-7.23587,233.249
-2.69419,-7.25591,234.024
-2.69846,-7.27479,234.797
-2.69975,-7.2912,235.566
-2.69791,-7.30846,236.334
-2.69346,-7.32614,237.099
-2.68793,-7.3428,237.862
-2.68094,-7.35928,238.622
-2.67335,-7.37639,239.378
-2.6665,-7.39242,240.132
-2.66032,-7.40811,240.891
-2.65251,-7.42518,241.655
-2.6428,-7.44453,242.427
-2.63476,-7.46526,243.2
-2.62905,-7.48472,243.977
-2.6246,-7.50487,244.756
-2.61687,-7.52701,245.534
-2.60515,-7.5482,246.321
-2.59619,-7.56676,247.117
-2.5929,-7.58541,247.922
-2.58307,-7.60506,248.73
-2.56685,-7.62157,249.537
-2.55255,-7.63497,250.343
-2.53923,-7.65111,251.155
-2.52155,-7.67072,251.978
-2.5006,-7.69163,252.807
-2.47306,-7.71214,253.643
-2.44251,-7.73111,254.481
-2.41589,-7.75008,255.326
-2.39107,-7.77095,256.174
-2.36387,-7.79103,257.03
-2.33363,-7.81099,257.896
-2.30109,-7.83329,258.776
-2.26788,-7.85641,259.665
-2.23263,-7.87929,260.562
-2.19512,-7.90064,261.469
-2.15406,-7.9221,262.385
-2.11331,-7.94399,263.311
-2.0738,-7.96689,264.244
-2.03405,-7.9896,265.184
-1.99407,-8.01161,266.131
-1.95628,-8.03418,267.081
-1.91915,-8.05754,268.033
-1.88394,-8.08087,268.984
-1.85118,-8.10395,269.933
-1.82215,-8.12848,270.883
-1.79741,-8.1541,271.836
-1.77487,-8.17909,272.787
-1.75322,-8.20456,273.738
-1.7324,-8.22862,274.687
-1.71455,-8.25037,275.624
-1.58033,-8.27782,276.485
-1.5711,-8.30089,277.418
-1.568,-8.32282,278.357
-1.56843,-8.34622,279.29
-1.57041,-8.3701,280.214
-1.57577,-8.3932,281.129
-1.58082,-8.41592,282.024
-1.58913,-8.44191,282.894
-1.59873,-8.46435,283.749
-1.60975,-8.49201,284.59
-1.62021,-8.51686,285.432
-1.62782,-8.54427,286.29
-1.63165,-8.55908,287.156
-1.64373,-8.58714,288.02
-1.65584,-8.61193,288.883
-1.65995,-8.63891,289.739
-1.66308,-8.66785,290.589
-1.66346,-8.69411,291.439
-1.66478,-8.72613,292.283
-1.66487,-8.74957,293.125
-1.66848,-8.7732,293.967
-1.67334,-8.79571,294.808
-1.67826,-8.81628,295.65
-1.68373,-8.83505,296.496
