0,0,-0
-0.00838053,-0.016499,0.768953
-0.015081,-0.0329924,1.52552
-0.0215036,-0.0491954,2.26713
-0.0283581,-0.0644324,2.9936
-0.0333404,-0.0795924,3.704
-0.0368564,-0.0952239,4.39813
-0.0396735,-0.108456,5.07373
-0.0411611,-0.118828,5.7301
-0.0393921,-0.129038,6.36373
-0.0370568,-0.139493,6.97068
-0.0362483,-0.14973,7.55023
-0.0348718,-0.158629,8.10205
-0.0311383,-0.164806,8.62536
-0.0239537,-0.169971,9.12401
-0.0136741,-0.177896,9.59232
-0.00464584,-0.187064,10.033
-0.00411248,-0.198738,10.4425
-0.0039502,-0.208779,10.8233
0.00415951,-0.215809,11.1757
0.0200432,-0.221329,11.4962
0.0396039,-0.224571,11.7859
0.0538095,-0.231194,12.0492
0.0630964,-0.237759,12.2811
0.0696747,-0.242779,12.4866
0.0767413,-0.247202,12.6732
0.0808286,-0.252879,12.846
0.0843407,-0.261182,13.0103
0.0886172,-0.268946,13.1672
0.0980495,-0.27304,13.3186
0.108919,-0.275891,13.4633
0.117629,-0.278981,13.6005
0.123675,-0.282668,13.7308
0.130673,-0.285577,13.8565
0.137387,-0.28965,13.98
0.145151,-0.293461,14.1023
0.152145,-0.296709,14.2262
0.157539,-0.299394,14.3518
0.161244,-0.302103,14.4767
0.16861,-0.304337,14.6086
0.179819,-0.307156,14.745
0.181649,-0.30748,14.8676
0.19479,-0.306196,15.0198
0.18888,-0.308847,15.1441
0.181414,-0.310915,15.2744
0.171,-0.314113,15.4121
0.153389,-0.317877,15.5613
0.129278,-0.322556,15.724
0.098313,-0.327504,15.9032
0.0602055,-0.333886,16.0993
0.0131967,-0.338503,16.3066
-0.0443834,-0.345427,16.5266
-0.110868,-0.353509,16.7563
-0.192048,-0.356773,16.9961
-0.285953,-0.362304,17.2433
-0.400968,-0.366614,17.4983
-0.531714,-0.369966,17.7584
-0.677759,-0.375111,18.0262
-0.846413,-0.375881,18.3037
-1.03029,-0.379545,18.5749
-1.23798,-0.378788,18.843
-1.46289,-0.376901,19.1084
-1.71331,-0.370138,19.3709
-1.98419,-0.362571,19.6306
-2.28601,-0.348907,19.8911
-2.61219,-0.337838,20.1484
-2.96594,-0.325474,20.4042
-3.34468,-0.313568,20.6521
-3.75227,-0.297818,20.8932
-4.19023,-0.27881,21.1145
-4.65457,-0.257167,21.3163
-5.14295,-0.237007,21.5038
-5.65867,-0.218276,21.6723
-6.2031,-0.194081,21.8131
-6.7795,-0.166916,21.9267
-7.38075,-0.141939,22.0191
-7.99917,-0.117671,22.094
-8.64169,-0.0972284,22.1422
-9.30099,-0.0693396,22.1615
-9.97838,-0.0339972,22.1569
-10.6815,0.000496838,22.1371
-11.4076,0.0314192,22.1084
-12.1557,0.0636843,22.0776
-12.9181,0.0966041,22.0425
-13.6944,0.130403,22.0075
-14.4877,0.168199,21.9821
-15.3035,0.211757,21.9708
-16.1438,0.248713,21.9505
-17.0045,0.276854,21.9276
-17.8774,0.313489,21.9183
-18.7633,0.34279,21.8987
-19.6701,0.365749,21.8656
-20.6066,0.389091,21.8348
-21.5724,0.406234,21.7933
-22.5607,0.429704,21.7499
-23.569,0.464167,21.7102
-24.5926,0.505236,21.6682
-25.6237,0.549145,21.629
-26.6528,0.599626,21.5892
-27.6823,0.649059,21.5444
-28.7128,0.694459,21.4953
-29.7453,0.735258,21.4418
-30.7828,0.772921,21.3833
-31.8299,0.80953,21.3149
-32.8877,0.845388,21.2406
-33.9542,0.881719,21.1578
-35.0226,0.922239,21.0652
-36.0933,0.967058,20.967
-37.1654,1.01155,20.8636
-38.2413,1.05788,20.758
-39.3205,1.1045,20.6555
-40.4005,1.15219,20.5537
-41.4838,1.19972,20.4497
-42.5697,1.24589,20.3436
-43.6614,1.29195,20.2324
-44.7526,1.33467,20.118
-45.8551,1.38043,20.0088
-46.9659,1.42464,19.902
-48.0791,1.46961,19.7978
-49.1907,1.52037,19.7003
-50.3055,1.56835,19.6036
-51.4264,1.6165,19.5034
-52.5515,1.66371,19.4066
-53.6794,1.71267,19.3184
-54.81,1.762,19.2392
-55.9456,1.80977,19.1702
-57.087,1.85653,19.11
-58.233,1.90435,19.0546
-59.3831,1.95202,19.0051
-60.5375,2.00258,18.9595
-61.6931,2.05114,18.9211
-62.8475,2.09951,18.8874
-64.0053,2.1434,18.8586
-65.1718,2.18621,18.834
-66.3458,2.22442,18.8146
-67.5179,2.26682,18.7952
-68.6954,2.31063,18.7761
-69.8761,2.35172,18.7589
-71.0598,2.39202,18.742
-72.245,2.43213,18.7259
-73.4343,2.47198,18.7148
-74.6277,2.50999,18.7079
-75.8221,2.54801,18.7003
-77.0181,2.5869,18.6892
-78.2153,2.62711,18.6739
-79.4072,2.6693,18.6573
-80.5946,2.71261,18.6425
-81.7817,2.75296,18.6299
-82.9715,2.79168,18.6221
-84.1614,2.8297,18.6154
-85.3512,2.8698,18.6069
-86.5393,2.91211,18.5973
-87.7234,2.95477,18.5864
-88.9043,2.99817,18.5787
-90.0838,3.04126,18.5729
-91.2647,3.08331,18.5676
-92.4457,3.1266,18.564
-93.6247,3.17093,18.5596
-94.7979,3.21865,18.5528
-95.9703,3.26893,18.5445
-97.1381,3.31733,18.5356
-98.3004,3.36518,18.5258
-99.4631,3.4131,18.5187
-100.627,3.45843,18.514
-101.792,3.50502,18.5115
-102.964,3.55257,18.5068
-104.136,3.59942,18.5044
-105.307,3.65048,18.4947
-106.485,3.70175,18.484
-107.665,3.75318,18.4707
-108.845,3.80149,18.4615
-110.032,3.84941,18.4534
-111.234,3.89225,18.4517
-112.439,3.93631,18.45
-113.651,3.98176,18.4426
-114.875,4.02806,18.4333
-116.102,4.07807,18.4246
-117.331,4.12788,18.4118
-118.571,4.17384,18.3975
-119.82,4.21481,18.3843
-121.076,4.25668,18.368
-122.343,4.30098,18.3462
-123.611,4.34762,18.3229
-124.879,4.39891,18.2947
-126.145,4.44707,18.2721
-127.413,4.49286,18.252
-128.681,4.5343,18.2347
-129.947,4.57538,18.2197
-131.213,4.6181,18.2011
-132.482,4.66372,18.1828
-133.751,4.71167,18.164
-135.013,4.76653,18.1448
-136.272,4.81921,18.1265
-137.528,4.86726,18.1106
-138.783,4.91486,18.095
-140.04,4.96423,18.0817
-141.297,5.01554,18.0691
-142.547,5.06956,18.0552
-143.792,5.12345,18.042
-145.035,5.17572,18.0351
-146.28,5.22371,18.0296
-147.524,5.26974,18.0228
-148.768,5.31632,18.0172
-150.01,5.35993,18.011
-151.253,5.40589,18.0015
-152.496,5.45244,17.9946
-153.736,5.50024,17.9877
-154.972,5.54961,17.9811
-156.21,5.59821,17.9695
-157.45,5.64952,17.957
-158.691,5.70464,17.9407
-159.923,5.76514,17.9237
-161.149,5.82432,17.9105
-162.379,5.87983,17.9071
-163.603,5.92999,17.9012
-164.832,5.97591,17.9037
-166.054,6.02013,17.9074
-167.281,6.05714,17.9138
-168.512,6.0987,17.9161
-169.748,6.1397,17.9132
-170.979,6.18731,17.91
-172.202,6.23638,17.9085
-173.429,6.28562,17.9078
-174.655,6.32841,17.9136
-175.87,6.37354,17.919
-177.062,6.41554,17.9242
-178.227,6.45212,17.929
-179.364,6.48475,17.9372
-180.472,6.51899,17.9453
-181.556,6.55418,17.9527
-182.613,6.58919,17.9615
-183.638,6.62362,17.97
-184.63,6.65763,17.9786
-185.598,6.69036,17.9895
-186.552,6.72052,18.0016
-187.501,6.75086,18.0122
-188.441,6.78135,18.0136
-189.387,6.81289,18.0122
-190.324,6.84498,18.002
-191.26,6.87371,17.9897
-192.194,6.90262,17.9814
-193.123,6.93175,17.9758
-194.05,6.96085,17.9667
-194.972,6.99041,17.9534
-195.891,7.02181,17.9374
-196.809,7.05272,17.9191
-197.73,7.08226,17.9023
-198.655,7.11148,17.8888
-199.582,7.14059,17.8782
-200.518,7.16855,17.867
-201.463,7.19769,17.86
-202.412,7.22448,17.8516
-203.361,7.2512,17.8469
-204.316,7.28289,17.8417
-205.283,7.31393,17.826
-206.259,7.34031,17.8152
-207.239,7.37086,17.8111
-208.227,7.40747,17.8091
-209.228,7.4419,17.8038
-210.232,7.4799,17.8044
-211.247,7.51912,17.8079
-212.268,7.56364,17.8064
-213.298,7.607,17.8082
-214.333,7.64915,17.8165
-215.373,7.69111,17.8265
-216.42,7.73264,17.8433
-217.478,7.77316,17.8651
-218.544,7.81322,17.886
-219.617,7.85395,17.906
-220.69,7.89418,17.9281
-221.767,7.93627,17.9552
-222.854,7.97677,17.9849
-223.948,8.01428,18.0149
-225.053,8.05079,18.0419
-226.166,8.08853,18.0685
-227.285,8.12696,18.0919
-228.414,8.16689,18.1164
-229.55,8.20889,18.1411
-230.694,8.25376,18.1646
-231.845,8.30019,18.185
-233,8.34569,18.2034
-234.161,8.3892,18.2251
-235.327,8.42902,18.2476
-236.502,8.46303,18.2714
-237.689,8.49433,18.2956
-238.888,8.52548,18.316
-240.093,8.56168,18.3284
-241.299,8.59894,18.3383
-242.517,8.63835,18.3422
-243.738,8.67615,18.3457
-244.969,8.71362,18.3469
-246.203,8.75043,18.3448
-247.448,8.79241,18.3389
-248.695,8.82991,18.3306
-249.948,8.86796,18.3191
-251.207,8.90776,18.3037
-252.468,8.94806,18.2843
-253.732,8.9893,18.2637
-254.995,9.03126,18.2401
-256.255,9.07177,18.2194
-257.512,9.11116,18.201
-258.769,9.15127,18.1865
-260.027,9.18908,18.1689
-261.285,9.22769,18.1491
-262.54,9.26568,18.1301
-263.794,9.30432,18.111
-265.046,9.34252,18.0948
-266.298,9.38359,18.0838
-267.548,9.42614,18.0706
-268.793,9.47093,18.0558
-270.032,9.51724,18.0377
-271.268,9.56429,18.0171
-272.507,9.61359,17.9917
-273.75,9.66479,17.9668
-274.982,9.71924,17.9421
-276.206,9.77308,17.9236
-277.431,9.82095,17.9102
-278.66,9.86108,17.9018
-279.892,9.9016,17.8919
-281.126,9.94472,17.8795
-282.359,9.99029,17.8653
-283.59,10.0382,17.8506
-284.817,10.087,17.8373
-286.043,10.1348,17.8269
-287.266,10.1832,17.8165
-288.489,10.2301,17.8074
-289.713,10.2749,17.7981
-290.936,10.3196,17.7878
-292.161,10.3645,17.7776
-293.384,10.4093,17.7697
-294.605,10.4537,17.7617
-295.826,10.4967,17.7541
-297.048,10.5373,17.7448
-298.272,10.5757,17.7348
-299.499,10.6126,17.7208
-300.731,10.6506,17.707
-301.965,10.6902,17.6917
-303.198,10.7297,17.6782
-304.43,10.7685,17.6665
-305.664,10.8056,17.6567
-306.903,10.8416,17.6491
-308.146,10.878,17.6403
-309.388,10.9144,17.6279
-310.63,10.9526,17.6112
-311.873,10.9909,17.5934
-313.118,11.0282,17.5784
-314.366,11.0641,17.567
-315.617,11.1002,17.5586
-316.869,11.1358,17.5516
-318.122,11.1732,17.5436
-319.375,11.2101,17.5341
-320.63,11.2475,17.5234
-321.888,11.2863,17.5121
-323.149,11.3249,17.5013
-324.41,11.3662,17.4929
-325.674,11.41,17.4859
-326.943,11.4548,17.4815
-328.211,11.5025,17.478
-329.479,11.5524,17.4751
-330.743,11.6073,17.4701
-332.005,11.6644,17.462
-333.266,11.7217,17.4552
-334.508,11.7753,17.4521
-335.745,11.8232,17.4519
-336.99,11.868,17.4516
-338.234,11.9084,17.4546
-339.473,11.9552,17.4544
-340.71,12.0011,17.4541
-341.938,12.0465,17.4579
-343.16,12.095,17.4603
-344.367,12.1436,17.4595
-345.562,12.1903,17.4567
-346.744,12.2363,17.4531
-347.914,12.2802,17.451
-349.072,12.3236,17.4498
-350.212,12.3668,17.4498
-351.337,12.4124,17.4547
-352.446,12.4617,17.4532
-353.536,12.5101,17.451
-354.607,12.5548,17.4482
-355.661,12.5953,17.4417
-356.706,12.6307,17.4333
-357.751,12.6583,17.4263
-358.798,12.6828,17.4186
-359.842,12.7105,17.4124
-360.875,12.7415,17.4042
-361.896,12.7772,17.3953
-362.899,12.8149,17.3834
-363.881,12.8501,17.3731
-364.838,12.8833,17.366
-365.768,12.9153,17.3621
-366.677,12.9444,17.3634
-367.558,12.9676,17.3723
-368.413,12.988,17.3883
-369.238,13.0046,17.4167
-370.035,13.0176,17.4608
-370.803,13.0274,17.5249
-371.539,13.036,17.6125
-372.246,13.0441,17.7188
-372.927,13.0524,17.8453
-373.587,13.063,17.9963
-374.223,13.073,18.1677
-374.83,13.0822,18.3602
-375.419,13.0924,18.5743
-375.99,13.1042,18.8135
-376.542,13.1174,19.079
-377.082,13.1315,19.3719
-377.605,13.1421,19.696
-378.102,13.1489,20.0489
-378.588,13.1567,20.4165
-379.057,13.1665,20.8113
-379.509,13.1786,21.2311
-379.939,13.1884,21.6794
-380.351,13.1948,22.1546
-380.748,13.2028,22.6469
-381.134,13.2117,23.163
-381.497,13.2248,23.7075
-381.826,13.2369,24.2776
-382.14,13.2474,24.8706
-382.441,13.254,25.4831
-382.729,13.261,26.1173
-382.998,13.2698,26.7766
-383.253,13.2742,27.4625
-383.496,13.2757,28.1726
-383.719,13.2794,28.908
-383.925,13.2821,29.6722
-384.104,13.2807,30.4329
-384.275,13.28,31.212
-384.43,13.277,32.0141
-384.577,13.2692,32.8342
-384.714,13.2618,33.6748
-384.839,13.2536,34.5318
-384.949,13.2446,35.4073
-385.042,13.2355,36.3008
-385.122,13.2262,37.2129
-385.188,13.2152,38.1396
-385.247,13.2046,39.0819
-385.302,13.1934,40.0385
-385.356,13.1811,41.0092
-385.407,13.1689,41.9972
-385.451,13.1572,43
-385.49,13.1436,44.0199
-385.526,13.1301,45.0497
-385.563,13.1186,46.0854
-385.597,13.1063,47.1225
-385.631,13.094,48.1592
-385.663,13.0831,49.192
-385.692,13.07,50.228
-385.718,13.0555,51.2574
-385.744,13.042,52.2963
-385.765,13.0279,53.3306
-385.784,13.0143,54.3676
-385.799,13.0012,55.3975
-385.811,12.9876,56.43
-385.822,12.9746,57.4547
-385.833,12.9616,58.4748
-385.842,12.949,59.492
-385.851,12.9359,60.5068
-385.857,12.9219,61.5149
-385.86,12.9083,62.5146
-385.861,12.8954,63.5039
-385.861,12.8833,64.4829
-385.858,12.8703,65.4505
-385.856,12.8573,66.4048
-385.853,12.8443,67.3463
-385.851,12.8305,68.2754
-385.844,12.8155,69.1932
-385.837,12.8015,70.1041
-385.826,12.7869,71.0061
-385.811,12.7718,71.8977
-385.791,12.7574,72.7763
-385.767,12.7435,73.6415
-385.737,12.7299,74.4918
-385.699,12.716,75.3272
-385.653,12.7018,76.1488
-385.593,12.6867,76.9577
-385.518,12.6714,77.754
-385.43,12.6558,78.5386
-385.322,12.6418,79.3118
-385.19,12.6263,80.0682
-385.037,12.608,80.8029
-384.868,12.5898,81.5196
-384.677,12.5753,82.2208
-384.46,12.5583,82.9077
-384.222,12.5381,83.5814
-383.965,12.5182,84.2397
-383.69,12.5011,84.875
-383.397,12.4825,85.4872
-383.091,12.463,86.0782
-382.769,12.4456,86.6489
-382.429,12.4274,87.1999
-382.065,12.4035,87.7291
-381.669,12.3798,88.237
-381.243,12.3595,88.7228
-380.791,12.3405,89.1803
-380.319,12.3151,89.6192
-379.825,12.2881,90.0342
-379.313,12.2628,90.4275
-378.784,12.2368,90.7901
-378.238,12.2101,91.1286
-377.674,12.1809,91.4405
-377.09,12.1525,91.7295
-376.489,12.1227,92.0008
-375.871,12.0942,92.2531
-375.234,12.0682,92.4869
-374.582,12.0423,92.6935
-373.918,12.0148,92.8768
-373.239,11.988,93.047
-372.545,11.9688,93.2108
-371.836,11.9468,93.3505
-371.104,11.9202,93.4639
-370.36,11.895,93.5601
-369.604,11.8697,93.6455
-368.836,11.8455,93.7205
-368.056,11.8225,93.788
-367.264,11.7993,93.8504
-366.46,11.7764,93.9062
-365.642,11.7526,93.9527
-364.816,11.7297,93.9921
-363.984,11.7082,94.025
-363.141,11.687,94.053
-362.29,11.6656,94.0743
-361.428,11.643,94.0846
-360.556,11.6202,94.0877
-359.671,11.5971,94.0871
-358.78,11.5727,94.0826
-357.883,11.5482,94.0709
-356.981,11.5239,94.0526
-356.075,11.499,94.0276
-355.167,11.4737,93.9954
-354.256,11.448,93.9571
-353.342,11.4224,93.9169
-352.424,11.3961,93.8772
-351.504,11.3663,93.8351
-350.586,11.3347,93.7926
-349.664,11.3042,93.7509
-348.739,11.2689,93.7084
-347.813,11.2294,93.6687
-346.89,11.1914,93.6312
-345.969,11.1548,93.5963
-345.049,11.1174,93.5656
-344.13,11.0807,93.537
-343.213,11.0447,93.5149
-342.299,11.0064,93.5012
-341.388,10.969,93.4924
-340.48,10.934,93.491
-339.573,10.8966,93.4965
-338.672,10.8581,93.5078
-337.776,10.8209,93.5224
-336.88,10.7857,93.538
-335.988,10.7483,93.5568
-335.099,10.7104,93.5758
-334.212,10.6722,93.5952
-333.328,10.6349,93.6159
-332.443,10.5973,93.6391
-331.559,10.5592,93.6613
-330.676,10.5224,93.6836
-329.792,10.4854,93.7062
-328.908,10.448,93.7277
-328.027,10.4125,93.7448
-327.147,10.377,93.7564
-326.268,10.3397,93.7632
-325.393,10.3026,93.7665
-324.52,10.2661,93.7671
-323.646,10.2306,93.7669
-322.774,10.1945,93.7674
-321.903,10.1586,93.7644
-321.034,10.1236,93.7596
-320.166,10.0886,93.7541
-319.298,10.0536,93.7501
-318.434,10.0163,93.7491
-317.57,9.97935,93.7505
-316.707,9.94362,93.7562
-315.844,9.90686,93.7674
-314.984,9.86997,93.7818
-314.124,9.83642,93.7986
-313.265,9.80473,93.8183
-312.408,9.7724,93.8401
-311.555,9.74184,93.8628
-310.705,9.71341,93.887
-309.855,9.68479,93.9108
-309.007,9.65465,93.9337
-308.162,9.62333,93.9563
-307.317,9.59233,93.9766
-306.475,9.56119,93.9965
-305.633,9.53006,94.0194
-304.794,9.49922,94.0435
-303.957,9.46898,94.0692
-303.122,9.43837,94.0948
-302.289,9.4083,94.1191
-301.456,9.37824,94.1436
-300.623,9.34769,94.1666
-299.79,9.31714,94.1926
-298.954,9.28641,94.2243
-298.115,9.25485,94.2614
-297.273,9.22262,94.3005
-296.426,9.19098,94.3402
-295.574,9.15912,94.382
-294.718,9.12617,94.4245
-293.858,9.09223,94.4691
-292.996,9.05719,94.5158
-292.127,9.02204,94.5647
-291.251,8.98633,94.6109
-290.365,8.94905,94.6584
-289.473,8.91133,94.7046
-288.577,8.8733,94.7465
-287.675,8.83578,94.7836
-286.767,8.79836,94.818
-285.852,8.75904,94.8495
-284.928,8.71849,94.8751
-283.998,8.67739,94.8918
-283.062,8.63825,94.9011
-282.119,8.59842,94.9032
-281.174,8.55737,94.8992
-280.229,8.51738,94.8921
-279.283,8.47789,94.8824
-278.341,8.43769,94.8709
-277.403,8.39793,94.8601
-276.468,8.36032,94.8491
-275.536,8.32159,94.8351
-274.609,8.28237,94.8193
-273.684,8.24359,94.802
-272.77,8.204,94.7831
-271.862,8.16479,94.7638
-270.963,8.1279,94.7431
-270.07,8.08966,94.7177
-269.182,8.05134,94.6867
-268.296,8.01392,94.6495
-267.415,7.97698,94.6098
-266.535,7.93964,94.5688
-265.656,7.90431,94.5259
-264.778,7.86694,94.4838
-263.905,7.83089,94.4444
-263.038,7.79714,94.4075
-262.172,7.76284,94.3726
-261.308,7.72713,94.3425
-260.446,7.69017,94.3184
-259.583,7.65471,94.3021
-258.716,7.62198,94.2934
-257.842,7.58937,94.2915
-256.969,7.55725,94.2953
-256.096,7.52597,94.3059
-255.223,7.49608,94.3264
-254.347,7.46483,94.3552
-253.468,7.43214,94.3917
-252.586,7.39872,94.4356
-251.704,7.36551,94.4894
-250.821,7.33228,94.5492
-249.937,7.29912,94.6158
-249.052,7.2655,94.685
-248.162,7.23225,94.754
-247.27,7.19896,94.8231
-246.374,7.16541,94.8919
-245.477,7.13128,94.9634
-244.58,7.09922,95.039
-243.681,7.06621,95.1151
-242.783,7.03229,95.1878
-241.886,6.99894,95.2537
-240.988,6.96527,95.3126
-240.093,6.92972,95.3636
-239.2,6.89408,95.4078
-238.309,6.85838,95.4444
-237.42,6.82098,95.4732
-236.533,6.78285,95.495
-235.649,6.74364,95.5056
-234.766,6.70449,95.5063
-233.885,6.66652,95.4944
-233.007,6.6271,95.4724
-232.132,6.58868,95.4406
-231.262,6.5523,95.4001
-230.395,6.5153,95.3499
-229.533,6.47815,95.2916
-228.675,6.44109,95.2268
-227.825,6.4052,95.1615
-226.982,6.37002,95.0962
-226.152,6.33496,95.0299
-225.338,6.30158,94.9633
-224.541,6.2692,94.898
-223.764,6.23754,94.836
-223.007,6.20611,94.7772
-222.272,6.17388,94.7208
-221.558,6.14337,94.6667
-220.868,6.11497,94.6149
-220.205,6.08664,94.5653
-219.566,6.06016,94.5183
-218.953,6.03474,94.4736
-218.363,6.01041,94.4319
-217.794,5.98607,94.3915
-217.247,5.96095,94.3514
-216.72,5.93731,94.3175
-216.216,5.91514,94.2912
-215.73,5.89801,94.2685
-215.265,5.88136,94.2531
-214.821,5.86122,94.2422
-214.389,5.83728,94.2397
-213.965,5.81138,94.2554
-213.55,5.78777,94.2913
-213.142,5.7695,94.3407
-212.739,5.75416,94.4072
-212.343,5.73522,94.4928
-211.953,5.71369,94.5951
-211.572,5.69003,94.7143
-211.2,5.66553,94.8486
-210.842,5.64172,94.9975
-210.498,5.61978,95.1597
-210.163,5.60078,95.3329
-209.838,5.58334,95.515
-209.519,5.56771,95.709
-209.212,5.54918,95.9199
-208.914,5.53003,96.1448
-208.619,5.50976,96.3873
-208.325,5.49027,96.6456
-208.03,5.47202,96.9203
-207.736,5.45226,97.215
-207.455,5.43309,97.5408
-207.187,5.41394,97.8999
-206.927,5.39884,98.2905
-206.674,5.38307,98.7044
-206.42,5.36212,99.1374
-206.176,5.3343,99.6022
-205.946,5.30798,100.103
-205.737,5.29034,100.632
-205.535,5.2747,101.19
-205.338,5.25635,101.776
-205.142,5.23738,102.386
-204.97,5.21978,103.018
-204.822,5.19837,103.674
-204.691,5.17783,104.355
-204.584,5.16136,105.059
-204.497,5.142,105.792
-204.426,5.11865,106.554
-204.366,5.09637,107.34
-204.327,5.07596,108.146
-204.302,5.05689,108.968
-204.285,5.04062,109.805
-204.278,5.02316,110.658
-204.283,5.00727,111.532
-204.299,4.98944,112.428
-204.325,4.97114,113.35
-204.354,4.95559,114.289
-204.385,4.93895,115.239
-204.411,4.9222,116.192
-204.428,4.90526,117.151
-204.446,4.88213,118.12
-204.457,4.85453,119.1
-204.463,4.82582,120.084
-204.464,4.80061,121.07
-204.462,4.77524,122.065
-204.45,4.74905,123.072
-204.43,4.72895,124.081
-204.405,4.70853,125.078
-204.378,4.69162,126.062
-204.354,4.67291,127.037
-204.33,4.64686,128.018
-204.307,4.62056,129.002
-204.282,4.59453,129.981
-204.258,4.57189,130.954
-204.228,4.54696,131.921
-204.193,4.51852,132.887
-204.161,4.48839,133.851
-204.137,4.45937,134.814
-204.112,4.4303,135.77
-204.092,4.40752,136.716
-204.076,4.38321,137.653
-204.067,4.35861,138.584
-204.06,4.33377,139.503
-204.051,4.30568,140.402
-204.048,4.28292,141.277
-204.049,4.2604,142.133
-204.051,4.23294,142.971
-204.053,4.20339,143.788
-204.057,4.17995,144.581
-204.067,4.15617,145.35
-204.084,4.13228,146.098
-204.104,4.11035,146.82
-204.127,4.09091,147.517
-204.155,4.07128,148.186
-204.191,4.05297,148.824
-204.231,4.03534,149.435
-204.278,4.02141,150.019
-204.333,4.00634,150.576
-204.404,3.98844,151.113
-204.488,3.97096,151.637
-204.588,3.95913,152.154
-204.696,3.9487,152.667
-204.823,3.93602,153.172
-204.971,3.92101,153.665
-205.14,3.90753,154.148
-205.326,3.90104,154.618
-205.53,3.89892,155.074
-205.758,3.89222,155.518
-206.006,3.88425,155.951
-206.266,3.87907,156.373
-206.539,3.87696,156.787
-206.831,3.8787,157.193
-207.147,3.88286,157.591
-207.491,3.89098,157.982
-207.859,3.90083,158.367
-208.25,3.91018,158.747
-208.665,3.91836,159.117
-209.106,3.927,159.469
-209.577,3.93979,159.804
-210.075,3.95744,160.127
-210.6,3.97505,160.428
-211.16,3.98634,160.701
-211.75,3.99704,160.95
-212.363,4.01277,161.18
-213.001,4.02793,161.385
-213.659,4.04145,161.563
-214.334,4.05891,161.715
-215.027,4.08004,161.843
-215.738,4.10171,161.949
-216.469,4.12465,162.041
-217.22,4.14797,162.119
-217.989,4.1688,162.183
-218.772,4.19306,162.241
-219.567,4.22025,162.292
-220.373,4.2487,162.336
-221.191,4.27871,162.379
-222.021,4.30968,162.42
-222.865,4.34101,162.462
-223.721,4.3719,162.506
-224.586,4.40183,162.553
-225.463,4.43269,162.604
-226.353,4.46561,162.656
-227.256,4.49891,162.709
-228.173,4.53237,162.763
-229.101,4.56728,162.819
-230.042,4.60182,162.877
-230.996,4.63834,162.936
-231.964,4.67648,162.996
-232.945,4.71292,163.055
-233.938,4.74947,163.117
-234.942,4.78671,163.176
-235.961,4.82304,163.234
-236.994,4.86038,163.289
-238.044,4.89907,163.343
-239.11,4.93855,163.39
-240.187,4.97945,163.429
-241.273,5.02336,163.46
-242.371,5.0694,163.482
-243.483,5.11605,163.494
-244.599,5.16121,163.497
-245.709,5.206,163.495
-246.812,5.24773,163.486
-247.915,5.28461,163.467
-249.023,5.31792,163.441
-250.134,5.34882,163.407
-251.241,5.38368,163.366
-252.347,5.41968,163.317
-253.451,5.45217,163.258
-254.551,5.48534,163.193
-255.649,5.51919,163.124
-256.738,5.55325,163.05
-257.81,5.59014,162.973
-258.864,5.62478,162.894
-259.9,5.65598,162.815
-260.923,5.68789,162.744
-261.929,5.71761,162.67
-262.907,5.74813,162.597
-263.859,5.78077,162.527
-264.787,5.8121,162.457
-265.694,5.84051,162.388
-266.58,5.86643,162.323
-267.454,5.89382,162.265
-268.324,5.92097,162.215
-269.19,5.94856,162.17
-270.058,5.97798,162.127
-270.92,6.00603,162.085
-271.781,6.03317,162.047
-272.636,6.05891,162.011
-273.486,6.08401,161.975
-274.334,6.10975,161.94
-275.183,6.13664,161.914
-276.033,6.16403,161.895
-276.881,6.19227,161.879
-277.721,6.22145,161.866
-278.555,6.25385,161.858
-279.389,6.28806,161.854
-280.226,6.32094,161.849
-281.068,6.35187,161.846
-281.912,6.38363,161.846
-282.764,6.41681,161.849
-283.62,6.44919,161.852
-284.481,6.48099,161.854
-285.342,6.51284,161.857
-286.202,6.5457,161.859
-287.062,6.57884,161.86
-287.92,6.61171,161.857
-288.776,6.6444,161.852
-289.629,6.67783,161.847
-290.479,6.71156,161.839
-291.328,6.74462,161.828
-292.179,6.77723,161.816
-293.031,6.80857,161.802
-293.887,6.83711,161.783
-294.75,6.8682,161.768
-295.621,6.90295,161.757
-296.5,6.93568,161.741
-297.383,6.96975,161.725
-298.27,7.00948,161.709
-299.164,7.04825,161.692
-300.066,7.08391,161.673
-300.978,7.11926,161.654
-301.903,7.15524,161.634
-302.836,7.19124,161.615
-303.775,7.2268,161.597
-304.722,7.26484,161.578
-305.676,7.30196,161.559
-306.637,7.3364,161.542
-307.602,7.36806,161.526
-308.569,7.3988,161.51
-309.539,7.42891,161.491
-310.51,7.45658,161.476
-311.482,7.48397,161.465
-312.452,7.51107,161.452
-313.421,7.53856,161.437
-314.388,7.56644,161.425
-315.354,7.59444,161.414
-316.317,7.62275,161.402
-317.277,7.65148,161.393
-318.23,7.68179,161.387
-319.18,7.7101,161.38
-320.127,7.73667,161.371
-321.068,7.764,161.365
-322.012,7.7923,161.359
-322.952,7.81808,161.354
-323.886,7.84317,161.346
-324.814,7.87489,161.342
-325.742,7.90572,161.34
-326.668,7.933,161.337
-327.589,7.96006,161.331
-328.502,7.99045,161.327
-329.412,8.01998,161.323
-330.314,8.0478,161.319
-331.206,8.07511,161.315
-332.087,8.10385,161.313
-332.959,8.13219,161.31
-333.825,8.15956,161.309
-334.687,8.18518,161.309
-335.549,8.21138,161.307
-336.412,8.23771,161.305
-337.273,8.26484,161.303
-338.132,8.29354,161.3
-338.984,8.32423,161.295
-339.835,8.35766,161.292
-340.683,8.39041,161.287
-341.527,8.42133,161.278
-342.368,8.45201,161.266
-343.212,8.48392,161.25
-344.062,8.51575,161.228
-344.919,8.54733,161.204
-345.78,8.57836,161.181
-346.643,8.61014,161.158
-347.508,8.64362,161.134
-348.376,8.67637,161.108
-349.252,8.70946,161.08
-350.132,8.74104,161.053
-351.016,8.77242,161.022
-351.903,8.80655,160.99
-352.794,8.84149,160.96
-353.686,8.87396,160.927
-354.578,8.90533,160.893
-355.473,8.93925,160.86
-356.368,8.97117,160.828
-357.263,9.00126,160.792
-358.157,9.03466,160.759
-359.05,9.07081,160.729
-359.94,9.10518,160.698
-360.826,9.13875,160.663
-361.707,9.17515,160.628
-362.587,9.21126,160.593
-363.468,9.24464,160.559
-364.345,9.27628,160.527
-365.213,9.30598,160.5
-366.072,9.33633,160.48
-366.923,9.36819,160.465
-367.765,9.39461,160.453
-368.594,9.41743,160.445
-369.411,9.44312,160.442
-370.215,9.46991,160.439
-371.006,9.49299,160.449
-371.779,9.51573,160.461
-372.529,9.53727,160.473
-373.26,9.55845,160.491
-373.968,9.58055,160.532
-374.657,9.598,160.583
-375.322,9.61127,160.647
-375.962,9.62437,160.72
-376.578,9.63948,160.809
-377.172,9.65415,160.91
-377.745,9.66826,161.022
-378.299,9.67992,161.142
-378.831,9.68915,161.268
-379.342,9.7014,161.403
-379.83,9.71415,161.553
-380.295,9.7251,161.718
-380.748,9.7342,161.905
-381.191,9.74091,162.111
-381.626,9.74614,162.333
-382.048,9.74977,162.566
-382.454,9.74981,162.816
-382.847,9.75108,163.087
-383.222,9.7566,163.38
-383.583,9.76134,163.684
-383.944,9.76449,163.992
-384.301,9.76379,164.31
-384.648,9.76048,164.655
-384.977,9.75648,165.038
-385.298,9.75603,165.456
-385.625,9.75785,165.897
-385.965,9.76319,166.357
-386.3,9.76189,166.847
-386.61,9.75236,167.378
-386.893,9.74325,167.945
-387.157,9.73923,168.542
-387.401,9.73621,169.167
-387.624,9.7268,169.823
-387.821,9.71251,170.509
-387.999,9.69967,171.22
-388.156,9.68728,171.955
-388.294,9.67508,172.714
-388.412,9.66091,173.495
-388.512,9.64526,174.295
-388.595,9.63188,175.117
-388.662,9.62017,175.957
-388.714,9.60658,176.811
-388.755,9.59285,177.682
-388.782,9.58066,178.572
-388.8,9.5669,179.481
-388.813,9.55146,180.408
-388.822,9.53394,181.353
-388.829,9.51513,182.313
-388.834,9.49497,183.286
-388.841,9.47222,184.27
-388.849,9.44558,185.267
-388.857,9.41477,186.271
-388.862,9.3834,187.285
-388.869,9.3512,188.311
-388.874,9.31953,189.344
-388.879,9.29139,190.377
-388.885,9.26362,191.414
-388.89,9.23555,192.447
-388.896,9.20616,193.478
-388.905,9.1767,194.507
-388.916,9.14516,195.534
-388.928,9.11049,196.561
-388.936,9.07742,197.58
-388.941,9.0447,198.599
-388.945,9.01218,199.617
-388.952,8.97994,200.629
-388.957,8.94958,201.639
-388.959,8.92153,202.644
-388.965,8.89516,203.644
-388.972,8.86978,204.635
-388.978,8.84647,205.617
-388.984,8.82432,206.589
-388.99,8.80239,207.545
-388.997,8.78258,208.483
-389.002,8.76227,209.397
-389.005,8.74037,210.286
-389.006,8.71675,211.148
-389.004,8.69244,211.992
-388.997,8.6676,212.821
-388.988,8.63861,213.631
-388.975,8.61102,214.416
-388.952,8.59063,215.174
-388.919,8.5733,215.911
-388.87,8.5575,216.631
-388.803,8.54167,217.342
-388.716,8.52577,218.043
-388.606,8.50922,218.728
-388.471,8.49441,219.402
-388.307,8.48011,220.066
-388.112,8.46267,220.718
-387.883,8.44181,221.356
-387.621,8.41884,221.977
-387.325,8.39754,222.579
-387.001,8.37235,223.167
-386.65,8.34557,223.739
-386.272,8.3186,224.293
-385.867,8.29187,224.824
-385.439,8.26266,225.334
-384.978,8.23274,225.823
-384.484,8.20187,226.301
-383.955,8.17117,226.754
-383.392,8.13508,227.187
-382.803,8.09489,227.601
-382.188,8.05729,227.99
-381.543,8.01817,228.353
-380.875,7.9829,228.693
-380.18,7.94773,229.006
-379.464,7.91084,229.299
-378.727,7.87319,229.569
-377.967,7.8339,229.822
-377.185,7.7985,230.047
-376.385,7.76524,230.249
-375.56,7.72723,230.437
-374.712,7.68775,230.612
-373.847,7.64876,230.768
-372.968,7.61075,230.911
-372.073,7.57571,231.043
-371.163,7.53944,231.164
-370.232,7.49923,231.277
-369.284,7.45856,231.383
-368.324,7.42015,231.481
-367.35,7.38308,231.574
-366.374,7.3458,231.662
-365.391,7.30699,231.743
-364.399,7.27067,231.823
-363.401,7.2344,231.901
-362.391,7.19738,231.978
-361.375,7.15848,232.053
-360.353,7.1211,232.125
-359.328,7.0835,232.197
-358.292,7.04208,232.266
-357.256,7.00126,232.33
-356.215,6.95762,232.388
-355.165,6.91384,232.44
-354.11,6.86982,232.487
-353.054,6.82681,232.528
-351.994,6.78361,232.565
-350.933,6.7412,232.596
-349.87,6.70144,232.621
-348.809,6.66236,232.642
-347.751,6.62373,232.659
-346.698,6.58487,232.674
-345.648,6.54349,232.689
-344.598,6.50009,232.701
-343.547,6.45285,232.711
-342.495,6.40507,232.719
-341.444,6.36197,232.72
-340.398,6.31601,232.718
-339.358,6.27505,232.715
-338.322,6.23546,232.704
-337.282,6.19067,232.687
-336.246,6.14699,232.662
-335.214,6.10542,232.625
-334.183,6.06356,232.583
-333.152,6.02319,232.534
-332.124,5.98389,232.477
-331.101,5.94508,232.412
-330.085,5.90762,232.341
-329.068,5.86901,232.269
-328.045,5.82987,232.198
-327.023,5.7914,232.126
-326.006,5.75906,232.055
-324.996,5.72476,231.986
-323.989,5.69162,231.92
-322.982,5.65228,231.85
-321.972,5.60792,231.79
-320.96,5.56624,231.744
-319.948,5.52515,231.704
-318.938,5.48259,231.67
-317.934,5.44129,231.639
-316.928,5.39942,231.618
-315.918,5.35563,231.604
-314.908,5.31054,231.599
-313.904,5.26788,231.603
-312.902,5.22657,231.615
-311.895,5.18268,231.632
-310.885,5.1369,231.657
-309.877,5.09304,231.69
-308.869,5.05058,231.729
-307.861,5.00754,231.77
-306.855,4.96349,231.814
-305.847,4.91924,231.858
-304.833,4.87699,231.905
-303.816,4.83479,231.956
-302.798,4.79603,232.006
-301.783,4.76057,232.059
-300.77,4.72491,232.113
-299.761,4.68853,232.168
-298.752,4.65376,232.221
-297.745,4.61686,232.274
-296.738,4.57792,232.331
-295.733,4.54171,232.386
-294.731,4.50422,232.438
-293.729,4.46806,232.485
-292.732,4.43259,232.528
-291.739,4.39657,232.568
-290.75,4.36156,232.609
-289.767,4.325,232.649
-288.791,4.28898,232.69
-287.822,4.25291,232.73
-286.857,4.215,232.771
-285.899,4.17522,232.809
-284.948,4.13742,232.844
-284.001,4.09753,232.88
-283.059,4.05471,232.915
-282.123,4.0127,232.945
-281.192,3.97041,232.972
-280.27,3.92929,232.997
-279.358,3.89004,233.019
-278.455,3.85078,233.039
-277.562,3.81148,233.055
-276.673,3.7726,233.067
-275.789,3.73467,233.077
-274.911,3.69491,233.084
-274.038,3.65598,233.09
-273.171,3.61943,233.094
-272.316,3.5807,233.096
-271.474,3.54549,233.101
-270.649,3.51113,233.105
-269.837,3.47664,233.106
-269.033,3.44251,233.106
-268.239,3.4071,233.108
-267.455,3.3726,233.109
-266.679,3.34133,233.109
-265.913,3.31057,233.11
-265.155,3.28152,233.112
-264.407,3.25342,233.114
-263.67,3.22714,233.117
-262.944,3.20187,233.121
-262.228,3.17704,233.126
-261.521,3.15273,233.133
-260.821,3.12799,233.138
-260.129,3.10281,233.143
-259.447,3.07778,233.148
-258.778,3.05307,233.153
-258.122,3.03066,233.162
-257.478,3.00848,233.169
-256.842,2.98547,233.176
-256.215,2.96171,233.185
-255.596,2.93886,233.193
-254.988,2.91662,233.201
-254.391,2.89508,233.21
-253.802,2.87304,233.218
-253.219,2.85211,233.227
-252.643,2.83229,233.236
-252.073,2.81153,233.246
-251.511,2.79113,233.256
-250.954,2.77178,233.264
-250.399,2.75344,233.272
-249.845,2.73515,233.281
-249.295,2.71577,233.289
-248.747,2.69578,233.299
-248.202,2.67587,233.307
-247.658,2.65695,233.313
-247.116,2.63861,233.322
-246.574,2.61983,233.331
-246.032,2.6002,233.341
-245.494,2.57891,233.349
-244.959,2.55814,233.357
-244.426,2.53832,233.367
-243.896,2.51949,233.378
-243.368,2.50209,233.389
-242.841,2.48384,233.399
-242.315,2.46505,233.41
-241.791,2.44516,233.421
-241.274,2.42285,233.437
-240.761,2.39956,233.456
-240.252,2.37683,233.474
-239.743,2.356,233.487
-239.236,2.33516,233.499
-238.728,2.31107,233.516
-238.219,2.28269,233.538
-237.71,2.25441,233.558
-237.201,2.22863,233.574
-236.693,2.20382,233.588
-236.186,2.17712,233.605
-235.682,2.14919,233.624
-235.179,2.12299,233.641
-234.674,2.09835,233.654
-234.166,2.07445,233.666
-233.657,2.04859,233.679
-233.144,2.01935,233.693
-232.627,1.99097,233.703
-232.109,1.96364,233.713
-231.587,1.93733,233.723
-231.063,1.91121,233.732
-230.536,1.88474,233.738
-230.005,1.85889,233.742
-229.469,1.83443,233.746
-228.932,1.81045,233.752
-228.394,1.7878,233.757
-227.857,1.76535,233.762
-227.321,1.74441,233.765
-226.787,1.72536,233.765
-226.256,1.70757,233.765
-225.728,1.68956,233.767
-225.201,1.67175,233.77
-224.675,1.65488,233.773
-224.152,1.63894,233.773
-223.629,1.62322,233.767
-223.108,1.60697,233.755
-222.589,1.58889,233.741
-222.074,1.57028,233.724
-221.558,1.55438,233.702
-221.048,1.53933,233.673
-220.551,1.52116,233.635
-220.067,1.50131,233.587
-219.594,1.48035,233.533
-219.134,1.45986,233.472
-218.686,1.44283,233.401
-218.247,1.42459,233.317
-217.818,1.40414,233.225
-217.405,1.38542,233.125
-217.01,1.36857,233.019
-216.633,1.35083,232.914
-216.275,1.33376,232.808
-215.937,1.31991,232.699
-215.612,1.30905,232.587
-215.295,1.29947,232.47
-214.982,1.29096,232.347
-214.677,1.28173,232.214
-214.38,1.27326,232.073
-214.09,1.26459,231.923
-213.807,1.25499,231.766
-213.535,1.2456,231.604
-213.274,1.23581,231.436
-213.021,1.22732,231.26
-212.776,1.22099,231.076
-212.536,1.21529,230.882
-212.295,1.20949,230.673
-212.054,1.20264,230.447
-211.815,1.19729,230.2
-211.58,1.1914,229.93
-211.356,1.18393,229.636
-211.137,1.1759,229.32
-210.92,1.16734,228.986
-210.71,1.15972,228.632
-210.516,1.15425,228.256
-210.341,1.15303,227.856
-210.177,1.15497,227.435
-210.016,1.1587,226.997
-209.868,1.16117,226.54
-209.744,1.16238,226.058
-209.636,1.16545,225.551
-209.536,1.17461,225.021
-209.439,1.188,224.466
-209.354,1.19485,223.884
-209.289,1.19472,223.275
-209.243,1.19734,222.643
-209.213,1.20922,221.996
-209.192,1.22141,221.326
-209.187,1.23214,220.637
-209.197,1.24084,219.927
-209.218,1.25411,219.196
-209.241,1.2696,218.449
-209.265,1.28293,217.682
-209.284,1.29775,216.895
-209.305,1.31637,216.091
-209.328,1.3306,215.267
-209.356,1.34669,214.425
-209.374,1.36601,213.56
-209.388,1.38421,212.675
-209.394,1.39729,211.773
-209.401,1.41813,210.854
-209.412,1.44021,209.917
-209.413,1.45897,208.967
-209.412,1.47417,208.009
-209.408,1.48917,207.047
-209.403,1.50218,206.074
-209.401,1.51489,205.09
-209.394,1.52634,204.1
-209.389,1.54198,203.11
-209.378,1.56219,202.123
-209.368,1.58323,201.136
-209.355,1.60772,200.149
-209.344,1.62946,199.166
-209.333,1.65605,198.184
-209.326,1.68496,197.2
-209.322,1.71343,196.224
-209.312,1.73464,195.257
-209.3,1.76005,194.302
-209.288,1.77846,193.353
-209.272,1.79269,192.403
-209.255,1.80438,191.45
-209.241,1.81659,190.495
-209.227,1.83242,189.545
-209.213,1.85197,188.604
-209.2,1.86862,187.67
-209.18,1.88387,186.749
-209.156,1.89884,185.843
-209.128,1.9107,184.95
-209.102,1.9176,184.071
-209.071,1.92514,183.205
-209.033,1.93249,182.353
-208.992,1.93609,181.523
-208.959,1.94221,180.719
-208.923,1.95349,179.937
-208.881,1.96032,179.176
-208.836,1.96383,178.437
-208.798,1.96724,177.723
-208.756,1.97605,177.022
-208.704,1.98324,176.331
-208.653,1.9883,175.652
-208.61,1.98984,174.984
-208.566,1.99968,174.336
-208.517,2.01045,173.711
-208.475,2.01543,173.112
-208.445,2.01677,172.543
-208.424,2.01758,172.007
-208.407,2.02335,171.501
-208.39,2.02932,171.015
-208.368,2.03093,170.535
-208.347,2.031,170.055
-208.327,2.03434,169.577
-208.307,2.03864,169.099
-208.284,2.04666,168.626
-208.262,2.05228,168.159
-208.236,2.05082,167.697
-208.207,2.04687,167.243
-208.178,2.04436,166.796
-208.15,2.044,166.353
-208.123,2.04904,165.91
-208.094,2.05567,165.46
-208.06,2.05934,165
-208.018,2.0568,164.529
-207.975,2.05209,164.047
-207.931,2.05087,163.556
-207.888,2.05702,163.06
-207.839,2.06725,162.556
-207.781,2.07759,162.041
-207.717,2.08752,161.512
-207.65,2.09802,160.97
-207.584,2.10846,160.414
-207.518,2.11877,159.845
-207.45,2.12794,159.264
-207.382,2.13894,158.669
-207.314,2.15204,158.058
-207.247,2.16741,157.429
-207.18,2.18211,156.78
-207.119,2.19535,156.112
-207.059,2.20471,155.432
-206.992,2.21753,154.738
-206.931,2.23393,154.03
-206.88,2.25071,153.305
-206.841,2.26288,152.56
-206.811,2.2778,151.797
-206.797,2.29097,151.017
-206.791,2.30361,150.222
-206.799,2.31912,149.409
-206.823,2.33892,148.574
-206.853,2.35494,147.721
-206.888,2.37162,146.853
-206.93,2.39206,145.973
-206.974,2.4126,145.08
-207.023,2.43264,144.173
-207.073,2.4554,143.25
-207.125,2.47683,142.315
-207.18,2.49595,141.372
-207.232,2.51829,140.417
-207.286,2.54122,139.448
-207.339,2.5581,138.458
-207.392,2.57773,137.457
-207.445,2.59618,136.451
-207.493,2.61909,135.438
-207.536,2.64085,134.425
-207.586,2.6617,133.41
-207.632,2.68292,132.401
-207.669,2.70105,131.396
-207.711,2.7194,130.392
-207.745,2.73403,129.386
-207.767,2.74804,128.378
-207.777,2.7638,127.372
-207.781,2.77686,126.369
-207.771,2.78828,125.375
-207.755,2.79848,124.385
-207.741,2.80882,123.39
-207.717,2.81961,122.396
-207.693,2.83372,121.407
-207.661,2.8494,120.435
-207.628,2.86693,119.477
-207.592,2.88089,118.537
-207.565,2.89099,117.613
-207.541,2.90126,116.712
-207.519,2.91212,115.832
-207.497,2.92151,114.973
-207.474,2.92961,114.138
-207.442,2.93574,113.33
-207.412,2.9456,112.551
-207.384,2.95328,111.8
-207.354,2.95825,111.077
-207.326,2.96296,110.384
-207.302,2.9681,109.721
-207.282,2.97437,109.087
-207.265,2.98103,108.484
-207.25,2.98677,107.91
-207.233,2.99286,107.364
-207.212,2.99985,106.853
-207.193,3.00631,106.372
-207.182,3.0125,105.915
-207.18,3.01843,105.473
-207.178,3.0242,105.042
-207.168,3.02945,104.614
-207.144,3.03337,104.186
-207.123,3.03796,103.757
-207.115,3.04479,103.328
-207.114,3.05065,102.901
-207.108,3.05371,102.481
-207.095,3.05302,102.065
-207.076,3.0534,101.655
-207.056,3.05848,101.246
-207.041,3.0693,100.836
-207.026,3.08229,100.423
-206.996,3.08868,100.005
-206.959,3.08623,99.5804
-206.925,3.0836,99.1504
-206.898,3.08621,98.7128
-206.863,3.09533,98.2697
-206.82,3.10617,97.8213
-206.766,3.11412,97.3645
-206.709,3.11721,96.8937
-206.654,3.11804,96.4062
-206.602,3.12095,95.9072
-206.545,3.12526,95.3948
-206.483,3.12927,94.8678
-206.412,3.12973,94.3304
-206.335,3.13076,93.7838
-206.259,3.13165,93.2249
-206.184,3.13207,92.6495
-206.111,3.13622,92.0551
-206.035,3.14178,91.4412
-205.958,3.14554,90.8103
-205.88,3.14827,90.1625
-205.803,3.15294,89.5072
-205.727,3.16243,88.8459
-205.66,3.17375,88.1722
-205.602,3.18527,87.487
-205.559,3.19225,86.7889
-205.522,3.19576,86.0758
-205.499,3.2004,85.3507
-205.488,3.20099,84.6159
-205.494,3.20024,83.8692
-205.513,3.20694,83.112
-205.547,3.21476,82.3461
-205.597,3.21943,81.5773
-205.665,3.22459,80.8013
-205.748,3.23513,80.0269
-205.843,3.24648,79.2429
-205.947,3.2537,78.4433
-206.056,3.25268,77.6334
-206.161,3.25539,76.8191
-206.259,3.26463,75.991
-206.352,3.27327,75.1502
-206.442,3.28114,74.301
-206.525,3.29343,73.4465
-206.601,3.30419,72.5865
-206.67,3.31618,71.7177
-206.727,3.32254,70.8369
-206.773,3.32587,69.9429
-206.818,3.32976,69.0367
-206.858,3.33412,68.1189
-206.882,3.33576,67.1956
-206.9,3.34191,66.2675
-206.916,3.34842,65.3342
-206.929,3.3503,64.3983
-206.937,3.35591,63.4625
-206.942,3.36032,62.526
-206.946,3.36115,61.5969
-206.944,3.36671,60.6684
-206.945,3.37259,59.7375
-206.944,3.37309,58.8047
-206.945,3.37652,57.8768
-206.953,3.38118,56.9565
-206.96,3.3814,56.043
-206.966,3.38169,55.1341
-206.974,3.38599,54.225
-206.98,3.38944,53.3107
-206.979,3.39976,52.3957
-206.979,3.41529,51.4894
-206.985,3.42984,50.5984
-206.997,3.44483,49.7243
-207.009,3.45687,48.8599
-207.021,3.46538,47.9992
-207.038,3.46855,47.1455
-207.053,3.46859,46.3067
-207.062,3.47323,45.4853
-207.079,3.47683,44.6797
-207.095,3.47878,43.8885
-207.102,3.48263,43.114
-207.106,3.4876,42.3641
-207.115,3.48928,41.6412
-207.122,3.49166,40.946
-207.124,3.49597,40.2746
-207.125,3.49745,39.6271
-207.125,3.49394,39.0035
-207.123,3.49058,38.4066
-207.119,3.49099,37.8385
-207.108,3.48913,37.3034
-207.092,3.48736,36.7969
-207.075,3.48645,36.3159
-207.058,3.48681,35.8618
-207.039,3.48919,35.4309
-207.014,3.48966,35.0199
-206.985,3.48801,34.6267
-206.953,3.48564,34.2525
-206.921,3.48396,33.8908
-206.886,3.48252,33.5392
-206.844,3.47976,33.1978
-206.798,3.47471,32.8692
-206.749,3.46836,32.5537
-206.697,3.46332,32.2487
-206.642,3.46066,31.9528
-206.581,3.45909,31.6655
-206.518,3.45806,31.3861
-206.449,3.45624,31.1114
-206.372,3.45271,30.8412
-206.282,3.4468,30.5772
-206.183,3.43967,30.3213
-206.076,3.4318,30.0734
-205.967,3.42411,29.8298
-205.854,3.41827,29.5923
-205.734,3.41466,29.3621
-205.608,3.41115,29.1399
-205.476,3.40781,28.9191
-205.333,3.40552,28.6981
-205.174,3.40188,28.4775
-205.001,3.39778,28.2519
-204.814,3.39215,28.0198
-204.615,3.3837,27.7816
-204.397,3.37677,27.5401
-204.162,3.36762,27.2968
-203.906,3.36046,27.0499
-203.629,3.35483,26.8015
-203.328,3.34876,26.5581
-203.002,3.34013,26.3196
-202.656,3.32643,26.082
-202.289,3.30975,25.8434
-201.9,3.29579,25.61
-201.486,3.28092,25.3811
-201.046,3.26795,25.1575
-200.578,3.25529,24.9358
-200.088,3.24064,24.7168
-199.573,3.22331,24.5008
-199.034,3.20401,24.2874
-198.471,3.18684,24.0694
-197.886,3.16962,23.8458
-197.279,3.15332,23.6198
-196.645,3.13255,23.3989
-196.006,3.11281,23.1985
-195.356,3.0928,23.0121
-194.708,3.07592,22.8516
-194.057,3.05542,22.7045
-193.412,3.03995,22.5851
-192.777,3.02356,22.4881
-192.133,3.00911,22.4058
-191.517,2.9917,22.3456
-190.903,2.97123,22.3039
-190.293,2.94882,22.2752
-189.681,2.92466,22.2576
-189.069,2.90003,22.2491
-188.457,2.8759,22.2465
-187.846,2.85272,22.2426
-187.238,2.82764,22.238
-186.636,2.80236,22.2422
-186.041,2.77859,22.2516
-185.442,2.75518,22.267
-184.835,2.73152,22.287
-184.219,2.70736,22.3096
-183.589,2.68252,22.3335
-182.947,2.65766,22.3575
-182.292,2.63219,22.382
-181.622,2.6052,22.4105
-180.94,2.57628,22.446
-180.245,2.54718,22.483
-179.539,2.52033,22.5215
-178.819,2.49288,22.566
-178.086,2.46279,22.6137
-177.341,2.4319,22.6635
-176.583,2.39919,22.7181
-175.814,2.3629,22.776
-175.029,2.32656,22.8306
-174.226,2.2917,22.8829
-173.406,2.25239,22.9362
-172.576,2.21033,22.9922
-171.736,2.17209,23.0495
-170.885,2.13402,23.1112
-170.017,2.09522,23.1785
-169.131,2.05563,23.2491
-168.237,2.0126,23.3261
-167.332,1.97341,23.4071
-166.418,1.93552,23.4933
-165.486,1.89151,23.5938
-164.548,1.84689,23.6945
-163.595,1.80012,23.8075
-162.629,1.74717,23.919
-161.641,1.69587,24.0315
-160.65,1.64178,24.1435
-159.65,1.58941,24.2532
-158.636,1.53654,24.3646
-157.61,1.48439,24.4752
-156.58,1.43206,24.5794
-155.55,1.38677,24.6764
-154.517,1.33923,24.764
-153.477,1.28878,24.8425
-152.429,1.23766,24.9041
-151.371,1.18539,24.9567
-150.311,1.13921,24.9894
-149.25,1.09367,25.008
-148.186,1.04823,25.0154
-147.124,1.00151,25.0073
-146.052,0.951628,24.9831
-144.976,0.899791,24.951
-143.899,0.849598,24.9119
-142.818,0.800062,24.8697
-141.733,0.749798,24.8266
-140.642,0.699523,24.7867
-139.546,0.648977,24.7505
-138.448,0.599532,24.7169
-137.343,0.550376,24.6868
-136.232,0.50056,24.659
-135.115,0.447139,24.6372
-133.992,0.396643,24.6204
-132.861,0.347401,24.6051
-131.716,0.297609,24.5925
-130.563,0.250424,24.5859
-129.407,0.207374,24.5746
-128.247,0.164559,24.5665
-127.076,0.119936,24.5611
-125.9,0.0717196,24.5561
-124.716,0.0198796,24.5539
-123.528,-0.0293817,24.5516
-122.329,-0.0799424,24.549
-121.121,-0.129675,24.5457
-119.912,-0.176972,24.5411
-118.696,-0.225434,24.5298
-117.474,-0.278099,24.5224
-116.244,-0.333888,24.5158
-115.004,-0.391591,24.5082
-113.755,-0.44939,24.5025
-112.504,-0.503473,24.4966
-111.253,-0.554922,24.4879
-109.997,-0.610224,24.4852
-108.737,-0.671339,24.487
-107.474,-0.73101,24.4918
-106.207,-0.794895,24.4956
-104.941,-0.860082,24.5012
-103.672,-0.91882,24.5011
-102.401,-0.977266,24.5002
-101.133,-1.0343,24.5008
-99.8613,-1.09069,24.5069
-98.5892,-1.15174,24.5173
-97.3158,-1.21131,24.5311
-96.041,-1.27224,24.5461
-94.7671,-1.33323,24.5585
-93.4936,-1.39027,24.5654
-92.2237,-1.44459,24.5743
-90.955,-1.4968,24.5848
-89.6996,-1.54869,24.6037
-88.4432,-1.6006,24.6245
-87.1897,-1.65395,24.6497
-85.9352,-1.70699,24.6747
-84.6829,-1.75852,24.7
-83.4319,-1.80793,24.7244
-82.1865,-1.85597,24.7525
-80.946,-1.90614,24.784
-79.7056,-1.95894,24.8194
-78.4649,-2.01173,24.8558
-77.2189,-2.06362,24.8898
-75.9792,-2.11279,24.9182
-74.7434,-2.15802,24.9425
-73.5122,-2.20615,24.9679
-72.2852,-2.25694,24.9977
-71.0609,-2.30916,25.0299
-69.8322,-2.36127,25.0631
-68.6081,-2.41737,25.0965
-67.388,-2.46861,25.1276
-66.1675,-2.51889,25.1566
-64.9512,-2.57339,25.1904
-63.7438,-2.6246,25.2236
-62.5391,-2.67993,25.2589
-61.3339,-2.73957,25.2954
-60.1309,-2.80004,25.3294
-58.931,-2.85633,25.3637
-57.7373,-2.91262,25.3977
-56.5517,-2.96768,25.432
-55.3728,-3.0237,25.469
-54.1999,-3.08122,25.5089
-53.0297,-3.13878,25.5514
-51.8635,-3.1969,25.5939
-50.7031,-3.25089,25.6332
-49.55,-3.30559,25.671
-48.3993,-3.35777,25.7094
-47.2566,-3.41021,25.7505
-46.1218,-3.46292,25.792
-44.9957,-3.51508,25.8356
-43.8773,-3.56879,25.8767
-42.773,-3.62239,25.9178
-41.6855,-3.67748,25.9569
-40.6147,-3.73011,25.9973
-39.5636,-3.78139,26.0391
-38.5332,-3.83199,26.081
-37.5224,-3.88038,26.1216
-36.5326,-3.92808,26.1656
-35.5578,-3.97329,26.2067
-34.5957,-4.01467,26.2455
-33.6486,-4.05554,26.2838
-32.7204,-4.09528,26.3185
-31.8123,-4.13623,26.3571
-30.9178,-4.1771,26.3931
-30.0301,-4.21784,26.4195
-29.1531,-4.26386,26.4472
-28.2955,-4.30816,26.4724
-27.459,-4.34605,26.486
-26.6403,-4.37933,26.495
-25.8406,-4.41518,26.506
-25.0619,-4.45101,26.5167
-24.307,-4.4799,26.5235
-23.5733,-4.50598,26.5282
-22.8646,-4.53549,26.5249
-22.1804,-4.56467,26.5204
-21.5141,-4.589,26.5111
-20.8678,-4.61357,26.5026
-20.2402,-4.64504,26.4969
-19.6305,-4.67542,26.4894
-19.0444,-4.70132,26.4794
-18.4801,-4.72571,26.4708
-17.936,-4.75301,26.4653
-17.4117,-4.78111,26.4595
-16.9102,-4.80725,26.4527
-16.4284,-4.83158,26.4456
-15.968,-4.85523,26.4432
-15.5281,-4.87832,26.4416
-15.1085,-4.89994,26.4446
-14.7112,-4.91945,26.4536
-14.3331,-4.9398,26.471
-13.9737,-4.95936,26.4909
-13.6325,-4.97811,26.5137
-13.3049,-4.99632,26.5422
-12.9884,-5.01187,26.5758
-12.6762,-5.02729,26.6199
-12.3746,-5.04428,26.6762
-12.0817,-5.06064,26.7499
-11.7982,-5.07626,26.8373
-11.5233,-5.09243,26.9358
-11.2525,-5.10469,27.0422
-10.9999,-5.1282,27.1581
-10.748,-5.14129,27.2812
-10.4994,-5.15229,27.4127
-10.2457,-5.15979,27.5564
-9.99425,-5.17558,27.7165
-9.733,-5.18662,27.8918
-9.4705,-5.20132,28.0817
-9.20368,-5.2203,28.2914
-8.93876,-5.23802,28.5248
-8.67899,-5.25136,28.7827
-8.42202,-5.2589,29.0647
-8.16233,-5.26762,29.3765
-7.9006,-5.28074,29.7067
-7.64172,-5.29977,30.0664
-7.38006,-5.32148,30.4571
-7.12929,-5.3365,30.8733
-6.87873,-5.35483,31.3174
-6.62649,-5.36874,31.7909
-6.37409,-5.38414,32.2918
-6.12757,-5.39711,32.8278
-5.88862,-5.41518,33.3949
-5.65352,-5.43097,33.9936
-5.44033,-5.44592,34.63
-5.23902,-5.46033,35.3008
-5.05156,-5.47715,35.9876
-4.86545,-5.48437,36.7048
-4.70083,-5.49127,37.4562
-4.54442,-5.507,38.2465
-4.39986,-5.52665,39.066
-4.28154,-5.53839,39.9122
-4.18532,-5.54763,40.781
-4.11023,-5.55652,41.6842
-4.07029,-5.56497,42.6121
-4.05467,-5.57305,43.5621
-4.04781,-5.57826,44.536
-4.05306,-5.58794,45.5374
-4.07437,-5.60122,46.5666
-4.10697,-5.61467,47.6244
-4.14385,-5.63201,48.7055
-4.18994,-5.64785,49.7926
-4.2428,-5.658,50.8853
-4.29552,-5.67378,51.9837
-4.35183,-5.69342,53.0808
-4.40657,-5.70542,54.1747
-4.45957,-5.72352,55.2696
-4.51344,-5.74048,56.3678
-4.56595,-5.75828,57.4678
-4.61477,-5.774,58.566
-4.66562,-5.78623,59.6619
-4.71577,-5.80131,60.7588
-4.76574,-5.81962,61.8513
-4.8162,-5.83812,62.9379
-4.86248,-5.85683,64.0226
-4.90794,-5.87795,65.1075
-4.95306,-5.89806,66.1936
-4.99578,-5.91577,67.2759
-5.03696,-5.9323,68.3533
-5.07627,-5.94878,69.4241
-5.1161,-5.96691,70.486
-5.15642,-5.9831,71.5419
-5.19483,-6,72.5927
-5.23313,-6.01807,73.6308
-5.26829,-6.03167,74.6485
-5.30117,-6.04348,75.6494
-5.33327,-6.0574,76.6347
-5.36775,-6.07252,77.6063
-5.40123,-6.08834,78.5575
-5.42858,-6.10513,79.4899
-5.4598,-6.12154,80.4027
-5.48817,-6.13718,81.2999
-5.51439,-6.15078,82.1808
-5.54169,-6.16443,83.0451
-5.5676,-6.17508,83.8787
-5.58706,-6.18178,84.685
-5.60662,-6.18867,85.4633
-5.6296,-6.19713,86.2182
-5.6483,-6.2073,86.9451
-5.66799,-6.21706,87.6505
-5.67858,-6.2282,88.3253
-5.67909,-6.24076,88.9703
-5.66564,-6.25071,89.5959
-5.63552,-6.2619,90.1796
-5.59231,-6.27052,90.7404
-5.53107,-6.28135,91.2665
-5.45116,-6.29227,91.7681
-5.34775,-6.30167,92.2479
-5.22087,-6.31222,92.7014
-5.07711,-6.32191,93.1304
-4.92249,-6.33311,93.5336
-4.7576,-6.34569,93.9194
-4.57626,-6.35865,94.2884
-4.37718,-6.37064,94.6377
-4.16726,-6.38384,94.9646
-3.94966,-6.39668,95.2697
-3.73159,-6.40769,95.5528
-3.51572,-6.41947,95.8126
-3.29395,-6.43029,96.046
-3.07296,-6.44165,96.2518
-2.85586,-6.45345,96.433
-2.64744,-6.46709,96.589
-2.4551,-6.47889,96.7269
-2.28224,-6.48938,96.8519
-2.12425,-6.49861,96.969
-1.97149,-6.50696,97.0776
-1.81386,-6.51494,97.1789
-1.65046,-6.5233,97.2785
-1.48312,-6.53135,97.3761
-1.31275,-6.53885,97.4675
-1.13935,-6.5476,97.5449
-0.964467,-6.55694,97.6078
-0.786949,-6.56559,97.6648
-0.605612,-6.57321,97.7209
-0.419392,-6.57834,97.7765
-0.234246,-6.58408,97.8307
-0.0525979,-6.59195,97.8777
0.128247,-6.59957,97.9193
0.311781,-6.60627,97.9596
0.498884,-6.6119,98.0041
0.688815,-6.6149,98.0513
0.879904,-6.61945,98.0915
1.07263,-6.62818,98.1163
1.26663,-6.63662,98.1343
1.46146,-6.64258,98.1525
1.65686,-6.65003,98.1761
1.8511,-6.65811,98.2044
2.04416,-6.66476,98.2343
2.23619,-6.66888,98.2564
2.42849,-6.66866,98.2643
2.62176,-6.66907,98.265
2.81817,-6.67485,98.2735
3.01704,-6.68377,98.2927
3.21582,-6.69222,98.3114
3.41488,-6.69784,98.3232
3.61707,-6.70268,98.3302
3.82856,-6.70847,98.3351
4.05272,-6.7155,98.3418
4.29314,-6.72389,98.3577
4.55216,-6.73152,98.3807
4.8297,-6.73848,98.403
5.12489,-6.74859,98.423
5.43226,-6.76128,98.4411
5.74893,-6.77443,98.4627
6.07298,-6.78667,98.4886
6.40503,-6.7968,98.5171
6.74231,-6.80805,98.5381
7.08563,-6.82363,98.5575
7.43549,-6.83753,98.5791
7.7918,-6.84676,98.5999
8.15575,-6.85766,98.621
8.52846,-6.87127,98.6409
8.90682,-6.88336,98.6548
9.28771,-6.89137,98.6658
9.67355,-6.90253,98.6745
10.0607,-6.9155,98.6883
10.449,-6.9269,98.7054
10.84,-6.93679,98.717
11.2317,-6.94784,98.7186
11.6244,-6.95842,98.7114
12.0187,-6.96852,98.6989
12.4205,-6.9786,98.6824
12.8335,-6.99012,98.6667
13.2569,-7.00195,98.6554
13.6897,-7.01449,98.6436
14.1326,-7.02899,98.6267
14.5876,-7.04517,98.6037
15.0514,-7.06064,98.5764
15.5239,-7.07234,98.5479
16.005,-7.08453,98.5273
16.4976,-7.09928,98.5211
17.002,-7.1148,98.5282
17.517,-7.13063,98.5498
18.0468,-7.14484,98.585
18.5928,-7.15938,98.6299
19.1513,-7.17657,98.6897
19.718,-7.19723,98.7601
20.2975,-7.21781,98.8344
20.8911,-7.23558,98.9024
21.5013,-7.25128,98.9669
22.1297,-7.2704,99.0277
22.7767,-7.29378,99.085
23.4399,-7.31749,99.1342
24.1122,-7.34028,99.1765
24.7902,-7.36089,99.21
25.4736,-7.38187,99.2402
26.1644,-7.40041,99.2653
26.8662,-7.41929,99.2867
27.5785,-7.44182,99.3056
28.2964,-7.46785,99.3251
29.0175,-7.49498,99.343
29.7374,-7.5189,99.3547
30.459,-7.54292,99.3654
31.1833,-7.56465,99.3753
31.91,-7.58638,99.3847
32.6337,-7.61032,99.3898
33.3527,-7.63445,99.3958
34.07,-7.65875,99.4013
34.7878,-7.67843,99.4075
35.5086,-7.70292,99.4139
36.2284,-7.73296,99.4207
36.9441,-7.76184,99.4299
37.6568,-7.78763,99.4408
38.3699,-7.8113,99.4562
39.0839,-7.83672,99.4677
39.796,-7.86238,99.4785
40.5051,-7.88561,99.4946
41.2091,-7.90726,99.517
41.9084,-7.93008,99.5344
42.6031,-7.95503,99.5488
43.2981,-7.98024,99.5695
43.9933,-8.00453,99.5992
44.687,-8.03322,99.6247
45.3782,-8.06555,99.6462
46.0656,-8.09599,99.6684
46.7505,-8.12645,99.6973
47.4386,-8.15918,99.7216
48.1277,-8.19309,99.7382
48.8189,-8.2275,99.7547
49.5105,-8.26131,99.7726
50.1997,-8.29383,99.794
50.8843,-8.32784,99.8133
51.5646,-8.36162,99.8276
52.2468,-8.39168,99.8383
52.9289,-8.42124,99.8536
53.6124,-8.45521,99.8718
54.2978,-8.48956,99.8893
54.979,-8.51899,99.904
55.6606,-8.54882,99.9297
56.3389,-8.58145,99.9576
57.0177,-8.61378,99.9772
57.6951,-8.64489,99.9931
58.3701,-8.67309,100.014
59.0486,-8.70517,100.037
59.7258,-8.73523,100.045
60.4013,-8.76837,100.053
61.0758,-8.80078,100.065
61.7519,-8.82827,100.088
62.4282,-8.85713,100.11
63.1027,-8.89031,100.121
63.7766,-8.9235,100.126
64.4442,-8.95462,100.141
65.1125,-8.98741,100.16
65.786,-9.02195,100.181
66.4625,-9.05415,100.2
67.1417,-9.08814,100.217
67.8189,-9.12399,100.233
68.4908,-9.15713,100.253
69.1592,-9.18719,100.277
69.827,-9.21624,100.294
70.4997,-9.24784,100.306
71.1769,-9.2778,100.317
71.8579,-9.30695,100.338
72.5365,-9.339,100.355
73.2082,-9.3727,100.365
73.8815,-9.40173,100.375
74.5536,-9.42494,100.394
75.2328,-9.45118,100.404
75.9146,-9.48608,100.409
76.5897,-9.51882,100.421
77.2633,-9.54702,100.436
77.9372,-9.57511,100.439
78.6112,-9.60572,100.439
79.2865,-9.64286,100.451
79.9577,-9.67787,100.464
80.6298,-9.71127,100.473
81.3096,-9.74467,100.484
81.9931,-9.77684,100.499
82.6753,-9.81457,100.513
83.3516,-9.85092,100.525
84.0218,-9.8799,100.537
84.6949,-9.90489,100.55
85.3751,-9.933,100.566
86.0595,-9.96447,100.581
86.744,-9.99524,100.586
87.4187,-10.0265,100.596
88.0841,-10.0619,100.617
88.7526,-10.0935,100.639
89.4258,-10.1192,100.647
90.1067,-10.1532,100.654
90.7886,-10.1956,100.674
91.4596,-10.2364,100.698
92.1196,-10.2724,100.712
92.7776,-10.3079,100.719
93.4375,-10.3447,100.729
94.0999,-10.3822,100.747
94.7601,-10.4225,100.768
95.4145,-10.4603,100.788
96.0616,-10.4968,100.8
96.7027,-10.5281,100.812
97.3385,-10.5582,100.824
97.9704,-10.588,100.833
98.5922,-10.6207,100.847
99.2011,-10.6545,100.863
99.7912,-10.6858,100.875
100.365,-10.7154,100.875
100.919,-10.7411,100.868
101.457,-10.7722,100.876
101.977,-10.8006,100.894
102.473,-10.8265,100.907
102.945,-10.8519,100.908
103.396,-10.8786,100.906
103.827,-10.9027,100.908
104.241,-10.9242,100.915
104.64,-10.9424,100.923
105.025,-10.9594,100.926
105.392,-10.9786,100.921
105.74,-10.9982,100.914
106.067,-11.015,100.913
106.374,-11.0306,100.917
106.662,-11.0452,100.921
106.927,-11.0578,100.926
107.17,-11.0685,100.932
107.389,-11.0775,100.936
107.587,-11.0864,100.94
107.769,-11.0952,100.943
107.938,-11.1057,100.953
108.097,-11.1152,100.968
108.256,-11.1227,100.991
108.417,-11.1298,101.018
108.576,-11.1364,101.05
108.736,-11.1421,101.092
108.885,-11.1493,101.144
109.026,-11.1566,101.207
109.162,-11.1636,101.277
109.292,-11.1705,101.355
109.416,-11.1764,101.439
109.54,-11.1819,101.529
109.667,-11.1875,101.621
109.796,-11.1934,101.721
109.93,-11.1994,101.832
110.061,-11.2064,101.955
110.194,-11.2142,102.092
110.328,-11.2187,102.235
110.46,-11.2218,102.387
110.588,-11.2253,102.546
110.714,-11.2276,102.722
110.838,-11.2293,102.914
110.961,-11.234,103.119
111.087,-11.2362,103.335
111.211,-11.2361,103.558
111.333,-11.2401,103.791
111.448,-11.2434,104.035
111.558,-11.2447,104.291
111.665,-11.2444,104.558
111.767,-11.2473,104.836
111.863,-11.251,105.125
111.957,-11.2569,105.425
112.042,-11.2614,105.737
112.11,-11.2627,106.065
112.162,-11.2669,106.407
112.209,-11.2719,106.763
112.248,-11.2772,107.134
112.278,-11.2825,107.52
112.29,-11.2837,107.923
112.3,-11.2905,108.348
112.313,-11.3021,108.798
112.321,-11.3159,109.264
112.332,-11.3302,109.757
112.343,-11.3464,110.268
112.348,-11.3643,110.798
112.347,-11.3775,111.349
112.338,-11.3931,111.919
112.329,-11.4085,112.517
112.322,-11.4283,113.139
112.313,-11.4497,113.782
112.305,-11.4714,114.446
112.298,-11.4895,115.131
112.292,-11.5108,115.838
112.287,-11.5353,116.567
112.276,-11.5574,117.318
112.267,-11.5797,118.09
112.255,-11.6047,118.877
112.242,-11.6299,119.683
112.222,-11.6486,120.508
112.2,-11.6702,121.353
112.179,-11.698,122.214
112.153,-11.7209,123.084
112.124,-11.7425,123.965
112.092,-11.7671,124.856
112.056,-11.7936,125.755
112.013,-11.8188,126.66
111.964,-11.8425,127.575
111.912,-11.8674,128.499
111.856,-11.8934,129.429
111.801,-11.918,130.361
111.744,-11.9426,131.291
111.686,-11.9641,132.219
111.627,-11.9864,133.147
111.567,-12.0068,134.073
111.505,-12.0234,134.994
111.446,-12.0421,135.913
111.39,-12.0616,136.829
111.335,-12.0818,137.744
111.286,-12.1031,138.656
111.238,-12.1257,139.566
111.194,-12.1485,140.475
111.155,-12.1721,141.383
111.12,-12.1947,142.288
111.087,-12.2172,143.19
111.056,-12.2406,144.088
111.028,-12.2619,144.983
110.998,-12.2812,145.877
110.967,-12.2979,146.765
110.938,-12.3138,147.64
110.907,-12.3274,148.495
110.878,-12.3367,149.33
110.85,-12.3471,150.147
110.824,-12.3618,150.941
110.796,-12.3764,151.712
110.768,-12.3892,152.46
110.745,-12.4059,153.184
110.72,-12.4247,153.885
110.693,-12.4422,154.561
110.666,-12.4602,155.208
110.641,-12.4791,155.83
110.617,-12.4964,156.428
110.594,-12.5137,157.002
110.57,-12.5303,157.556
110.548,-12.5459,158.089
110.527,-12.56,158.601
110.508,-12.5746,159.091
110.49,-12.5893,159.558
110.472,-12.6028,160.004
110.456,-12.6162,160.424
110.44,-12.6282,160.819
110.429,-12.6383,161.19
110.424,-12.6482,161.537
110.424,-12.659,161.863
110.425,-12.6688,162.172
110.426,-12.6771,162.465
110.428,-12.6858,162.739
110.432,-12.6959,162.998
110.438,-12.7056,163.252
110.444,-12.715,163.506
110.45,-12.7232,163.758
110.457,-12.7313,164.008
110.467,-12.7399,164.256
110.476,-12.7496,164.501
110.483,-12.7583,164.745
110.49,-12.766,164.987
110.497,-12.7737,165.228
110.504,-12.7812,165.47
110.509,-12.7888,165.716
110.516,-12.7958,165.972
110.529,-12.8028,166.245
110.542,-12.8122,166.539
110.548,-12.8243,166.851
110.549,-12.8376,167.178
110.548,-12.85,167.521
110.551,-12.8626,167.877
110.553,-12.8732,168.248
110.552,-12.8812,168.634
110.556,-12.8891,169.032
110.566,-12.901,169.44
110.57,-12.916,169.864
110.564,-12.9298,170.305
110.555,-12.9419,170.765
110.544,-12.9498,171.239
110.536,-12.9577,171.728
110.536,-12.9714,172.236
110.538,-12.9865,172.765
110.534,-12.9981,173.313
110.527,-13.0083,173.88
110.518,-13.0208,174.464
110.511,-13.0357,175.067
110.501,-13.0497,175.689
110.493,-13.0626,176.328
110.484,-13.0757,176.986
110.472,-13.0903,177.663
110.459,-13.1062,178.356
110.445,-13.1218,179.068
110.428,-13.1357,179.798
110.412,-13.1502,180.543
110.394,-13.166,181.304
110.374,-13.1816,182.082
110.354,-13.1979,182.874
110.332,-13.2141,183.681
110.31,-13.2306,184.503
110.287,-13.2502,185.342
110.264,-13.2704,186.19
110.239,-13.2894,187.049
110.214,-13.3068,187.917
110.189,-13.3262,188.796
110.165,-13.3454,189.685
110.143,-13.3661,190.584
110.125,-13.3854,191.493
110.11,-13.4072,192.408
110.099,-13.4331,193.323
110.085,-13.4568,194.234
110.069,-13.4827,195.144
110.054,-13.5116,196.054
110.038,-13.5394,196.962
110.022,-13.5675,197.869
110.007,-13.5943,198.773
109.992,-13.6186,199.675
109.976,-13.6433,200.575
109.961,-13.6697,201.47
109.945,-13.6956,202.361
109.924,-13.7211,203.247
109.899,-13.7475,204.127
109.867,-13.7733,204.996
109.829,-13.7971,205.849
109.788,-13.8186,206.688
109.744,-13.8384,207.513
109.699,-13.859,208.317
109.653,-13.8783,209.104
109.609,-13.8931,209.872
109.567,-13.907,210.622
109.525,-13.923,211.354
109.484,-13.9392,212.065
109.445,-13.9508,212.756
109.411,-13.9607,213.429
109.379,-13.9722,214.081
109.349,-13.9853,214.715
109.323,-13.9984,215.331
109.3,-14.0097,215.939
109.279,-14.0212,216.541
109.263,-14.0325,217.139
109.251,-14.0454,217.734
109.244,-14.06,218.326
109.239,-14.0751,218.915
109.235,-14.0893,219.501
109.231,-14.103,220.083
109.232,-14.1166,220.659
109.237,-14.1317,221.227
109.243,-14.1477,221.79
109.245,-14.1619,222.342
109.245,-14.1763,222.884
109.246,-14.1915,223.413
109.248,-14.2065,223.931
109.247,-14.2203,224.436
109.242,-14.2345,224.927
109.232,-14.2487,225.407
109.219,-14.2623,225.877
109.207,-14.2756,226.341
109.197,-14.2886,226.802
109.186,-14.302,227.26
109.17,-14.3157,227.717
109.148,-14.3292,228.17
109.124,-14.3415,228.619
109.097,-14.3542,229.064
109.069,-14.3674,229.505
109.043,-14.3809,229.941
109.02,-14.3936,230.374
108.998,-14.4056,230.803
108.978,-14.4166,231.23
108.956,-14.4277,231.655
108.934,-14.438,232.085
108.914,-14.4506,232.522
108.894,-14.4647,232.968
108.883,-14.4766,233.424
108.871,-14.4882,233.886
108.85,-14.5003,234.352
108.826,-14.5118,234.823
108.806,-14.5231,235.305
108.795,-14.5345,235.794
108.792,-14.543,236.29
108.781,-14.5543,236.796
108.755,-14.5678,237.312
108.726,-14.5779,237.836
108.7,-14.5884,238.367
108.676,-14.6001,238.91
108.652,-14.6107,239.465
108.624,-14.6196,240.029
108.585,-14.6296,240.602
108.535,-14.6432,241.184
108.474,-14.6571,241.775
108.406,-14.6688,242.374
108.327,-14.6817,242.984
108.232,-14.6964,243.607
108.12,-14.7134,244.24
108,-14.7308,244.881
107.876,-14.7484,245.532
107.753,-14.7646,246.19
107.626,-14.7801,246.856
107.498,-14.7963,247.53
107.373,-14.8135,248.215
107.254,-14.8299,248.911
107.141,-14.8457,249.618
107.034,-14.862,250.335
106.935,-14.8792,251.063
106.845,-14.8956,251.804
106.765,-14.9131,252.558
106.692,-14.9331,253.323
106.626,-14.9559,254.099
106.568,-14.9785,254.886
106.517,-14.9998,255.683
106.473,-15.023,256.49
106.434,-15.0485,257.305
106.399,-15.0738,258.13
106.365,-15.0993,258.965
106.334,-15.1259,259.812
106.305,-15.1551,260.664
106.275,-15.1842,261.524
106.245,-15.2102,262.391
106.212,-15.2349,263.265
106.178,-15.2569,264.142
106.142,-15.2753,265.019
106.107,-15.2918,265.889
106.072,-15.3069,266.756
106.035,-15.3221,267.622
105.995,-15.3388,268.49
105.956,-15.3563,269.358
105.914,-15.3741,270.224
105.871,-15.391,271.085
105.83,-15.4074,271.942
105.79,-15.4272,272.795
105.744,-15.4431,273.649
105.699,-15.4569,274.502
105.659,-15.4749,275.35
105.618,-15.4881,276.187
105.576,-15.4992,277.014
105.54,-15.5133,277.834
105.506,-15.531,278.641
105.471,-15.5478,279.429
105.438,-15.5633,280.199
105.408,-15.5789,280.95
105.381,-15.5948,281.684
105.353,-15.6108,282.396
105.328,-15.6247,283.088
105.304,-15.6388,283.762
105.28,-15.6544,284.418
105.256,-15.6703,285.056
105.232,-15.6852,285.676
105.21,-15.7012,286.278
105.19,-15.7188,286.867
105.171,-15.7383,287.449
105.148,-15.7558,288.023
105.128,-15.7755,288.588
105.113,-15.7975,289.146
105.104,-15.8191,289.695
105.091,-15.8405,290.231
105.075,-15.8625,290.752
105.059,-15.8833,291.257
105.052,-15.9043,291.745
105.059,-15.9227,292.214
105.069,-15.9411,292.665
105.078,-15.9614,293.103
105.089,-15.9823,293.526
105.111,-16.0017,293.934
105.145,-16.0219,294.327
105.186,-16.0433,294.704
105.233,-16.0642,295.067
105.288,-16.0839,295.415
105.353,-16.103,295.748
105.426,-16.1226,296.068
105.509,-16.1427,296.376
105.598,-16.1636,296.672
105.689,-16.1844,296.956
105.785,-16.2061,297.229
105.883,-16.2259,297.498
105.983,-16.2424,297.765
106.09,-16.2572,298.03
106.21,-16.271,298.287
106.341,-16.2867,298.537
106.48,-16.3042,298.777
106.626,-16.3227,299.012
106.777,-16.3404,299.24
106.933,-16.3564,299.467
107.098,-16.3738,299.698
107.27,-16.392,299.933
107.454,-16.4104,300.174
107.65,-16.4296,300.419
107.858,-16.4455,300.666
