3.2141e-14,-1.9984e-15,-4.04121e-14
0.00387974,-0.184991,0.808514
0.0071924,-0.368236,1.63042
0.0204547,-0.55232,2.38989
0.0295866,-0.734327,3.17392
0.0333512,-0.91831,3.89859
0.0381671,-1.10239,4.63077
0.0505932,-1.2851,5.3216
0.0517082,-1.47059,5.96928
0.0624746,-1.65575,6.58458
0.0774708,-1.83986,7.17943
0.091596,-2.02339,7.76333
0.0780621,-2.20695,8.2945
0.0526946,-2.39491,8.77105
0.0453994,-2.57981,9.21916
0.0363,-2.76795,9.64713
0.0472548,-2.95357,10.0472
0.0420154,-3.14255,10.4353
0.0376912,-3.33327,10.7557
0.0317648,-3.52323,11.0482
0.0507227,-3.70666,11.324
0.0703962,-3.88884,11.572
0.095297,-4.07123,11.7952
0.0902813,-4.26808,11.896
0.0966904,-4.45747,12.008
0.106488,-4.64461,12.1044
0.112343,-4.83371,12.1915
0.124405,-5.02168,12.281
0.1056,-5.22076,12.2932
0.107397,-5.41056,12.3354
0.106056,-5.59975,12.367
0.120544,-5.7828,12.4238
0.117563,-5.9733,12.4453
0.125276,-6.16058,12.4807
0.127033,-6.35032,12.5006
0.14254,-6.53483,12.5451
0.156946,-6.71922,12.5901
0.160183,-6.90392,12.6296
0.15042,-7.09153,12.6565
0.151509,-7.27541,12.7029
0.155181,-7.4576,12.7549
0.156773,-7.63965,12.8065
0.146149,-7.82327,12.8366
0.131374,-8.00676,12.8667
0.128123,-8.18743,12.9243
0.118103,-8.36888,12.9866
0.11342,-8.5474,13.0785
0.0778454,-8.73287,13.1471
0.0460111,-8.91612,13.2518
0.002379,-9.09883,13.3622
-0.0383493,-9.28144,13.5146
-0.102743,-9.4643,13.6624
-0.178409,-9.64714,13.8467
-0.263549,-9.82914,14.0491
-0.377391,-10.0067,14.2372
-0.491289,-10.1853,14.4659
-0.637296,-10.3647,14.6982
-0.803739,-10.5398,14.9181
-0.984812,-10.7177,15.169
-1.1719,-10.8927,15.4091
-1.39352,-11.0635,15.5995
-1.62828,-11.2333,15.8372
-1.90939,-11.3996,16.031
-2.18364,-11.5614,16.2579
-2.47742,-11.7201,16.4813
-2.81285,-11.877,16.6577
-3.16864,-12.0363,16.8916
-3.55852,-12.1944,17.1135
-3.97538,-12.3485,17.2926
-4.41053,-12.4995,17.492
-4.86851,-12.6485,17.6252
-5.37226,-12.7964,17.8
-5.88726,-12.9439,17.9579
-6.44453,-13.088,18.049
-7.01114,-13.2307,18.1557
-7.60344,-13.3734,18.2418
-8.25299,-13.5132,18.2863
-8.90279,-13.6569,18.3314
-9.59378,-13.7953,18.3335
-10.2776,-13.925,18.3282
-10.9924,-14.0556,18.2969
-11.7379,-14.1881,18.2624
-12.5414,-14.3163,18.2251
-13.3162,-14.4462,18.1798
-14.1236,-14.575,18.1372
-14.9304,-14.6989,18.0981
-15.8012,-14.8118,18.0776
-16.6601,-14.9347,18.0436
-17.5535,-15.064,18.0071
-18.4404,-15.1898,17.981
-19.3803,-15.306,17.9415
-20.309,-15.4365,17.8938
-21.2605,-15.5662,17.8469
-22.232,-15.7054,17.7912
-23.2266,-15.8392,17.7326
-24.254,-15.9549,17.6733
-25.2945,-16.0661,17.6126
-26.3404,-16.1724,17.5552
-27.3797,-16.2758,17.4996
-28.4203,-16.3926,17.4366
-29.5326,-16.2029,17.3827
-30.6533,-15.9363,17.3255
-31.7354,-15.7839,17.2592
-32.8401,-15.5409,17.187
-33.9364,-15.3887,17.1056
-35.0618,-15.1617,17.0123
-36.172,-15.0002,16.913
-37.2983,-14.8124,16.8108
-38.4057,-14.6622,16.7014
-39.5274,-14.4892,16.5892
-40.6292,-14.3463,16.4835
-41.7263,-14.2094,16.3762
-42.8244,-14.064,16.2652
-43.9235,-13.9438,16.1526
-45.0211,-13.8049,16.0124
-46.1246,-13.6998,15.8747
-47.233,-13.5769,15.7358
-48.347,-13.4808,15.6128
-49.4435,-13.3691,15.4598
-50.5523,-13.2672,15.3321
-51.6769,-13.1587,15.1924
-52.7974,-13.065,15.0513
-53.9258,-12.9629,14.8923
-55.0311,-12.8646,14.7426
-56.1495,-12.752,14.5756
-57.271,-12.6562,14.4448
-58.4018,-12.5637,14.3299
-59.5394,-12.4705,14.2194
-60.6799,-12.3849,14.1302
-61.8298,-12.2836,14.0348
-62.9689,-12.1917,13.959
-64.1037,-12.0971,13.882
-65.2451,-12.0165,13.8244
-66.404,-11.9327,13.7702
-67.5939,-11.8438,13.7041
-68.8035,-11.7531,13.6287
-70.0011,-11.6731,13.5637
-71.1976,-11.5979,13.4964
-72.3963,-11.5158,13.4449
-73.6104,-11.4434,13.4153
-74.8484,-11.373,13.3856
-76.0408,-11.3134,13.365
-77.2349,-11.2561,13.3422
-78.4288,-11.1908,13.3176
-79.6299,-11.12,13.2863
-80.8143,-11.055,13.2477
-81.9909,-10.9876,13.2025
-83.178,-10.925,13.1723
-84.4003,-10.8632,13.154
-85.6063,-10.8033,13.1361
-86.8064,-10.7424,13.1163
-88.0058,-10.6785,13.0905
-89.2018,-10.6091,13.0574
-90.4074,-10.5364,13.0302
-91.5902,-10.4716,13.0018
-92.7642,-10.4144,12.9658
-93.9327,-10.3552,12.9382
-95.1057,-10.2904,12.91
-96.2696,-10.2204,12.8747
-97.4259,-10.1474,12.8303
-98.5864,-10.0754,12.793
-99.7549,-9.9947,12.7534
-100.922,-9.90912,12.721
-102.087,-9.82595,12.695
-103.254,-9.74409,12.6711
-104.419,-9.66488,12.6468
-105.589,-9.58465,12.622
-106.762,-9.50204,12.5987
-107.951,-9.4152,12.5747
-109.132,-9.33768,12.5453
-110.32,-9.26009,12.5174
-111.507,-9.18774,12.492
-112.706,-9.11758,12.4706
-113.911,-9.05079,12.4517
-115.125,-8.98127,12.4275
-116.345,-8.91262,12.4015
-117.566,-8.83987,12.3779
-118.791,-8.763,12.3569
-120.02,-8.69205,12.3317
-121.257,-8.62567,12.3064
-122.507,-8.56057,12.2776
-123.766,-8.49271,12.2431
-125.025,-8.42379,12.2035
-126.283,-8.34999,12.1623
-127.541,-8.27942,12.1239
-128.801,-8.21084,12.0887
-130.058,-8.14658,12.0568
-131.318,-8.08316,12.0358
-132.57,-8.01623,11.9886
-133.838,-7.93719,11.9401
-135.113,-7.84914,11.8815
-136.374,-7.76046,11.8205
-137.647,-7.66796,11.7634
-138.906,-7.58699,11.7155
-140.168,-7.50531,11.6671
-141.424,-7.42872,11.6247
-142.686,-7.34082,11.5926
-143.937,-7.25533,11.5586
-145.186,-7.16943,11.5237
-146.426,-7.08979,11.4927
-147.669,-7.01338,11.4658
-148.919,-6.93253,11.4495
-150.161,-6.85533,11.4292
-151.402,-6.78042,11.4086
-152.638,-6.70625,11.3818
-153.879,-6.62904,11.3592
-155.115,-6.55251,11.333
-156.35,-6.47327,11.3105
-157.58,-6.39757,11.2813
-158.816,-6.31869,11.2513
-160.047,-6.23827,11.2141
-161.277,-6.1518,11.1779
-162.496,-6.06657,11.1432
-163.709,-5.98296,11.1076
-164.928,-5.8937,11.0581
-166.146,-5.81302,11.0202
-167.36,-5.73244,10.9834
-168.565,-5.66699,10.9657
-169.76,-5.60544,10.9555
-170.968,-5.54143,10.9337
-172.169,-5.47277,10.9143
-173.369,-5.40095,10.8948
-174.571,-5.32943,10.8768
-175.774,-5.26229,10.8615
-176.965,-5.19458,10.8464
-178.137,-5.12766,10.8331
-179.285,-5.06644,10.8172
-180.403,-5.00961,10.806
-181.49,-4.95263,10.7961
-182.554,-4.89459,10.7879
-183.594,-4.83494,10.7803
-184.602,-4.77521,10.7737
-185.576,-4.71696,10.7646
-186.524,-4.6612,10.7587
-187.458,-4.60915,10.7588
-188.392,-4.55796,10.7623
-189.314,-4.50568,10.7526
-190.233,-4.45225,10.7339
-191.156,-4.3991,10.7111
-192.068,-4.34541,10.6853
-192.987,-4.28963,10.6633
-193.897,-4.23442,10.6411
-194.804,-4.17989,10.6168
-195.706,-4.12562,10.5859
-196.608,-4.06726,10.5588
-197.51,-4.01164,10.5251
-198.416,-3.95672,10.4957
-199.322,-3.90281,10.4652
-200.235,-3.84951,10.4375
-201.153,-3.79485,10.412
-202.08,-3.74,10.3882
-203.014,-3.68583,10.3642
-203.947,-3.63339,10.3415
-204.886,-3.57906,10.331
-205.836,-3.51903,10.3119
-206.802,-3.46773,10.2983
-207.765,-3.41227,10.2825
-208.762,-3.33845,10.3129
-209.757,-3.27375,10.3177
-210.768,-3.19732,10.3369
-211.773,-3.12393,10.3451
-212.805,-3.06448,10.3611
-213.849,-3.01655,10.376
-214.902,-2.96611,10.3965
-215.93,-2.90465,10.3964
-216.93,-2.83421,10.3753
-217.956,-2.77395,10.3629
-219.013,-2.7201,10.3606
-220.058,-2.66363,10.3451
-221.105,-2.61825,10.3209
-222.155,-2.57504,10.2984
-223.216,-2.52234,10.2887
-224.284,-2.50399,10.2629
-225.365,-2.46436,10.2468
-226.472,-2.43369,10.2264
-227.585,-2.39259,10.2092
-228.707,-2.38192,10.2155
-229.833,-2.35365,10.2195
-230.968,-2.3175,10.2216
-232.112,-2.28106,10.221
-233.259,-2.23598,10.217
-234.408,-2.19309,10.2165
-235.564,-2.147,10.2149
-236.735,-2.10407,10.2194
-237.913,-2.05777,10.2198
-239.104,-2.0132,10.2177
-240.296,-1.96159,10.2064
-241.495,-1.9065,10.1969
-242.703,-1.85085,10.1834
-243.912,-1.79939,10.1696
-245.125,-1.74759,10.1537
-246.347,-1.69193,10.1302
-247.572,-1.63441,10.1042
-248.81,-1.57371,10.0706
-250.053,-1.5135,10.0368
-251.299,-1.4516,9.99556
-252.538,-1.3934,9.9394
-253.774,-1.32725,9.88052
-255.028,-1.26275,9.82238
-256.286,-1.20357,9.77283
-257.535,-1.14033,9.71899
-258.781,-1.07368,9.66964
-260.038,-1.00945,9.62888
-261.3,-0.95271,9.59151
-262.557,-0.909016,9.54702
-263.811,-0.86536,9.50311
-265.059,-0.8159,9.45955
-266.32,-0.764098,9.42187
-267.574,-0.705481,9.37998
-268.827,-0.645492,9.3377
-270.066,-0.580995,9.29032
-271.304,-0.516234,9.24124
-272.55,-0.45158,9.17626
-273.799,-0.387499,9.10379
-275.036,-0.316975,9.03667
-276.264,-0.246792,8.9761
-277.484,-0.166958,8.91969
-278.711,-0.0845475,8.87282
-279.947,-0.003192,8.83282
-281.18,0.0727412,8.78975
-282.418,0.157198,8.75313
-283.65,0.242781,8.7154
-284.882,0.320717,8.68243
-286.103,0.394096,8.64623
-287.323,0.466403,8.61051
-288.542,0.536947,8.57273
-289.764,0.609008,8.53876
-290.988,0.681796,8.50515
-292.209,0.75379,8.46749
-293.433,0.825198,8.43274
-294.655,0.895378,8.3949
-295.905,0.993732,8.36071
-297.093,1.08316,8.32772
-298.32,1.17855,8.29448
-299.551,1.26837,8.25345
-300.784,1.3482,8.21288
-302.013,1.42178,8.16972
-303.255,1.49863,8.13597
-304.499,1.55981,8.10344
-305.746,1.61496,8.07421
-306.996,1.65257,8.04645
-308.247,1.68471,8.01534
-309.495,1.71054,7.98297
-310.734,1.74937,7.94165
-311.978,1.77056,7.90386
-313.22,1.80343,7.86369
-314.481,1.81481,7.83984
-315.734,1.84336,7.81015
-316.99,1.8713,7.78254
-318.242,1.90951,7.74992
-319.541,1.94882,7.71575
-320.754,1.99247,7.67947
-322.006,2.03546,7.64052
-323.269,2.07567,7.60175
-324.529,2.12456,7.56322
-325.796,2.17411,7.52701
-327.058,2.23041,7.49052
-328.344,2.28937,7.45611
-329.587,2.35419,7.42133
-330.848,2.42226,7.3849
-332.11,2.49333,7.34733
-333.369,2.5648,7.3096
-334.616,2.6352,7.27475
-335.86,2.70143,7.24226
-337.112,2.76427,7.20852
-338.365,2.82399,7.17871
-339.609,2.88721,7.14778
-340.848,2.95351,7.11479
-342.084,3.01826,7.08426
-343.309,3.08578,7.05394
-344.523,3.15238,7.02416
-345.721,3.21827,6.9913
-346.908,3.28248,6.95732
-348.081,3.34617,6.92348
-349.24,3.40914,6.89124
-350.385,3.47255,6.86042
-351.51,3.53856,6.83235
-352.618,3.6065,6.80116
-353.708,3.67471,6.76839
-354.782,3.73923,6.7359
-355.834,3.79945,6.69994
-356.878,3.85383,6.6633
-357.919,3.90097,6.62678
-358.963,3.94529,6.58962
-360.001,3.99216,6.55243
-361.033,4.04168,6.51532
-362.046,4.09675,6.47691
-363.041,4.15375,6.43569
-364.015,4.20734,6.39553
-364.949,4.26136,6.36778
-365.856,4.31512,6.34508
-366.742,4.36364,6.32493
-367.601,4.40699,6.31496
-368.438,4.44655,6.30707
-369.245,4.48126,6.3165
-370.026,4.51271,6.33438
-370.781,4.53928,6.38396
-371.506,4.56373,6.4548
-372.193,4.58779,6.53468
-372.866,4.61165,6.64857
-373.502,4.63704,6.76783
-374.126,4.66035,6.92795
-374.725,4.68245,7.10935
-375.28,4.70648,7.29005
-375.844,4.7299,7.51928
-376.363,4.75521,7.74189
-376.895,4.77849,8.02509
-377.375,4.80242,8.29985
-377.862,4.81681,8.63383
-378.334,4.83287,8.9826
-378.76,4.85171,9.31877
-379.196,4.87133,9.71257
-379.586,4.89081,10.0964
-379.99,4.90509,10.5415
-380.349,4.91841,10.966
-380.724,4.9356,11.4432
-381.08,4.95207,11.9465
-381.386,4.9743,12.4481
-381.694,4.9895,12.9959
-381.974,5.0016,13.5382
-382.26,5.0144,14.1227
-382.528,5.02776,14.7292
-382.765,5.03468,15.3395
-383.011,5.04098,15.9945
-383.222,5.04437,16.6515
-383.424,5.04815,17.3429
-383.61,5.05077,18.0579
-383.78,5.05009,18.7816
-383.945,5.04906,19.5401
-384.1,5.04427,20.3145
-384.244,5.03768,21.1074
-384.38,5.03157,21.9228
-384.497,5.02397,22.7483
-384.603,5.01652,23.6038
-384.697,5.00834,24.4757
-384.777,4.99905,25.3644
-384.85,4.98968,26.2692
-384.921,4.97922,27.1942
-384.989,4.96708,28.1282
-385.059,4.96153,29.0878
-385.124,4.95688,30.0584
-385.213,4.95762,31.0862
-385.288,4.95893,32.1093
-385.368,4.97514,33.153
-385.449,4.99055,34.1921
-385.555,5.00501,35.2381
-385.679,5.0003,36.2788
-385.781,4.9925,37.3157
-385.884,4.98321,38.3575
-385.971,4.97328,39.3875
-386.061,4.96348,40.4266
-386.131,4.95256,41.4579
-386.19,4.93553,42.483
-386.229,4.91491,43.4927
-386.264,4.89431,44.5043
-386.286,4.8765,45.5151
-386.309,4.85866,46.5186
-386.336,4.84241,47.5206
-386.361,4.8256,48.5143
-386.383,4.80974,49.5057
-386.406,4.79588,50.4831
-386.424,4.78014,51.4559
-386.435,4.76532,52.4158
-386.448,4.75499,53.3649
-386.47,4.75333,54.2993
-386.493,4.75057,55.2254
-386.514,4.7405,56.1384
-386.526,4.71497,57.0423
-386.554,4.68769,57.9438
-386.573,4.66808,58.8373
-386.597,4.63627,59.7159
-386.61,4.6043,60.5785
-386.612,4.56843,61.4273
-386.603,4.53499,62.2595
-386.586,4.48859,63.079
-386.547,4.45383,63.8819
-386.46,4.40065,64.6661
-386.371,4.36118,65.4338
-386.255,4.31091,66.1931
-386.115,4.25897,66.9353
-385.915,4.18507,67.6483
-385.73,4.12531,68.3565
-385.5,4.06503,69.0279
-385.249,4.0133,69.6949
-384.947,3.96253,70.3209
-384.637,3.9095,70.954
-384.335,3.86795,71.5736
-383.997,3.82538,72.1445
-383.684,3.79128,72.7237
-383.336,3.74312,73.255
-383.009,3.68626,73.8072
-382.682,3.62169,74.3473
-382.295,3.57204,74.8189
-381.918,3.52587,75.3164
-381.488,3.49206,75.737
-381.092,3.43874,76.1917
-380.636,3.40387,76.5761
-380.219,3.37335,76.9882
-379.775,3.35078,77.3645
-379.29,3.32075,77.6748
-378.802,3.28825,77.9911
-378.271,3.25416,78.252
-377.732,3.21951,78.5222
-377.171,3.18303,78.7737
-376.574,3.14816,78.987
-375.976,3.1076,79.1956
-375.367,3.05945,79.3826
-374.728,3.02129,79.5379
-374.088,2.98445,79.7001
-373.424,2.95691,79.8283
-372.74,2.92101,79.9418
-372.044,2.89101,80.0392
-371.325,2.86256,80.1196
-370.607,2.82434,80.2
-369.878,2.78992,80.2764
-369.131,2.75014,80.3482
-368.37,2.712,80.4156
-367.596,2.67532,80.4715
-366.816,2.64328,80.522
-366.032,2.6145,80.5713
-365.232,2.58855,80.6128
-364.423,2.55217,80.6476
-363.598,2.51143,80.6733
-362.767,2.46616,80.6917
-361.925,2.41785,80.7066
-361.072,2.36528,80.7163
-360.209,2.32846,80.7193
-359.338,2.29346,80.716
-358.47,2.26754,80.7058
-357.595,2.2518,80.6884
-356.719,2.23876,80.664
-355.833,2.21675,80.6383
-354.941,2.19311,80.6124
-354.053,2.17361,80.5841
-353.161,2.15614,80.5539
-352.263,2.13232,80.523
-351.358,2.10104,80.4929
-350.45,2.06474,80.4655
-349.553,2.03796,80.4409
-348.66,2.01501,80.4179
-347.763,1.97967,80.3985
-346.868,1.94374,80.381
-345.972,1.90766,80.3705
-345.087,1.87492,80.3707
-344.195,1.8379,80.3747
-343.307,1.79112,80.3846
-342.417,1.74767,80.403
-341.536,1.7071,80.4275
-340.654,1.66511,80.4557
-339.774,1.62007,80.4834
-338.892,1.5726,80.512
-338.011,1.52499,80.5413
-337.14,1.48037,80.5751
-336.27,1.44167,80.6132
-335.403,1.40539,80.6547
-334.529,1.36673,80.6935
-333.659,1.33343,80.7343
-332.791,1.3046,80.7773
-331.933,1.27927,80.8245
-331.066,1.2413,80.8611
-330.197,1.20725,80.8934
-329.325,1.16792,80.9185
-328.462,1.13383,80.9449
-327.606,1.09804,80.9706
-326.739,1.05842,80.9907
-325.874,1.01429,81.0101
-325.002,0.965715,81.0228
-324.144,0.919141,81.0388
-323.28,0.87554,81.0515
-322.424,0.841154,81.0718
-321.562,0.807516,81.0911
-320.714,0.784854,81.1211
-319.862,0.760435,81.1531
-319.012,0.735254,81.1901
-318.156,0.703154,81.2263
-317.301,0.674488,81.2639
-316.451,0.652966,81.3081
-315.602,0.630128,81.3559
-314.759,0.610598,81.403
-313.909,0.58376,81.4446
-313.065,0.559686,81.4883
-312.226,0.538854,81.5325
-311.392,0.525347,81.5801
-310.553,0.50703,81.6215
-309.717,0.488556,81.6631
-308.876,0.465914,81.707
-308.046,0.448211,81.7555
-307.211,0.416513,81.802
-306.379,0.390674,81.8492
-305.55,0.368998,81.8976
-304.719,0.343195,81.9431
-303.889,0.310682,81.9944
-303.053,0.276741,82.0441
-302.218,0.242666,82.1007
-301.376,0.206351,82.1582
-300.535,0.181903,82.2145
-299.688,0.154529,82.27
-298.833,0.118472,82.3257
-297.97,0.0792951,82.3833
-297.103,0.034598,82.4426
-296.238,-0.00733233,82.5041
-295.369,-0.0461187,82.5676
-294.485,-0.0920329,82.6249
-293.59,-0.138948,82.6834
-292.686,-0.183903,82.7435
-291.784,-0.224096,82.8002
-290.877,-0.256385,82.8533
-289.965,-0.291866,82.9021
-289.047,-0.325325,82.9477
-288.12,-0.358076,82.9877
-287.192,-0.380398,83.0206
-286.257,-0.403046,83.0452
-285.315,-0.432035,83.062
-284.364,-0.470142,83.0735
-283.409,-0.506214,83.0807
-282.46,-0.530764,83.0893
-281.51,-0.561716,83.0951
-280.556,-0.598613,83.1003
-279.611,-0.631554,83.105
-278.67,-0.664021,83.1066
-277.733,-0.696536,83.1077
-276.801,-0.725453,83.108
-275.874,-0.759949,83.1055
-274.956,-0.792345,83.1029
-274.051,-0.824363,83.0999
-273.152,-0.854549,83.0938
-272.253,-0.890848,83.0789
-271.353,-0.930714,83.0549
-270.457,-0.973281,83.0273
-269.568,-1.01249,83.0002
-268.677,-1.04896,82.971
-267.789,-1.0872,82.9444
-266.904,-1.12605,82.9226
-266.029,-1.1581,82.9039
-265.163,-1.18532,82.8898
-264.289,-1.21716,82.8762
-263.419,-1.24984,82.8732
-262.549,-1.28097,82.8752
-261.677,-1.30824,82.8855
-260.804,-1.33152,82.9033
-259.928,-1.35508,82.9263
-259.051,-1.38383,82.9544
-258.169,-1.41545,82.9904
-257.284,-1.45111,83.0333
-256.398,-1.48836,83.0847
-255.511,-1.52649,83.1456
-254.623,-1.56291,83.2134
-253.734,-1.60405,83.2906
-252.845,-1.64303,83.3738
-251.954,-1.68195,83.4634
-251.055,-1.72668,83.5506
-250.152,-1.77207,83.6377
-249.246,-1.81859,83.7255
-248.343,-1.86323,83.816
-247.44,-1.90123,83.911
-246.533,-1.94574,84.0056
-245.622,-1.99193,84.0956
-244.714,-2.03724,84.1786
-243.813,-2.08179,84.2555
-242.908,-2.12632,84.3234
-242.002,-2.17431,84.383
-241.1,-2.22107,84.432
-240.204,-2.26938,84.477
-239.315,-2.31393,84.5147
-238.43,-2.35164,84.5442
-237.545,-2.39392,84.5631
-236.657,-2.43671,84.5679
-235.777,-2.48009,84.5625
-234.901,-2.52205,84.5494
-234.029,-2.56086,84.5262
-233.162,-2.60308,84.4947
-232.302,-2.6473,84.4536
-231.443,-2.69041,84.4059
-230.592,-2.73018,84.3561
-229.748,-2.76914,84.3059
-228.921,-2.8054,84.2558
-228.105,-2.84082,84.2046
-227.313,-2.87217,84.1542
-226.537,-2.90292,84.1055
-225.778,-2.93296,84.0594
-225.04,-2.96652,84.0157
-224.323,-3.00155,83.9733
-223.63,-3.03802,83.931
-222.962,-3.074,83.891
-222.318,-3.11391,83.8529
-221.702,-3.14834,83.8163
-221.107,-3.18638,83.783
-220.525,-3.22692,83.7487
-219.97,-3.26675,83.7121
-219.436,-3.29895,83.6819
-218.913,-3.33455,83.6548
-218.417,-3.3629,83.6362
-217.944,-3.39426,83.6215
-217.491,-3.42571,83.6149
-217.052,-3.47141,83.6146
-216.619,-3.52498,83.621
-216.2,-3.57449,83.6635
-215.792,-3.63021,83.7244
-215.377,-3.66791,83.7837
-214.975,-3.70684,83.8906
-214.578,-3.74252,84.0176
-214.186,-3.77514,84.1388
-213.813,-3.7999,84.3031
-213.445,-3.82985,84.4532
-213.101,-3.86151,84.6471
-212.768,-3.89046,84.852
-212.437,-3.91105,85.0359
-212.122,-3.92972,85.2627
-211.819,-3.94977,85.5052
-211.518,-3.97106,85.728
-211.234,-3.99468,85.9997
-210.945,-4.0101,86.2494
-210.665,-4.02328,86.5554
-210.389,-4.0417,86.8803
-210.115,-4.05786,87.191
-209.867,-4.07941,87.5742
-209.625,-4.09968,87.9866
-209.376,-4.11838,88.3795
-209.138,-4.14205,88.8322
-208.898,-4.17651,89.2746
-208.685,-4.20232,89.7861
-208.491,-4.22074,90.3245
-208.3,-4.2389,90.8602
-208.12,-4.25723,91.447
-207.934,-4.28296,92.0322
-207.774,-4.30291,92.6628
-207.637,-4.32835,93.318
-207.515,-4.35066,93.9738
-207.421,-4.37252,94.6719
-207.344,-4.39717,95.3776
-207.281,-4.42842,96.1262
-207.231,-4.45731,96.8998
-207.198,-4.47502,97.6773
-207.185,-4.49163,98.4791
-207.179,-4.50461,99.2891
-207.177,-4.52619,100.118
-207.184,-4.54289,100.967
-207.201,-4.55764,101.836
-207.236,-4.5759,102.732
-207.276,-4.59202,103.647
-207.319,-4.60481,104.57
-207.358,-4.62226,105.496
-207.386,-4.63874,106.427
-207.417,-4.66225,107.371
-207.447,-4.69007,108.321
-207.469,-4.72048,109.278
-207.487,-4.74834,110.238
-207.501,-4.77729,111.207
-207.507,-4.80652,112.189
-207.504,-4.82746,113.174
-207.497,-4.84669,114.153
-207.485,-4.86358,115.118
-207.475,-4.88374,116.076
-207.467,-4.91274,117.04
-207.446,-4.90566,117.989
-207.393,-4.79446,118.893
-207.357,-4.74203,119.818
-207.31,-4.6705,120.729
-207.269,-4.6434,121.655
-207.232,-4.61165,122.581
-207.207,-4.60346,123.513
-207.184,-4.5919,124.439
-207.17,-4.58815,125.361
-207.159,-4.59141,126.275
-207.154,-4.59678,127.184
-207.152,-4.61015,128.087
-207.148,-4.62499,128.97
-207.152,-4.64238,129.833
-207.159,-4.65565,130.677
-207.171,-4.68104,131.506
-207.181,-4.70596,132.312
-207.192,-4.7294,133.099
-207.207,-4.75115,133.859
-207.231,-4.77716,134.597
-207.257,-4.80004,135.312
-207.286,-4.81986,136
-207.319,-4.84168,136.662
-207.358,-4.86154,137.293
-207.404,-4.87998,137.902
-207.455,-4.89631,138.48
-207.516,-4.91285,139.039
-207.595,-4.9328,139.58
-207.684,-4.95248,140.099
-207.793,-4.96727,140.624
-207.911,-4.98044,141.15
-208.042,-4.99525,141.649
-208.199,-5.01413,142.156
-208.374,-5.02935,142.629
-208.575,-5.04029,143.113
-208.796,-5.0473,143.591
-209.032,-5.05096,144.019
-209.297,-5.06236,144.469
-209.578,-5.06783,144.906
-209.861,-5.06929,145.297
-210.174,-5.06765,145.715
-210.509,-5.06438,146.123
-210.861,-5.05306,146.485
-211.245,-5.04223,146.878
-211.641,-5.03303,147.222
-212.069,-5.02332,147.598
-212.523,-5.01287,147.957
-212.987,-5.00193,148.243
-213.488,-4.98159,148.57
-214.017,-4.96392,148.877
-214.561,-4.94681,149.102
-215.152,-4.93391,149.358
-215.746,-4.91319,149.542
-216.375,-4.89464,149.752
-217.027,-4.87964,149.934
-217.684,-4.85696,150.054
-218.364,-4.83078,150.183
-219.053,-4.806,150.269
-219.767,-4.77817,150.361
-220.496,-4.74919,150.432
-221.24,-4.72042,150.48
-221.993,-4.68914,150.525
-222.758,-4.6544,150.561
-223.537,-4.61919,150.591
-224.327,-4.5826,150.618
-225.125,-4.54566,150.644
-225.937,-4.50912,150.668
-226.76,-4.47239,150.697
-227.597,-4.43799,150.727
-228.444,-4.40156,150.763
-229.302,-4.36318,150.799
-230.175,-4.32364,150.835
-231.06,-4.28296,150.873
-231.961,-4.24041,150.913
-232.871,-4.19759,150.954
-233.797,-4.15208,150.998
-234.734,-4.10524,151.041
-235.686,-4.05943,151.084
-236.657,-4.01318,151.131
-237.642,-3.96491,151.177
-238.635,-3.91572,151.219
-239.645,-3.86326,151.255
-240.669,-3.811,151.293
-241.714,-3.758,151.324
-242.762,-3.70608,151.348
-243.823,-3.65031,151.364
-244.893,-3.59389,151.37
-245.979,-3.53594,151.368
-247.069,-3.48183,151.357
-248.153,-3.42821,151.341
-249.229,-3.37647,151.317
-250.305,-3.32953,151.285
-251.387,-3.28521,151.245
-252.47,-3.24217,151.198
-253.552,-3.19642,151.145
-254.629,-3.14948,151.084
-255.707,-3.1066,151.016
-256.782,-3.06154,150.94
-257.855,-3.01559,150.861
-258.917,-2.96685,150.776
-259.964,-2.91698,150.686
-260.99,-2.87005,150.596
-262.004,-2.82613,150.506
-263,-2.78258,150.421
-263.98,-2.74085,150.336
-264.935,-2.69782,150.25
-265.862,-2.65475,150.168
-266.767,-2.61264,150.088
-267.651,-2.57374,150.008
-268.516,-2.54002,149.934
-269.368,-2.50493,149.866
-270.215,-2.46988,149.805
-271.065,-2.43363,149.749
-271.91,-2.39732,149.696
-272.755,-2.361,149.643
-273.597,-2.32609,149.594
-274.432,-2.29136,149.547
-275.263,-2.25707,149.501
-276.09,-2.22268,149.457
-276.918,-2.18553,149.42
-277.746,-2.14792,149.389
-278.574,-2.1081,149.362
-279.393,-2.06629,149.338
-280.211,-2.02188,149.318
-281.026,-1.97292,149.301
-281.843,-1.92613,149.284
-282.669,-1.8792,149.268
-283.496,-1.83573,149.256
-284.327,-1.79052,149.245
-285.166,-1.74638,149.236
-286.007,-1.70337,149.226
-286.851,-1.65993,149.216
-287.695,-1.61533,149.205
-288.537,-1.57137,149.193
-289.375,-1.52969,149.175
-290.207,-1.48801,149.156
-291.043,-1.44678,149.137
-291.873,-1.40604,149.114
-292.703,-1.36577,149.089
-293.534,-1.32592,149.063
-294.367,-1.28656,149.035
-295.204,-1.24978,149.002
-296.048,-1.21096,148.973
-296.9,-1.16756,148.947
-297.762,-1.12582,148.917
-298.628,-1.08235,148.887
-299.497,-1.03423,148.858
-300.373,-0.986271,148.828
-301.257,-0.941188,148.796
-302.153,-0.896518,148.763
-303.059,-0.850537,148.729
-303.973,-0.804863,148.696
-304.894,-0.758926,148.663
-305.822,-0.711317,148.63
-306.755,-0.664596,148.597
-307.699,-0.619752,148.565
-308.645,-0.578057,148.535
-309.593,-0.536895,148.505
-310.543,-0.496803,148.472
-311.494,-0.458526,148.442
-312.45,-0.420084,148.416
-313.402,-0.38251,148.388
-314.355,-0.344964,148.36
-315.304,-0.30643,148.334
-316.254,-0.268254,148.309
-317.203,-0.237353,148.289
-318.148,-0.203335,148.269
-319.087,-0.164215,148.246
-320.018,-0.123896,148.218
-320.947,-0.0850935,148.186
-321.874,-0.0459255,148.16
-322.801,-0.0059577,148.133
-323.726,0.0316936,148.108
-324.644,0.0686081,148.081
-325.556,0.110451,148.06
-326.469,0.152065,148.039
-327.38,0.190799,148.018
-328.284,0.2289,147.995
-329.182,0.268674,147.975
-330.085,0.316624,147.944
-330.992,0.372986,147.919
-331.884,0.424757,147.899
-332.769,0.479415,147.879
-333.631,0.522404,147.868
-334.488,0.564356,147.86
-335.339,0.603118,147.849
-336.194,0.640581,147.84
-337.055,0.672746,147.831
-337.918,0.704775,147.821
-338.771,0.74007,147.808
-339.618,0.777384,147.79
-340.462,0.818869,147.771
-341.301,0.860091,147.753
-342.137,0.898674,147.73
-342.976,0.944175,147.704
-343.813,0.993745,147.672
-344.657,1.04161,147.636
-345.508,1.08979,147.597
-346.366,1.13135,147.562
-347.23,1.17082,147.534
-348.088,1.21321,147.502
-348.951,1.26134,147.465
-349.817,1.30826,147.426
-350.695,1.35597,147.387
-351.577,1.40268,147.343
-352.468,1.44771,147.294
-353.358,1.49336,147.254
-354.248,1.53689,147.211
-355.142,1.57955,147.167
-356.035,1.62426,147.123
-356.93,1.66739,147.079
-357.82,1.71512,147.031
-358.706,1.76362,146.988
-359.595,1.80898,146.948
-360.484,1.84908,146.911
-361.365,1.89063,146.869
-362.242,1.93385,146.827
-363.119,1.97891,146.785
-363.999,2.02327,146.747
-364.873,2.06599,146.711
-365.737,2.1063,146.678
-366.592,2.15073,146.651
-367.44,2.19786,146.627
-368.278,2.23736,146.606
-369.103,2.27504,146.586
-369.914,2.31778,146.571
-370.711,2.35859,146.556
-371.499,2.39722,146.553
-372.267,2.43078,146.555
-373.012,2.46097,146.558
-373.734,2.49299,146.569
-374.432,2.52397,146.595
-375.112,2.5455,146.639
-375.766,2.56642,146.688
-376.398,2.58591,146.755
-377.007,2.60648,146.837
-377.588,2.62668,146.923
-378.157,2.64874,147.029
-378.7,2.6689,147.133
-379.228,2.68497,147.254
-379.725,2.69924,147.37
-380.212,2.711,147.516
-380.68,2.71666,147.681
-381.119,2.72846,147.84
-381.566,2.73278,148.05
-381.984,2.73978,148.241
-382.411,2.74861,148.478
-382.797,2.75338,148.694
-383.189,2.75578,148.967
-383.562,2.7625,149.258
-383.903,2.76696,149.526
-384.261,2.77367,149.833
-384.594,2.77254,150.112
-384.936,2.77094,150.45
-385.262,2.76284,150.823
-385.556,2.76624,151.195
-385.882,2.7702,151.627
-386.19,2.76989,152.027
-386.522,2.77566,152.5
-386.832,2.76558,153.014
-387.088,2.7578,153.508
-387.356,2.75171,154.084
-387.575,2.74494,154.629
-387.803,2.731,155.255
-388.005,2.7135,155.904
-388.165,2.69508,156.536
-388.328,2.67806,157.228
-388.457,2.66102,157.913
-388.582,2.64234,158.644
-388.69,2.6222,159.391
-388.775,2.60336,160.145
-388.853,2.5845,160.929
-388.914,2.56328,161.727
-388.964,2.54209,162.536
-389.002,2.52111,163.37
-389.034,2.50035,164.224
-389.062,2.47546,165.099
-389.087,2.44992,165.991
-389.108,2.423,166.899
-389.128,2.39529,167.821
-389.15,2.36632,168.755
-389.177,2.33023,169.703
-389.203,2.29062,170.658
-389.228,2.25055,171.626
-389.249,2.21239,172.603
-389.265,2.17596,173.589
-389.282,2.14227,174.575
-389.295,2.11102,175.566
-389.308,2.07686,176.552
-389.321,2.04122,177.536
-389.34,2.0064,178.519
-389.361,1.97247,179.503
-389.386,1.93582,180.487
-389.408,1.89929,181.466
-389.432,1.8621,182.443
-389.456,1.8238,183.421
-389.477,1.78757,184.395
-389.497,1.75259,185.369
-389.515,1.72045,186.338
-389.534,1.69008,187.304
-389.555,1.66382,188.263
-389.577,1.63665,189.212
-389.596,1.6113,190.151
-389.615,1.58383,191.075
-389.635,1.55776,191.982
-389.65,1.52996,192.868
-389.665,1.50126,193.73
-389.678,1.46732,194.565
-389.689,1.4349,195.381
-389.697,1.40246,196.182
-389.704,1.36858,196.966
-389.707,1.33607,197.729
-389.696,1.30979,198.464
-389.674,1.28861,199.177
-389.637,1.26692,199.881
-389.578,1.24857,200.561
-389.508,1.2265,201.244
-389.406,1.20308,201.894
-389.293,1.183,202.559
-389.133,1.16084,203.175
-388.964,1.13934,203.825
-388.765,1.11191,204.467
-388.501,1.08219,205.035
-388.238,1.05218,205.642
-387.916,1.02056,206.175
-387.599,0.985659,206.749
-387.226,0.949863,207.247
-386.853,0.914304,207.779
-386.446,0.878849,208.294
-385.985,0.837229,208.725
-385.525,0.799891,209.2
-385.007,0.764429,209.592
-384.488,0.720588,210.025
-383.944,0.678079,210.44
-383.353,0.635523,210.773
-382.767,0.593261,211.134
-382.136,0.552853,211.426
-381.504,0.514857,211.734
-380.848,0.475031,212.024
-380.157,0.43403,212.261
-379.466,0.392157,212.512
-378.741,0.351886,212.711
-378.011,0.317012,212.913
-377.253,0.274667,213.098
-376.473,0.234131,213.257
-375.676,0.191036,213.415
-374.868,0.149684,213.558
-374.039,0.110047,213.683
-373.197,0.0724978,213.808
-372.335,0.0318365,213.919
-371.459,-0.0102873,214.025
-370.564,-0.0519259,214.126
-369.654,-0.0885951,214.217
-368.731,-0.125943,214.304
-367.799,-0.162305,214.385
-366.858,-0.200868,214.468
-365.907,-0.238411,214.548
-364.941,-0.275697,214.626
-363.967,-0.31478,214.701
-362.986,-0.353631,214.775
-361.998,-0.392599,214.847
-361.003,-0.435199,214.918
-360,-0.477672,214.982
-358.991,-0.518883,215.04
-357.972,-0.563989,215.095
-356.947,-0.607113,215.144
-355.916,-0.6502,215.19
-354.881,-0.691748,215.232
-353.845,-0.734546,215.269
-352.806,-0.774245,215.299
-351.765,-0.812305,215.323
-350.728,-0.847705,215.344
-349.692,-0.885201,215.363
-348.656,-0.924579,215.38
-347.622,-0.967741,215.397
-346.585,-1.01376,215.412
-345.545,-1.05561,215.427
-344.504,-1.0957,215.436
-343.467,-1.13544,215.442
-342.437,-1.17312,215.44
-341.404,-1.20793,215.431
-340.37,-1.25086,215.421
-339.336,-1.29157,215.404
-338.307,-1.3306,215.375
-337.277,-1.36963,215.339
-336.251,-1.4113,215.301
-335.223,-1.45615,215.258
-334.204,-1.49711,215.207
-333.191,-1.53737,215.15
-332.177,-1.57865,215.091
-331.16,-1.62356,215.036
-330.134,-1.66919,214.978
-329.114,-1.70945,214.919
-328.103,-1.74873,214.865
-327.093,-1.7862,214.808
-326.083,-1.83221,214.755
-325.07,-1.88335,214.708
-324.055,-1.93487,214.672
-323.036,-1.98394,214.645
-322.02,-2.03568,214.622
-321.009,-2.09103,214.604
-319.998,-2.14642,214.595
-318.979,-2.20353,214.591
-317.962,-2.25866,214.597
-316.95,-2.31419,214.613
-315.933,-2.36801,214.636
-314.916,-2.42891,214.666
-313.895,-2.48675,214.702
-312.874,-2.54757,214.748
-311.856,-2.60296,214.798
-310.834,-2.65928,214.852
-309.815,-2.71471,214.908
-308.795,-2.76995,214.964
-307.769,-2.82267,215.022
-306.739,-2.87461,215.083
-305.709,-2.92305,215.145
-304.682,-2.96731,215.21
-303.658,-3.0111,215.274
-302.636,-3.05592,215.339
-301.619,-3.09921,215.403
-300.596,-3.14401,215.468
-299.578,-3.19417,215.536
-298.564,-3.2391,215.602
-297.55,-3.28316,215.664
-296.536,-3.32662,215.721
-295.524,-3.36905,215.774
-294.518,-3.41218,215.825
-293.519,-3.45612,215.875
-292.524,-3.50125,215.926
-291.536,-3.54633,215.979
-290.545,-3.58952,216.03
-289.569,-3.63273,216.08
-288.609,-3.6768,216.126
-287.649,-3.72145,216.166
-286.686,-3.76689,216.208
-285.733,-3.81523,216.249
-284.784,-3.8639,216.286
-283.844,-3.91164,216.321
-282.911,-3.95899,216.353
-281.989,-4.0016,216.385
-281.075,-4.04388,216.415
-280.174,-4.08668,216.442
-279.279,-4.12947,216.464
-278.385,-4.16883,216.482
-277.501,-4.21164,216.498
-276.621,-4.25463,216.512
-275.75,-4.29782,216.525
-274.887,-4.34228,216.537
-274.039,-4.38428,216.549
-273.211,-4.42801,216.564
-272.394,-4.46931,216.575
-271.583,-4.50884,216.586
-270.787,-4.54831,216.597
-269.998,-4.58825,216.608
-269.22,-4.62532,216.616
-268.452,-4.66338,216.627
-267.695,-4.7016,216.641
-266.948,-4.74006,216.655
-266.21,-4.77762,216.67
-265.483,-4.81594,216.684
-264.767,-4.85257,216.699
-264.058,-4.88602,216.715
-263.356,-4.91761,216.732
-262.66,-4.9494,216.745
-261.978,-4.9857,216.759
-261.309,-5.01904,216.774
-260.652,-5.05075,216.79
-260.009,-5.08066,216.805
-259.369,-5.10919,216.818
-258.738,-5.13842,216.832
-258.118,-5.16637,216.847
-257.51,-5.18973,216.861
-256.913,-5.21384,216.876
-256.324,-5.23599,216.892
-255.74,-5.25697,216.907
-255.162,-5.27857,216.922
-254.592,-5.30199,216.937
-254.027,-5.32585,216.95
-253.47,-5.35023,216.96
-252.914,-5.37418,216.969
-252.36,-5.3987,216.98
-251.811,-5.42525,216.991
-251.262,-5.45176,217.002
-250.712,-5.47763,217.007
-250.166,-5.50516,217.018
-249.623,-5.52958,217.031
-249.083,-5.55501,217.045
-248.541,-5.58117,217.06
-248,-5.60999,217.075
-247.463,-5.63819,217.09
-246.927,-5.66557,217.107
-246.395,-5.69099,217.124
-245.863,-5.71497,217.142
-245.33,-5.73702,217.159
-244.798,-5.75928,217.178
-244.276,-5.78269,217.196
-243.754,-5.80975,217.218
-243.238,-5.84022,217.242
-242.723,-5.87154,217.265
-242.21,-5.90007,217.283
-241.698,-5.92818,217.301
-241.185,-5.95864,217.324
-240.67,-5.98924,217.352
-240.16,-6.01736,217.38
-239.647,-6.04572,217.403
-239.133,-6.07388,217.424
-238.624,-6.10496,217.447
-238.116,-6.13793,217.474
-237.61,-6.16946,217.497
-237.098,-6.20032,217.518
-236.589,-6.2321,217.537
-236.082,-6.26947,217.557
-235.569,-6.30702,217.578
-235.053,-6.34417,217.598
-234.534,-6.37883,217.615
-234.014,-6.41471,217.632
-233.487,-6.44929,217.649
-232.959,-6.48353,217.662
-232.429,-6.51425,217.675
-231.89,-6.54211,217.687
-231.364,-6.56398,217.699
-230.825,-6.58709,217.709
-230.281,-6.60531,217.715
-229.75,-6.62296,217.722
-229.214,-6.63366,217.727
-228.681,-6.64838,217.732
-228.15,-6.66294,217.737
-227.62,-6.67928,217.743
-227.092,-6.69473,217.749
-226.566,-6.71035,217.752
-226.039,-6.72171,217.749
-225.515,-6.73871,217.743
-224.994,-6.75722,217.734
-224.475,-6.77617,217.721
-223.958,-6.79232,217.705
-223.444,-6.80466,217.678
-222.944,-6.82055,217.646
-222.456,-6.83694,217.605
-221.98,-6.85652,217.551
-221.518,-6.87384,217.498
-221.066,-6.89479,217.427
-220.627,-6.91807,217.355
-220.196,-6.94149,217.264
-219.785,-6.96537,217.176
-219.394,-6.98797,217.082
-219.015,-7.01012,216.979
-218.662,-7.0294,216.883
-218.323,-7.04253,216.775
-218.001,-7.05384,216.671
-217.686,-7.06545,216.564
-217.375,-7.07505,216.439
-217.074,-7.08502,216.316
-216.78,-7.09256,216.168
-216.498,-7.1004,216.028
-216.225,-7.10848,215.882
-215.956,-7.11667,215.709
-215.704,-7.12747,215.548
-215.454,-7.13728,215.358
-215.222,-7.13702,215.187
-214.986,-7.13975,214.976
-214.757,-7.1375,214.783
-214.529,-7.13511,214.576
-214.295,-7.12698,214.309
-214.077,-7.12117,214.066
-213.86,-7.11685,213.752
-213.658,-7.1157,213.474
-213.46,-7.11858,213.183
-213.256,-7.11134,212.819
-213.078,-7.10798,212.493
-212.907,-7.09753,212.086
-212.754,-7.08999,211.715
-212.592,-7.07472,211.278
-212.452,-7.06686,210.871
-212.328,-7.05334,210.434
-212.215,-7.04067,209.94
-212.114,-7.02488,209.457
-212.012,-7.00514,208.929
-211.927,-6.99624,208.397
-211.858,-6.98975,207.837
-211.803,-6.98418,207.24
-211.769,-6.968,206.644
-211.742,-6.94969,206.028
-211.727,-6.93316,205.381
-211.727,-6.91719,204.72
-211.736,-6.89968,204.034
-211.749,-6.87821,203.336
-211.76,-6.85555,202.615
-211.767,-6.82824,201.873
-211.775,-6.79653,201.111
-211.784,-6.7666,200.331
-211.796,-6.73276,199.534
-211.798,-6.69729,198.717
-211.796,-6.66149,197.883
-211.787,-6.62896,197.027
-211.778,-6.59255,196.159
-211.773,-6.54883,195.273
-211.76,-6.51254,194.374
-211.741,-6.4755,193.467
-211.722,-6.44179,192.556
-211.698,-6.41296,191.634
-211.678,-6.38449,190.7
-211.649,-6.35614,189.759
-211.627,-6.32422,188.816
-211.599,-6.28785,187.874
-211.569,-6.24949,186.932
-211.537,-6.21201,185.992
-211.506,-6.1742,185.052
-211.475,-6.13313,184.114
-211.444,-6.09004,183.173
-211.42,-6.04724,182.232
-211.391,-6.01429,181.299
-211.363,-5.9806,180.374
-211.333,-5.95238,179.451
-211.298,-5.92709,178.527
-211.265,-5.9045,177.6
-211.234,-5.88285,176.675
-211.202,-5.85746,175.754
-211.172,-5.82934,174.835
-211.14,-5.80162,173.919
-211.107,-5.77456,173.019
-211.068,-5.74813,172.132
-211.028,-5.72501,171.26
-210.986,-5.70392,170.397
-210.942,-5.68513,169.548
-210.893,-5.66478,168.713
-210.846,-5.64874,167.901
-210.808,-5.62767,167.116
-210.772,-5.60423,166.355
-210.727,-5.58587,165.612
-210.678,-5.57071,164.891
-210.631,-5.55651,164.193
-210.583,-5.53985,163.507
-210.524,-5.52397,162.832
-210.469,-5.51316,162.168
-210.418,-5.50128,161.515
-210.369,-5.48423,160.884
-210.321,-5.46765,160.275
-210.275,-5.45742,159.694
-210.243,-5.4484,159.141
-210.218,-5.43874,158.618
-210.2,-5.42786,158.129
-210.18,-5.41444,157.655
-210.159,-5.40515,157.19
-210.136,-5.39732,156.725
-210.12,-5.3846,156.263
-210.102,-5.37161,155.802
-210.081,-5.35354,155.345
-210.06,-5.33876,154.893
-210.037,-5.33012,154.446
-210.008,-5.32418,154.007
-209.979,-5.31725,153.571
-209.95,-5.30795,153.14
-209.921,-5.29488,152.709
-209.892,-5.27868,152.273
-209.856,-5.2661,151.825
-209.813,-5.25996,151.369
-209.767,-5.25631,150.9
-209.721,-5.24951,150.424
-209.675,-5.23526,149.942
-209.618,-5.21737,149.454
-209.552,-5.19888,148.953
-209.477,-5.18053,148.439
-209.402,-5.16039,147.912
-209.326,-5.13957,147.371
-209.252,-5.12,146.816
-209.174,-5.09974,146.248
-209.096,-5.07707,145.666
-209.017,-5.05323,145.068
-208.939,-5.02854,144.453
-208.861,-5.00342,143.819
-208.787,-4.97967,143.164
-208.715,-4.95816,142.497
-208.637,-4.93471,141.813
-208.565,-4.90611,141.117
-208.504,-4.87744,140.403
-208.455,-4.85198,139.671
-208.415,-4.82299,138.917
-208.393,-4.79372,138.151
-208.379,-4.76703,137.369
-208.377,-4.73526,136.57
-208.39,-4.70058,135.751
-208.408,-4.66874,134.912
-208.429,-4.63726,134.057
-208.458,-4.60163,133.19
-208.486,-4.56608,132.308
-208.519,-4.5293,131.413
-208.555,-4.49078,130.504
-208.595,-4.45029,129.579
-208.638,-4.41228,128.651
-208.68,-4.37272,127.709
-208.722,-4.33154,126.753
-208.763,-4.29432,125.778
-208.808,-4.25324,124.788
-208.853,-4.21152,123.792
-208.893,-4.16837,122.791
-208.928,-4.12607,121.786
-208.952,-4.07723,120.777
-208.975,-4.03131,119.773
-208.986,-3.98571,118.771
-209.003,-3.94076,117.769
-209.01,-3.89879,116.76
-209.011,-3.85926,115.754
-208.992,-3.82224,114.749
-208.974,-3.78421,113.752
-208.944,-3.74665,112.762
-208.909,-3.71434,111.78
-208.877,-3.68366,110.793
-208.837,-3.65669,109.809
-208.797,-3.62796,108.828
-208.754,-3.60016,107.863
-208.711,-3.57125,106.914
-208.674,-3.54761,105.975
-208.641,-3.53062,105.061
-208.613,-3.50998,104.165
-208.584,-3.48666,103.291
-208.555,-3.46487,102.438
-208.524,-3.44647,101.613
-208.486,-3.42874,100.811
-208.449,-3.40835,100.038
-208.412,-3.39102,99.2919
-208.373,-3.37413,98.5755
-208.335,-3.35954,97.8887
-208.304,-3.34499,97.2314
-208.28,-3.33117,96.6038
-208.259,-3.3188,96.009
-208.24,-3.30687,95.4414
-208.225,-3.29164,94.9068
-208.205,-3.27454,94.4018
-208.187,-3.25799,93.929
-208.173,-3.24237,93.4787
-208.172,-3.22971,93.0452
-208.169,-3.21769,92.6201
-208.159,-3.20635,92.1986
-208.135,-3.19644,91.7793
-208.111,-3.18592,91.3591
-208.102,-3.1731,90.9401
-208.104,-3.15959,90.5214
-208.104,-3.14826,90.1081
-208.095,-3.14187,89.7019
-208.079,-3.14006,89.2983
-208.057,-3.13305,88.8991
-208.038,-3.11664,88.4975
-208.023,-3.09323,88.094
-207.99,-3.07624,87.6862
-207.951,-3.06881,87.2713
-207.917,-3.06751,86.851
-207.887,-3.06019,86.4248
-207.851,-3.04739,85.9899
-207.806,-3.03239,85.552
-207.75,-3.02015,85.1065
-207.69,-3.01134,84.6465
-207.632,-3.00431,84.1702
-207.573,-2.99969,83.6794
-207.51,-2.99486,83.1761
-207.44,-2.99313,82.6589
-207.364,-2.99042,82.1282
-207.28,-2.98939,81.5888
-207.199,-2.98567,81.0359
-207.118,-2.98326,80.4668
-207.04,-2.97452,79.8797
-206.964,-2.96437,79.279
-206.887,-2.95601,78.658
-206.809,-2.94758,78.0214
-206.73,-2.93563,77.3745
-206.653,-2.91976,76.7211
-206.584,-2.90185,76.0563
-206.525,-2.88476,75.3796
-206.474,-2.87219,74.6872
-206.431,-2.8607,73.9822
-206.403,-2.84999,73.2625
-206.388,-2.84094,72.5372
-206.39,-2.83469,71.8021
-206.403,-2.82178,71.052
-206.432,-2.80562,70.2982
-206.474,-2.79011,69.5323
-206.535,-2.77496,68.7672
-206.61,-2.75393,68.0006
-206.695,-2.73127,67.2216
-206.792,-2.71353,66.4268
-206.893,-2.70155,65.6226
-206.991,-2.68544,64.8081
-207.087,-2.66388,63.9835
-207.176,-2.64401,63.1451
-207.261,-2.62109,62.2962
-207.341,-2.59624,61.4449
-207.411,-2.57062,60.5825
-207.477,-2.54554,59.7148
-207.528,-2.52712,58.8331
-207.566,-2.51002,57.9368
-207.602,-2.49092,57.0305
-207.634,-2.47328,56.1103
-207.648,-2.4569,55.1846
-207.653,-2.43647,54.2542
-207.659,-2.41648,53.3207
-207.661,-2.40024,52.3854
-207.653,-2.37732,51.4369
-207.639,-2.35271,50.4901
-207.621,-2.3308,49.5464
-207.603,-2.30872,48.6109
-207.585,-2.2823,47.6694
-207.571,-2.26368,46.7304
-207.553,-2.24187,45.7905
-207.542,-2.22142,44.8667
-207.529,-2.20845,43.9515
-207.516,-2.19492,43.0392
-207.503,-2.1811,42.1254
-207.485,-2.1671,41.2079
-207.459,-2.14579,40.2923
-207.435,-2.11922,39.383
-207.419,-2.09172,38.4839
-207.41,-2.06294,37.5996
-207.406,-2.03783,36.7269
-207.398,-2.01547,35.8591
-207.398,-1.99655,34.999
-207.395,-1.98212,34.1521
-207.39,-1.96466,33.3235
-207.389,-1.94673,32.5091
-207.39,-1.93183,31.7113
-207.384,-1.91578,30.9289
-207.375,-1.89846,30.1713
-207.371,-1.88386,29.441
-207.366,-1.86999,28.738
-207.358,-1.85533,28.0611
-207.347,-1.84386,27.4089
-207.338,-1.83711,26.7801
-207.326,-1.83129,26.1798
-207.303,-1.81994,25.608
-207.272,-1.81077,25.0762
-207.244,-1.80379,24.5668
-207.213,-1.79595,24.0897
-207.185,-1.78825,23.6379
-207.155,-1.77894,23.2087
-207.121,-1.77235,22.8
-207.081,-1.77526,22.4071
-207.04,-1.77908,22.0342
-206.999,-1.78188,21.6745
-206.954,-1.78466,21.3226
-206.906,-1.78721,20.9832
-206.852,-1.79257,20.6538
-206.782,-1.80642,20.3344
-206.706,-1.82086,20.026
-206.632,-1.82901,19.725
-206.552,-1.83722,19.4367
-206.472,-1.84149,19.1536
-206.386,-1.8481,18.8809
-206.295,-1.85436,18.6149
-206.19,-1.86402,18.3461
-206.078,-1.87262,18.0953
-205.959,-1.88177,17.8523
-205.837,-1.88879,17.6051
-205.724,-1.88655,17.3771
-205.602,-1.88245,17.1478
-205.475,-1.87818,16.939
-205.336,-1.86432,16.7264
-205.183,-1.85644,16.4996
-205.018,-1.84667,16.2863
-204.838,-1.84221,16.0705
-204.64,-1.83808,15.8343
-204.434,-1.83816,15.6086
-204.208,-1.8379,15.3602
-203.962,-1.84036,15.1264
-203.699,-1.8407,14.8894
-203.407,-1.83889,14.6324
-203.106,-1.84236,14.4023
-202.787,-1.84903,14.1806
-202.445,-1.8593,13.9393
-202.093,-1.87736,13.7238
-201.713,-1.89595,13.4874
-201.317,-1.91762,13.2783
-200.891,-1.93547,13.0729
-200.438,-1.95275,12.8548
-199.964,-1.96997,12.6553
-199.455,-1.98781,12.4511
-198.922,-2.00705,12.2546
-198.37,-2.02613,12.0555
-197.803,-2.04187,11.8479
-197.219,-2.0543,11.6426
-196.611,-2.07285,11.4375
-195.986,-2.09724,11.2512
-195.352,-2.12229,11.0827
-194.714,-2.14429,10.924
-194.078,-2.16583,10.7998
-193.451,-2.18746,10.6884
-192.839,-2.21149,10.6091
-192.242,-2.23568,10.55
-191.659,-2.24656,10.5102
-191.085,-2.25343,10.4997
-190.512,-2.25994,10.4925
-189.932,-2.27534,10.4949
-189.349,-2.29225,10.5032
-188.774,-2.30218,10.5147
-188.2,-2.3164,10.5189
-187.628,-2.33123,10.5216
-187.053,-2.35052,10.5308
-186.48,-2.36768,10.5431
-185.903,-2.38679,10.5634
-185.316,-2.40464,10.5898
-184.716,-2.4277,10.617
-184.105,-2.44923,10.645
-183.477,-2.47419,10.6725
-182.839,-2.49722,10.6999
-182.185,-2.52442,10.7314
-181.518,-2.55352,10.7684
-180.835,-2.58425,10.8084
-180.141,-2.61302,10.8486
-179.434,-2.64148,10.8955
-178.713,-2.67277,10.9456
-177.981,-2.7048,10.9973
-177.235,-2.73989,11.053
-176.477,-2.77884,11.1133
-175.704,-2.81752,11.1716
-174.913,-2.8541,11.228
-174.103,-2.89615,11.2839
-173.281,-2.94004,11.344
-172.454,-2.98246,11.4065
-171.615,-3.02517,11.4792
-170.755,-3.06879,11.5541
-169.878,-3.1132,11.6332
-168.988,-3.16059,11.718
-168.088,-3.20426,11.807
-167.173,-3.24739,11.9035
-166.248,-3.29598,12.0086
-165.31,-3.34674,12.1212
-164.356,-3.39983,12.2419
-163.387,-3.45784,12.3646
-162.406,-3.51684,12.4844
-161.414,-3.57662,12.6053
-160.414,-3.63549,12.7214
-159.4,-3.69386,12.8408
-158.375,-3.75207,12.9576
-157.345,-3.80957,13.0698
-156.315,-3.86103,13.1721
-155.289,-3.91304,13.2664
-154.251,-3.96928,13.3513
-153.206,-4.02451,13.4188
-152.154,-4.0809,13.4772
-151.099,-4.1318,13.517
-150.04,-4.18036,13.5349
-148.979,-4.22577,13.5344
-147.91,-4.27415,13.5167
-146.837,-4.32423,13.4885
-145.756,-4.37618,13.4495
-144.677,-4.42711,13.407
-143.593,-4.47743,13.3599
-142.513,-4.53035,13.324
-141.427,-4.58312,13.2911
-140.325,-4.63902,13.2759
-139.219,-4.69379,13.2641
-138.109,-4.74738,13.2512
-136.989,-4.80153,13.2391
-135.872,-4.85799,13.2352
-134.749,-4.91392,13.233
-133.618,-4.96836,13.2349
-132.469,-5.02192,13.2379
-131.316,-5.07358,13.2452
-130.16,-5.12139,13.247
-128.999,-5.16888,13.2502
-127.833,-5.21937,13.255
-126.649,-5.2717,13.2568
-125.452,-5.32466,13.248
-124.247,-5.37637,13.2379
-123.036,-5.429,13.2311
-121.822,-5.48091,13.2242
-120.596,-5.53159,13.2164
-119.374,-5.58309,13.2059
-118.143,-5.63766,13.1971
-116.902,-5.6978,13.1931
-115.633,-5.7631,13.1947
-114.366,-5.82724,13.1954
-113.092,-5.88911,13.1992
-111.823,-5.94668,13.1985
-110.549,-6.00798,13.203
-109.28,-6.07221,13.2116
-108.002,-6.14001,13.2232
-106.721,-6.20872,13.235
-105.427,-6.27625,13.2324
-104.132,-6.33496,13.2216
-102.856,-6.39034,13.2377
-101.59,-6.44872,13.2701
-100.321,-6.5072,13.3017
-99.052,-6.57064,13.3443
-97.7804,-6.63255,13.378
-96.5123,-6.69599,13.4152
-95.2376,-6.75859,13.4448
-93.9664,-6.81843,13.4716
-92.6942,-6.87598,13.4967
-91.4196,-6.93056,13.5301
-90.1504,-6.98303,13.5762
-88.8844,-7.03618,13.6227
-87.6191,-7.09108,13.6743
-86.3537,-7.14604,13.7212
-85.0871,-7.19812,13.7699
-83.8254,-7.25063,13.8122
-82.5688,-7.30094,13.859
-81.3097,-7.35126,13.8999
-80.045,-7.40248,13.9412
-78.7841,-7.45556,13.9844
-77.5195,-7.50695,14.0273
-76.2629,-7.55656,14.0642
-75.0143,-7.60367,14.0974
-73.7664,-7.65196,14.1311
-72.5272,-7.70497,14.1697
-71.2675,-7.75741,14.2189
-70.0129,-7.81243,14.2658
-68.7601,-7.86735,14.3149
-67.5189,-7.92079,14.3587
-66.2767,-7.9727,14.4018
-65.042,-8.02912,14.4483
-63.8177,-8.0832,14.4934
-62.605,-8.14327,14.5416
-61.4096,-8.21107,14.5975
-60.2065,-8.27748,14.6507
-59.0062,-8.34121,14.7016
-57.8128,-8.4018,14.7529
-56.6241,-8.46135,14.8024
-55.4465,-8.52286,14.8564
-54.2721,-8.5845,14.9167
-53.1395,-8.64759,14.9882
-51.994,-8.71008,15.0513
-50.8632,-8.76837,15.1117
-49.7236,-8.82737,15.1692
-48.5901,-8.88465,15.2295
-47.4569,-8.94108,15.289
-46.3306,-8.99766,15.3489
-45.1958,-9.05555,15.3995
-44.0959,-9.12209,15.4539
-43.0037,-9.19036,15.5068
-41.9228,-9.25585,15.5588
-40.8634,-9.32006,15.6115
-39.8139,-9.37931,15.6647
-38.7898,-9.43925,15.7171
-37.7793,-9.4947,15.7689
-36.7931,-9.5501,15.8239
-35.8284,-9.60697,15.9126
-34.8785,-9.66079,16.0016
-33.9352,-9.71039,16.0795
-33.012,-9.75983,16.1539
-32.1086,-9.80826,16.2243
-31.2049,-9.84939,16.2743
-30.3039,-9.89885,16.3044
-29.4177,-9.94965,16.3367
-28.5247,-9.99706,16.3507
-27.677,-10.0305,16.3654
-26.8648,-10.0552,16.3774
-26.0773,-10.0941,16.4042
-25.3144,-10.1327,16.4322
-24.5693,-10.1643,16.4539
-23.8463,-10.1934,16.4726
-23.1595,-10.2152,16.4893
-22.4959,-10.2359,16.5031
-21.8379,-10.2564,16.5083
-21.1998,-10.2776,16.512
-20.582,-10.3068,16.5197
-19.9833,-10.3335,16.5217
-19.4039,-10.3576,16.5162
-18.8462,-10.3746,16.5082
-18.3103,-10.3995,16.4985
-17.7963,-10.4352,16.4895
-17.329,-10.4544,16.4823
-16.8698,-10.4767,16.4778
-16.4406,-10.5042,16.4747
-16.0375,-10.5242,16.4755
-15.657,-10.5413,16.4793
-15.2941,-10.5565,16.4931
-14.9561,-10.5674,16.5152
-14.629,-10.5809,16.5422
-14.3162,-10.5946,16.5728
-14.0178,-10.6087,16.6039
-13.7155,-10.6268,16.642
-13.4156,-10.6515,16.6922
-13.1256,-10.6779,16.7459
-12.8347,-10.7086,16.8283
-12.5551,-10.7385,16.91
-12.2772,-10.7846,17.0186
-12.0099,-10.8227,17.1399
-11.7567,-10.8589,17.2492
-11.5187,-10.8908,17.3878
-11.2818,-10.9192,17.5372
-11.0478,-10.9487,17.676
-10.7939,-10.9786,17.8531
-10.546,-11.0033,18.0181
-10.2875,-11.0302,18.225
-10.0237,-11.061,18.4518
-9.77827,-11.0866,18.6702
-9.52448,-11.1122,18.9457
-9.26687,-11.142,19.2499
-9.02132,-11.168,19.5412
-8.76453,-11.1963,19.8912
-8.49998,-11.2155,20.2303
-8.23336,-11.2386,20.6263
-7.97347,-11.2553,21.0395
-7.71447,-11.2582,21.4488
-7.45531,-11.2668,21.9104
-7.20217,-11.2753,22.3818
-6.94385,-11.2909,22.8998
-6.68425,-11.3089,23.4467
-6.44602,-11.3265,24.015
-6.20942,-11.3352,24.6309
-6.00232,-11.3517,25.2682
-5.78403,-11.3635,25.9353
-5.58062,-11.3717,26.6368
-5.40091,-11.3776,27.3621
-5.24182,-11.3892,28.1384
-5.10072,-11.403,28.9385
-4.98555,-11.4161,29.7811
-4.89454,-11.4301,30.651
-4.83229,-11.4424,31.5403
-4.7854,-11.4598,32.4495
-4.76497,-11.4742,33.3754
-4.75281,-11.4876,34.3277
-4.75198,-11.5055,35.3032
-4.77141,-11.5276,36.3018
-4.79902,-11.5505,37.3351
-4.82492,-11.5769,38.3799
-4.85797,-11.6072,39.4345
-4.91194,-11.6372,40.4995
-4.96416,-11.6751,41.5673
-5.02575,-11.7085,42.6369
-5.09038,-11.7382,43.7008
-5.15302,-11.7715,44.765
-5.21591,-11.8,45.8345
-5.27658,-11.8245,46.9041
-5.33258,-11.8466,47.9766
-5.39654,-11.8635,49.0493
-5.46434,-11.8801,50.1267
-5.54117,-11.8922,51.2051
-5.61893,-11.9043,52.2736
-5.70174,-11.9099,53.3484
-5.7753,-11.9269,54.4201
-5.85815,-11.9425,55.4998
-5.92628,-11.9613,56.5668
-6.00104,-11.9746,57.6346
-6.0708,-11.9889,58.6928
-6.14972,-12.0047,59.7476
-6.21663,-12.0235,60.7931
-6.2743,-12.0434,61.8283
-6.32619,-12.0673,62.8533
-6.36892,-12.0915,63.8585
-6.41411,-12.1105,64.8474
-6.45059,-12.1305,65.8153
-6.48643,-12.1492,66.7747
-6.52639,-12.171,67.7132
-6.55802,-12.1972,68.6332
-6.58965,-12.2239,69.5335
-6.60899,-12.2477,70.4134
-6.62523,-12.2686,71.2796
-6.62722,-12.2809,72.1253
-6.64285,-12.2939,72.9476
-6.65551,-12.3058,73.7498
-6.67259,-12.3164,74.5246
-6.68424,-12.3316,75.2715
-6.68446,-12.355,75.9951
-6.68274,-12.376,76.6865
-6.67003,-12.397,77.3504
-6.65235,-12.4171,77.9879
-6.61989,-12.4396,78.5896
-6.57457,-12.4599,79.1664
-6.50881,-12.482,79.715
-6.43849,-12.5017,80.2198
-6.33255,-12.5283,80.7117
-6.21368,-12.5525,81.1579
-6.06437,-12.5731,81.6041
-5.90761,-12.5917,81.996
-5.72961,-12.6173,82.3905
-5.54748,-12.6391,82.7689
-5.36817,-12.6602,83.0957
-5.16124,-12.6801,83.4352
-4.96219,-12.6998,83.7194
-4.74939,-12.7185,84.0124
-4.54265,-12.7376,84.2529
-4.31107,-12.7558,84.4985
-4.07894,-12.7738,84.7172
-3.86611,-12.7846,84.8846
-3.65254,-12.7963,85.0553
-3.45846,-12.7998,85.1839
-3.26244,-12.8083,85.3117
-3.08309,-12.814,85.422
-2.92443,-12.8204,85.513
-2.77988,-12.8111,85.6082
-2.63287,-12.8097,85.6854
-2.46827,-12.8063,85.7691
-2.29293,-12.8122,85.8554
-2.11983,-12.8187,85.923
-1.92989,-12.8257,85.9871
-1.73789,-12.8308,86.0252
-1.53691,-12.8394,86.0707
-1.33307,-12.8554,86.1158
-1.12712,-12.8674,86.1474
-0.923084,-12.8801,86.1914
-0.721654,-12.8921,86.2195
-0.518659,-12.8965,86.2512
-0.311055,-12.9059,86.2819
-0.110413,-12.9253,86.313
0.0982828,-12.9458,86.3544
0.303078,-12.964,86.3914
0.502793,-12.9883,86.4112
0.701588,-13.0084,86.4274
0.901994,-13.0305,86.4407
1.10331,-13.0533,86.4652
1.30643,-13.075,86.4942
1.5029,-13.0992,86.5198
1.69194,-13.1159,86.5405
1.8817,-13.1168,86.5444
2.07776,-13.1142,86.5459
2.27703,-13.1169,86.5555
2.48205,-13.1255,86.5712
2.68315,-13.1257,86.5871
2.88557,-13.1188,86.5972
3.08164,-13.1098,86.6015
3.29364,-13.1062,86.6048
3.51601,-13.106,86.6092
3.76115,-13.1177,86.6254
4.02676,-13.1263,86.6493
4.31387,-13.1292,86.6747
4.61979,-13.1359,86.697
4.93401,-13.1449,86.7182
5.25989,-13.1566,86.7416
5.59133,-13.1598,86.7709
5.93042,-13.1614,86.802
6.26319,-13.1498,86.8252
6.60844,-13.1453,86.8444
6.95035,-13.1318,86.8602
7.29671,-13.1253,86.878
7.63402,-13.1321,86.9013
7.98914,-13.1459,86.925
8.35081,-13.1519,86.9434
8.71111,-13.1427,86.9584
9.08239,-13.1414,86.9713
9.45288,-13.1412,86.9904
9.83278,-13.145,87.0097
10.2153,-13.1766,87.0234
10.6081,-13.218,87.0246
11.0076,-13.2769,87.0115
11.4231,-13.3454,86.9986
11.8446,-13.4161,86.9801
12.2754,-13.4696,86.9651
12.7168,-13.5254,86.9538
13.1672,-13.5643,86.9384
13.6263,-13.6021,86.9181
14.0986,-13.642,86.892
14.5792,-13.6497,86.8627
15.07,-13.6382,86.8252
15.5723,-13.633,86.7979
16.0898,-13.6286,86.7854
16.6153,-13.6337,86.7852
17.1581,-13.6363,86.8058
17.7131,-13.6402,86.8408
18.2818,-13.642,86.8777
18.8627,-13.6515,86.9386
19.4489,-13.6629,87.0052
20.0479,-13.679,87.082
20.656,-13.6894,87.1494
21.2766,-13.6971,87.2108
21.9006,-13.6711,87.2857
22.5386,-13.6471,87.3569
23.1986,-13.6382,87.4212
23.8632,-13.6198,87.4751
24.5389,-13.616,87.518
25.2166,-13.6055,87.5591
25.902,-13.6126,87.5919
26.5899,-13.6369,87.6122
27.2965,-13.6649,87.6292
28.0106,-13.6935,87.6438
28.7279,-13.721,87.6598
29.4418,-13.7349,87.6625
30.1617,-13.7474,87.6662
30.8814,-13.7586,87.667
31.5998,-13.7704,87.664
32.3201,-13.7834,87.6642
33.0328,-13.8004,87.6618
33.7461,-13.8177,87.6624
34.4576,-13.8276,87.6598
35.176,-13.8432,87.6642
35.8911,-13.8899,87.6645
36.6058,-13.9292,87.6719
37.3115,-13.9661,87.6754
38.0216,-13.9956,87.6861
38.7308,-14.0312,87.6934
39.4403,-14.0772,87.7006
40.1476,-14.1177,87.7136
40.8455,-14.1599,87.7302
41.5397,-14.2066,87.7469
42.228,-14.2565,87.7599
42.9178,-14.3005,87.7802
43.6083,-14.3448,87.8103
44.2983,-14.3829,87.8361
44.9828,-14.4246,87.855
45.6672,-14.4619,87.8775
46.3479,-14.5047,87.9073
47.0292,-14.5433,87.9341
47.7145,-14.5816,87.9508
48.4014,-14.6185,87.9684
49.0885,-14.6547,87.9881
49.7745,-14.6901,88.0109
50.4551,-14.7247,88.0322
51.1312,-14.7571,88.0467
51.8095,-14.7858,88.0598
52.4935,-14.821,88.0722
53.1789,-14.8602,88.0887
53.8669,-14.8949,88.1016
54.5472,-14.9238,88.1126
55.2287,-14.9511,88.1319
55.9066,-14.9837,88.1596
56.5847,-15.015,88.1763
57.2573,-15.0397,88.1899
57.9325,-15.0603,88.2038
58.6091,-15.0876,88.2244
59.2842,-15.113,88.2314
59.9592,-15.1417,88.2367
60.6322,-15.1607,88.2465
61.3079,-15.1703,88.2681
61.9847,-15.1863,88.2905
62.6609,-15.2053,88.3038
63.3334,-15.2294,88.3132
64.0118,-15.2506,88.3236
64.6908,-15.281,88.3384
65.3836,-15.3119,88.3539
66.0709,-15.3436,88.3706
66.7618,-15.3898,88.3811
67.4465,-15.4284,88.392
68.1266,-15.4657,88.4053
68.8016,-15.4992,88.425
69.4831,-15.5274,88.4322
70.1709,-15.5522,88.4285
70.8585,-15.5733,88.4279
71.5512,-15.5935,88.4369
72.2356,-15.6072,88.4452
72.9171,-15.6309,88.4451
73.5903,-15.6488,88.4498
74.2714,-15.6606,88.4514
74.9538,-15.6839,88.4524
75.6424,-15.7137,88.4475
76.3242,-15.7454,88.4515
76.998,-15.7665,88.4574
77.6756,-15.7896,88.4548
78.3515,-15.8154,88.4477
79.0314,-15.8492,88.4532
79.7058,-15.8826,88.461
80.3789,-15.9096,88.4649
81.0593,-15.9375,88.4705
81.744,-15.9645,88.4803
82.4282,-15.9979,88.4913
83.1086,-16.0293,88.4985
83.7746,-16.059,88.5114
84.4416,-16.0838,88.5257
85.1177,-16.1128,88.5416
85.7993,-16.1451,88.5571
86.4789,-16.1758,88.565
87.1449,-16.2094,88.5783
87.8044,-16.2465,88.6012
88.4658,-16.2817,88.6255
89.1338,-16.3103,88.6357
89.8069,-16.3423,88.6436
90.4818,-16.3804,88.6657
91.1471,-16.4201,88.6902
91.8034,-16.4529,88.7048
92.4594,-16.4877,88.7116
93.1066,-16.5141,88.7219
93.754,-16.5432,88.7381
94.3965,-16.5713,88.7593
95.038,-16.602,88.7775
95.6705,-16.6289,88.7904
96.2965,-16.6508,88.8014
96.9188,-16.6708,88.8134
97.5384,-16.694,88.822
98.1479,-16.7216,88.8336
98.7447,-16.7506,88.847
99.323,-16.7741,88.8597
99.8848,-16.794,88.859
100.429,-16.815,88.8503
100.955,-16.8388,88.8568
101.466,-16.8655,88.872
101.947,-16.881,88.8852
102.409,-16.9008,88.885
102.844,-16.9306,88.8764
103.261,-16.9596,88.872
103.66,-16.984,88.873
104.046,-17.0025,88.8754
104.418,-17.0197,88.8737
104.773,-17.0389,88.8633
105.111,-17.0581,88.8515
105.423,-17.0726,88.8454
105.718,-17.0865,88.8445
105.993,-17.099,88.8441
106.246,-17.1109,88.8441
106.476,-17.1195,88.8453
106.683,-17.1259,88.8454
106.887,-17.1307,88.8419
107.081,-17.1381,88.8359
107.269,-17.1475,88.8358
107.439,-17.156,88.8453
107.6,-17.1609,88.8636
107.762,-17.1673,88.8949
107.925,-17.1735,88.9334
108.076,-17.1802,88.9669
108.229,-17.1879,89.0265
108.365,-17.1908,89.0803
108.507,-17.1988,89.1617
108.644,-17.2072,89.2534
108.76,-17.2116,89.3249
108.888,-17.2184,89.4296
109.019,-17.2249,89.5392
109.131,-17.2281,89.6243
109.267,-17.237,89.7529
109.381,-17.2421,89.859
109.515,-17.2534,90.0159
109.65,-17.2607,90.1817
109.755,-17.265,90.31
109.884,-17.2713,90.4904
110.008,-17.2784,90.6837
110.105,-17.2793,90.8505
110.228,-17.2859,91.0678
110.332,-17.2898,91.2624
110.453,-17.2927,91.4916
110.569,-17.3015,91.7303
110.663,-17.3078,91.9582
110.767,-17.3151,92.2208
110.852,-17.3193,92.4701
110.947,-17.3282,92.7508
111.039,-17.3375,93.0435
111.111,-17.3455,93.3311
111.191,-17.3524,93.6499
111.237,-17.3548,93.9595
111.287,-17.3647,94.3101
111.329,-17.3731,94.6763
111.35,-17.3805,95.0326
111.374,-17.3866,95.429
111.382,-17.3944,95.8344
111.376,-17.4038,96.2445
111.38,-17.4191,96.6892
111.376,-17.4336,97.1567
111.376,-17.4512,97.6399
111.366,-17.4685,98.1533
111.321,-17.4835,98.7121
111.278,-17.4958,99.2867
111.224,-17.5066,99.8865
111.179,-17.5231,100.499
111.132,-17.541,101.134
111.093,-17.5648,101.782
111.053,-17.583,102.454
111.019,-17.6021,103.139
110.983,-17.6234,103.851
110.953,-17.6502,104.574
110.916,-17.6736,105.323
110.884,-17.6973,106.085
110.848,-17.7225,106.868
110.812,-17.7499,107.666
110.77,-17.7728,108.481
110.729,-17.7971,109.312
110.692,-17.8202,110.158
110.651,-17.8441,111.013
110.605,-17.8675,111.878
110.555,-17.8931,112.751
110.504,-17.9199,113.634
110.451,-17.9406,114.521
110.39,-17.9649,115.418
110.325,-17.9887,116.326
110.254,-18.0174,117.24
110.189,-18.0394,118.152
110.122,-18.0632,119.062
110.056,-18.0817,119.971
109.985,-18.1055,120.88
109.919,-18.1248,121.786
109.856,-18.1421,122.687
109.795,-18.1593,123.588
109.73,-18.1811,124.488
109.666,-18.2046,125.388
109.607,-18.2278,126.284
109.549,-18.2535,127.183
109.502,-18.2798,128.078
109.456,-18.3088,128.972
109.415,-18.3361,129.865
109.371,-18.364,130.753
109.335,-18.3919,131.641
109.295,-18.4194,132.526
109.256,-18.4446,133.407
109.218,-18.4684,134.287
109.186,-18.4918,135.156
109.149,-18.513,136.007
109.114,-18.53,136.838
109.077,-18.5478,137.649
109.039,-18.5693,138.439
109.004,-18.5923,139.211
108.973,-18.6142,139.962
108.947,-18.6389,140.687
108.915,-18.6653,141.388
108.883,-18.6908,142.065
108.848,-18.717,142.714
108.817,-18.7431,143.337
108.783,-18.7621,143.93
108.76,-18.7737,144.486
108.736,-18.7858,145.024
108.714,-18.7926,145.545
108.69,-18.8021,146.045
108.69,-18.8139,146.521
108.703,-18.828,146.972
108.716,-18.8405,147.402
108.763,-18.8536,147.804
108.793,-18.866,148.184
108.828,-18.8734,148.54
108.856,-18.8847,148.875
108.898,-18.8985,149.185
108.921,-18.9109,149.485
108.953,-18.9221,149.766
108.975,-18.9391,150.034
109.007,-18.959,150.284
109.021,-18.9728,150.532
109.038,-18.9861,150.779
109.05,-18.9984,151.027
109.063,-19.0104,151.272
109.076,-19.0229,151.518
109.11,-19.0234,151.749
109.163,-19.0117,151.963
109.2,-19.0062,152.184
109.24,-19.001,152.403
109.27,-18.9733,152.631
109.313,-18.9062,152.856
109.344,-18.861,153.098
109.388,-18.802,153.353
109.419,-18.7731,153.636
109.453,-18.7361,153.934
109.477,-18.7159,154.253
109.501,-18.6934,154.586
109.521,-18.6818,154.936
109.54,-18.6716,155.301
109.561,-18.6559,155.679
109.584,-18.6454,156.073
109.614,-18.6375,156.475
109.633,-18.6387,156.893
109.645,-18.6385,157.329
109.651,-18.6402,157.783
109.662,-18.634,158.253
109.668,-18.6341,158.738
109.684,-18.6372,159.242
109.699,-18.6448,159.769
109.716,-18.6469,160.312
109.725,-18.6494,160.876
109.717,-18.6548,161.468
109.696,-18.6734,162.089
109.674,-18.7068,162.718
109.662,-18.7357,163.366
109.649,-18.76,164.032
109.64,-18.7846,164.709
109.634,-18.8072,165.399
109.639,-18.8194,166.109
109.639,-18.8227,166.835
109.64,-18.8204,167.58
109.633,-18.8273,168.34
109.626,-18.8315,169.117
109.618,-18.8401,169.905
109.613,-18.8465,170.711
109.605,-18.8564,171.53
109.595,-18.8697,172.363
109.583,-18.8844,173.21
109.573,-18.8979,174.066
109.565,-18.9099,174.933
109.553,-18.9246,175.81
109.543,-18.9395,176.698
109.533,-18.9579,177.594
109.534,-18.9717,178.5
109.533,-18.9896,179.413
109.537,-19.0109,180.327
109.536,-19.0332,181.237
109.543,-19.0645,182.139
109.56,-19.1008,183.039
109.577,-19.137,183.94
109.587,-19.1714,184.839
109.589,-19.211,185.737
109.589,-19.252,186.636
109.599,-19.2843,187.533
109.615,-19.3182,188.427
109.627,-19.3415,189.311
109.638,-19.3638,190.19
109.647,-19.3844,191.063
109.659,-19.4022,191.927
109.651,-19.4222,192.776
109.646,-19.438,193.61
109.63,-19.4514,194.43
109.614,-19.4597,195.232
109.593,-19.4696,196.016
109.575,-19.4757,196.783
109.555,-19.4827,197.53
109.533,-19.492,198.259
109.514,-19.5014,198.966
109.498,-19.5082,199.654
109.485,-19.5124,200.323
109.471,-19.5202,200.971
109.461,-19.5283,201.601
109.453,-19.5373,202.216
109.449,-19.5453,202.821
109.444,-19.5535,203.419
109.445,-19.5615,204.013
109.449,-19.5713,204.602
109.459,-19.5824,205.191
109.471,-19.5943,205.775
109.487,-19.5951,206.354
109.502,-19.5953,206.93
109.521,-19.597,207.498
109.546,-19.5999,208.062
109.57,-19.606,208.619
109.591,-19.61,209.168
109.611,-19.615,209.709
109.632,-19.6202,210.239
109.652,-19.628,210.758
109.672,-19.6334,211.263
109.685,-19.6408,211.754
109.698,-19.6478,212.233
109.706,-19.6557,212.702
109.715,-19.6628,213.167
109.725,-19.67,213.626
109.734,-19.6776,214.084
109.738,-19.6858,214.54
109.736,-19.6949,214.994
109.731,-19.7033,215.444
109.723,-19.7116,215.888
109.715,-19.7204,216.329
109.707,-19.7293,216.764
109.703,-19.7385,217.196
109.7,-19.7463,217.625
109.7,-19.7532,218.051
109.697,-19.7595,218.474
109.694,-19.7663,218.903
109.687,-19.7785,219.347
109.674,-19.7967,219.81
109.669,-19.7992,220.274
109.663,-19.8002,220.745
109.651,-19.8045,221.217
109.634,-19.8092,221.695
109.624,-19.8138,222.182
109.623,-19.8182,222.677
109.631,-19.82,223.179
109.633,-19.8243,223.69
109.618,-19.8326,224.216
109.604,-19.8399,224.748
109.598,-19.849,225.286
109.594,-19.8576,225.834
109.586,-19.8699,226.396
109.57,-19.8831,226.964
109.536,-19.8936,227.541
109.495,-19.9048,228.13
109.441,-19.9155,228.724
109.375,-19.9308,229.331
109.299,-19.9495,229.948
109.201,-19.9683,230.57
109.089,-19.9844,231.205
108.963,-20.0003,231.846
108.84,-20.0175,232.5
108.71,-20.0261,233.162
108.585,-20.0337,233.831
108.453,-20.0409,234.508
108.332,-20.0512,235.195
108.211,-20.0609,235.894
108.103,-20.0708,236.603
107.999,-20.0811,237.319
107.906,-20.0926,238.049
107.82,-20.1039,238.782
107.749,-20.1176,239.536
107.681,-20.1331,240.295
107.625,-20.1516,241.068
107.577,-20.17,241.851
107.536,-20.1881,242.64
107.501,-20.2048,243.44
107.463,-20.216,244.241
107.434,-20.2308,245.056
107.404,-20.2444,245.878
107.381,-20.2629,246.715
107.356,-20.2829,247.561
107.333,-20.3037,248.416
107.309,-20.3215,249.277
107.284,-20.3388,250.147
107.257,-20.3557,251.021
107.229,-20.3684,251.893
107.204,-20.3799,252.76
107.177,-20.3894,253.625
107.147,-20.3986,254.488
107.116,-20.4095,255.352
107.086,-20.4215,256.217
107.054,-20.4339,257.078
107.022,-20.4445,257.936
106.99,-20.4545,258.788
106.96,-20.468,259.641
106.925,-20.4775,260.495
106.889,-20.4851,261.346
106.858,-20.4959,262.194
106.828,-20.5028,263.029
106.804,-20.5063,263.853
106.79,-20.5116,264.671
106.773,-20.523,265.473
106.757,-20.5336,266.257
106.739,-20.5413,267.027
106.742,-20.5468,267.769
106.737,-20.5536,268.496
106.732,-20.557,269.198
106.725,-20.5582,269.881
106.721,-20.5591,270.543
106.71,-20.5637,271.193
106.687,-20.5701,271.832
106.665,-20.5744,272.451
106.645,-20.5799,273.054
106.624,-20.5871,273.646
106.602,-20.5964,274.232
106.577,-20.6059,274.808
106.558,-20.6178,275.375
106.541,-20.6316,275.936
106.532,-20.6442,276.485
106.512,-20.6581,277.026
106.49,-20.6729,277.549
106.465,-20.6863,278.059
106.446,-20.6988,278.551
106.431,-20.7106,279.024
106.428,-20.7207,279.474
106.423,-20.7344,279.908
106.436,-20.7507,280.326
106.455,-20.7648,280.725
106.49,-20.7817,281.113
106.526,-20.7954,281.483
106.571,-20.8092,281.843
106.625,-20.822,282.185
106.691,-20.834,282.5
106.765,-20.851,282.817
106.841,-20.8647,283.106
106.934,-20.8834,283.394
107.045,-20.9085,283.666
107.149,-20.9287,283.914
107.264,-20.9549,284.175
107.363,-20.9714,284.414
107.492,-20.9923,284.663
107.615,-21.0037,284.885
107.762,-21.0259,285.122
107.91,-21.0454,285.351
108.053,-21.0609,285.553
108.22,-21.0813,285.764
108.39,-21.0991,285.948
108.564,-21.1115,286.162
108.745,-21.1237,286.383
108.935,-21.1377,286.587
109.134,-21.1525,286.815
109.34,-21.1651,287.043
