0,0,-0
0.0457776,-0.0218093,1.05758
0.144382,-0.046864,2.1144
0.287298,-0.073886,3.17133
0.477544,-0.104285,4.22642
0.725458,-0.137644,5.27927
1.02336,-0.173632,6.32099
1.36925,-0.21129,7.3422
1.76687,-0.247042,8.34964
2.20589,-0.284641,9.34451
2.68819,-0.322236,10.3215
3.21447,-0.362909,11.2702
3.78301,-0.400583,12.198
4.39589,-0.439739,13.0939
5.05413,-0.47364,13.9674
5.75119,-0.509976,14.8089
6.49075,-0.541022,15.6211
7.27325,-0.572718,16.4071
8.08657,-0.606422,17.1541
8.94336,-0.637384,17.8623
9.83668,-0.669184,18.5398
10.7609,-0.702826,19.1681
11.7218,-0.734694,19.7561
12.7141,-0.762522,20.3063
13.7407,-0.791525,20.8156
14.7874,-0.822795,21.2787
15.8559,-0.849756,21.7092
16.9578,-0.873902,22.1051
18.0858,-0.899503,22.4677
19.2439,-0.912682,22.809
20.4035,-0.927035,23.1121
21.5795,-0.942708,23.3725
22.7759,-0.959827,23.5935
23.9926,-0.9782,23.7806
25.232,-0.991823,23.9454
26.4951,-1.00796,24.0624
27.7684,-1.01018,24.1513
29.0694,-1.0212,24.1963
30.3798,-1.02477,24.2193
31.7203,-1.02588,24.1994
33.068,-1.02564,24.1659
34.4238,-1.02156,24.1157
35.7956,-1.0208,24.0407
37.1611,-1.01562,23.958
38.5311,-1.01029,23.8599
39.9136,-1.00234,23.7453
41.3141,-0.994822,23.6104
42.7348,-0.987096,23.4624
44.1847,-0.979161,23.3007
45.6511,-0.974273,23.1289
47.1357,-0.969113,22.9458
48.638,-0.964344,22.7569
50.1589,-0.96218,22.554
51.699,-0.958403,22.3458
53.2561,-0.95484,22.1308
54.8396,-0.94837,21.9111
56.4395,-0.941177,21.6823
58.0538,-0.932511,21.4542
59.6849,-0.925258,21.2173
61.3338,-0.918768,20.9813
63.0003,-0.916798,20.7428
64.6835,-0.914693,20.5029
66.3857,-0.912229,20.2638
68.1099,-0.90926,20.0214
69.8464,-0.906729,19.783
71.6071,-0.904805,19.5407
73.3876,-0.903164,19.3
75.1868,-0.902746,19.0535
77.0003,-0.899582,18.8062
78.8163,-0.901198,18.563
80.6495,-0.901421,18.3167
82.5001,-0.903994,18.0721
84.3557,-0.908939,17.8295
86.2339,-0.910251,17.5821
88.1268,-0.908648,17.3303
90.0326,-0.907018,17.0747
91.9385,-0.90679,16.8214
93.8534,-0.906861,16.5663
95.7772,-0.909923,16.3068
97.7063,-0.914084,16.0483
99.6422,-0.919387,15.7863
101.585,-0.923568,15.5247
103.545,-0.925024,15.2595
105.512,-0.926629,14.9876
107.494,-0.927523,14.7095
109.484,-0.932465,14.4263
111.477,-0.938857,14.1358
113.477,-0.946659,13.836
115.476,-0.95361,13.5239
117.471,-0.963324,13.2029
119.485,-0.973689,12.866
121.501,-0.985992,12.525
123.51,-0.999028,12.1733
125.536,-1.00968,11.8098
127.567,-1.01933,11.4325
129.604,-1.02814,11.0406
131.644,-1.03807,10.6341
133.689,-1.04668,10.2167
135.745,-1.05515,9.78347
137.804,-1.0663,9.33873
139.871,-1.0768,8.88092
141.95,-1.08657,8.41045
144.073,-1.09356,7.94097
146.141,-1.1004,7.45364
148.174,-1.10592,6.95864
150.213,-1.11231,6.45133
152.262,-1.11842,5.93681
154.316,-1.12651,5.41341
156.369,-1.1351,4.88105
158.43,-1.14241,4.33438
160.475,-1.15618,3.78042
162.52,-1.17384,3.2165
164.564,-1.18526,2.64517
166.608,-1.19502,2.06344
168.655,-1.20419,1.47278
170.698,-1.21209,0.87478
172.742,-1.215,0.263718
174.784,-1.22631,-0.346122
176.823,-1.23137,-0.974353
178.872,-1.24226,-1.60859
180.924,-1.2528,-2.25291
182.98,-1.26213,-2.90828
185.037,-1.27142,-3.57639
187.103,-1.27895,-4.25756
189.168,-1.28612,-4.94559
191.242,-1.29131,-5.64157
193.318,-1.29633,-6.34434
195.388,-1.30407,-7.053
197.455,-1.31381,-7.7674
199.531,-1.32723,-8.4914
201.606,-1.34203,-9.22114
203.681,-1.35848,-9.96022
205.758,-1.37588,-10.711
207.845,-1.39027,-11.4772
209.932,-1.40281,-12.2529
212.023,-1.41574,-13.0373
214.11,-1.43107,-13.8309
216.194,-1.44784,-14.6333
218.278,-1.46525,-15.4442
220.362,-1.48105,-16.2648
222.45,-1.49357,-17.0946
224.534,-1.5057,-17.9294
226.617,-1.51739,-18.7718
228.699,-1.5327,-19.6176
230.779,-1.54959,-20.4696
232.86,-1.56843,-21.3299
234.941,-1.59,-22.1958
237.018,-1.6125,-23.0697
239.089,-1.63462,-23.95
241.148,-1.65349,-24.8292
243.209,-1.66863,-25.7153
245.27,-1.68472,-26.609
247.332,-1.69992,-27.5119
249.392,-1.7164,-28.4238
251.451,-1.73233,-29.3443
253.505,-1.74743,-30.2733
255.556,-1.76231,-31.2077
257.601,-1.77738,-32.1498
259.64,-1.79304,-33.1029
261.677,-1.8093,-34.0672
263.712,-1.82499,-35.0383
265.75,-1.83896,-36.0206
267.788,-1.8514,-37.0159
269.829,-1.86422,-38.0223
271.868,-1.87696,-39.0384
273.904,-1.89157,-40.067
275.945,-1.90579,-41.1029
277.986,-1.9197,-42.1481
280.032,-1.93315,-43.2061
282.085,-1.94543,-44.2741
284.147,-1.95655,-45.3539
286.211,-1.96824,-46.4434
288.281,-1.98145,-47.5462
290.355,-1.99721,-48.6591
292.437,-2.01387,-49.7845
294.529,-2.03004,-50.9282
296.638,-2.0442,-52.0906
298.766,-2.05733,-53.2703
299.642,-2.06937,-53.7031
301.81,-2.08016,-54.9144
302.357,-2.08669,-55.1503
303.101,-2.12071,-55.5531
303.643,-2.23962,-55.9385
304.301,-2.36557,-56.4007
304.999,-2.47858,-56.8287
305.809,-2.55649,-57.2881
306.755,-2.61053,-57.8318
307.759,-2.6574,-58.421
308.885,-2.69351,-59.1027
309.954,-2.73414,-59.7673
311.148,-2.76734,-60.5155
312.113,-2.81697,-61.1265
313.301,-2.84463,-61.8823
314.365,-2.8608,-62.5672
315.563,-2.84759,-63.3125
317.615,-2.80512,-64.6509
319.648,-2.7592,-65.9909
320.646,-2.74143,-66.6387
321.691,-2.71681,-67.3288
322.709,-2.68809,-68.0172
323.727,-2.65733,-68.712
324.718,-2.63217,-69.3884
325.761,-2.60811,-70.091
326.809,-2.58506,-70.8083
327.855,-2.56305,-71.5306
328.903,-2.53549,-72.2669
329.962,-2.50852,-73.0128
332.014,-2.45479,-74.498
334.059,-2.39865,-75.9851
336.122,-2.33155,-77.5004
338.172,-2.26055,-79.0188
340.216,-2.19245,-80.5445
342.264,-2.12658,-82.0811
344.317,-2.05955,-83.6385
346.362,-1.99136,-85.1955
348.404,-1.92784,-86.7533
350.435,-1.87685,-88.3083
352.461,-1.84102,-89.8994
354.478,-1.80725,-91.5009
356.512,-1.74996,-93.1085
358.556,-1.66433,-94.7269
360.567,-1.56825,-96.3259
362.57,-1.47303,-97.9373
364.565,-1.38434,-99.5647
366.555,-1.30214,-101.202
368.544,-1.22562,-102.846
370.536,-1.15021,-104.5
372.526,-1.07141,-106.165
374.513,-0.99014,-107.84
376.512,-0.906113,-109.536
378.519,-0.822676,-111.246
380.083,-0.757939,-112.599
381.1,-0.715176,-113.523
382.11,-0.66264,-114.448
383.107,-0.604801,-115.367
384.119,-0.541596,-116.292
385.109,-0.487746,-117.208
386.097,-0.442225,-118.129
387.083,-0.402179,-119.058
388.063,-0.366254,-119.987
389.033,-0.332133,-120.913
390.009,-0.300431,-121.845
390.989,-0.267293,-122.782
392.029,-0.22418,-123.745
394.014,-0.119692,-125.513
395.995,-0.000880175,-127.274
397.976,0.121169,-129.018
399.967,0.233349,-130.753
401.958,0.332417,-132.485
403.955,0.428359,-134.216
405.947,0.525138,-135.94
407.944,0.624725,-137.657
409.952,0.720049,-139.366
411.963,0.810245,-141.062
413.987,0.899388,-142.753
416.013,0.989979,-144.442
418.035,1.07843,-146.133
420.06,1.16562,-147.83
422.084,1.25846,-149.524
424.117,1.35745,-151.213
426.151,1.4572,-152.897
428.188,1.55327,-154.579
430.225,1.64302,-156.261
432.267,1.73178,-157.946
434.331,1.82343,-159.645
435.538,1.87863,-160.635
436.046,1.90302,-161.06
436.55,1.93307,-161.485
437.054,1.96467,-161.908
437.335,1.98476,-162.142
437.442,1.99211,-162.23
437.801,2.00593,-162.517
437.772,2.0044,-162.49
438.092,2.01999,-162.742
438.621,2.04817,-163.169
438.693,2.05522,-163.237
438.957,2.06719,-163.457
439.394,2.08836,-163.816
439.891,2.11352,-164.22
440.321,2.13688,-164.567
440.542,2.14968,-164.74
440.806,2.16457,-164.95
441.218,2.18458,-165.285
441.487,2.19642,-165.502
441.781,2.20955,-165.739
442.403,2.2367,-166.242
442.578,2.23881,-166.38
442.807,2.24559,-166.564
443.038,2.2566,-166.751
443.165,2.26395,-166.857
443.302,2.26969,-166.969
443.426,2.27497,-167.076
443.619,2.28564,-167.239
443.827,2.29743,-167.411
444.159,2.31194,-167.682
444.321,2.31788,-167.814
444.502,2.32725,-167.956
444.636,2.33874,-168.064
444.887,2.35452,-168.267
445.365,2.3774,-168.658
445.861,2.3949,-169.071
446.174,2.405,-169.338
446.396,2.41688,-169.524
446.616,2.43293,-169.714
447.025,2.45461,-170.056
447.266,2.46436,-170.255
447.499,2.46817,-170.456
447.761,2.47762,-170.69
448.038,2.49086,-170.931
447.97,2.48792,-170.894
448.058,2.49236,-170.989
448.257,2.50146,-171.164
448.638,2.52383,-171.488
449.106,2.54961,-171.874
449.6,2.57676,-172.284
450.092,2.60239,-172.697
450.454,2.61605,-172.996
450.954,2.64169,-173.414
451.45,2.67041,-173.827
451.948,2.69924,-174.24
452.428,2.72301,-174.627
452.884,2.74407,-174.993
453.387,2.76894,-175.391
453.605,2.78131,-175.558
454.158,2.80952,-175.998
454.654,2.8343,-176.389
455.009,2.85174,-176.668
455.095,2.85445,-176.742
455.562,2.88024,-177.114
456.049,2.90961,-177.497
456.548,2.93999,-177.894
457.028,2.96726,-178.28
457.464,2.98704,-178.632
457.933,3.00657,-179.01
458.409,3.02732,-179.393
458.894,3.05048,-179.785
459.092,3.06001,-179.947
459.575,3.08734,-180.335
460.045,3.11097,-180.71
460.496,3.13242,-181.078
460.935,3.1555,-181.438
461.396,3.17956,-181.816
461.885,3.20445,-182.214
462.367,3.22916,-182.601
462.818,3.2502,-182.961
463.134,3.26745,-183.216
463.132,3.26921,-183.218
462.102,3.21989,-182.409
462.612,3.24421,-182.824
463.124,3.26535,-183.236
463.625,3.28921,-183.645
464.132,3.31496,-184.054
464.643,3.34259,-184.464
465.158,3.37361,-184.874
465.653,3.4057,-185.266
465.933,3.42301,-185.487
466.444,3.44945,-185.886
466.967,3.47407,-186.291
467.479,3.49882,-186.69
468.011,3.52362,-187.108
468.552,3.54813,-187.533
469.084,3.5721,-187.949
469.83,3.60603,-188.534
470.359,3.63021,-188.952
472.373,3.72286,-190.529
474.399,3.8187,-192.116
476.428,3.91533,-193.705
478.458,4.01195,-195.296
480.483,4.107,-196.886
482.509,4.19996,-198.478
484.541,4.29198,-200.075
486.576,4.3837,-201.674
488.11,4.45352,-202.884
488.762,4.48456,-203.408
489.375,4.51335,-203.903
489.976,4.53786,-204.391
490.573,4.56266,-204.877
491.098,4.58849,-205.311
491.619,4.61787,-205.737
492.185,4.6503,-206.192
492.736,4.68118,-206.631
493.287,4.71286,-207.07
493.81,4.74368,-207.492
494.335,4.77235,-207.916
494.839,4.79902,-208.323
495.345,4.82383,-208.729
495.866,4.84862,-209.136
496.375,4.87466,-209.53
496.894,4.90086,-209.935
497.453,4.92623,-210.373
497.969,4.95029,-210.776
498.487,4.97203,-211.178
498.82,4.98549,-211.439
499.344,5.01147,-211.842
499.858,5.03737,-212.242
500.37,5.05948,-212.642
500.896,5.07936,-213.057
501.444,5.10597,-213.488
501.991,5.13738,-213.912
502.267,5.15835,-214.141
502.812,5.18574,-214.558
503.173,5.20038,-214.842
503.717,5.21778,-215.259
504.224,5.23684,-215.645
504.447,5.24834,-215.815
504.997,5.27207,-216.222
505.547,5.29435,-216.623
505.739,5.30316,-216.762
505.938,5.30879,-216.903
506.509,5.32768,-217.319
507.069,5.34572,-217.727
507.631,5.36536,-218.134
508.265,5.38746,-218.592
508.814,5.40996,-218.993
509.349,5.43068,-219.378
509.873,5.44947,-219.761
510.419,5.46765,-220.163
510.98,5.48729,-220.585
511.559,5.50662,-221.017
512.127,5.52709,-221.447
512.731,5.5524,-221.906
513.428,5.58288,-222.43
514.016,5.60785,-222.876
514.693,5.63082,-223.391
514.931,5.63592,-223.6
515.53,5.64881,-224.062
517.646,5.7095,-225.585
519.758,5.77197,-227.104
521.873,5.83619,-228.625
523.99,5.90105,-230.143
526.117,5.96692,-231.662
528.255,6.03375,-233.186
530.406,6.10092,-234.715
532.563,6.16977,-236.243
534.739,6.24048,-237.778
536.929,6.31377,-239.317
539.121,6.38789,-240.851
541.307,6.4616,-242.38
543.485,6.53392,-243.9
545.665,6.60883,-245.418
547.841,6.68321,-246.933
550.022,6.75961,-248.45
552.205,6.84057,-249.967
554.389,6.922,-251.487
556.575,7.00083,-253.008
556.737,7.01288,-253.129
556.615,7.01114,-253.073
556.567,7.0101,-253.057
556.516,7.00352,-253.036
556.306,6.98936,-252.93
556.06,6.9766,-252.82
556.023,6.9729,-252.841
556.141,6.98237,-252.983
556.164,6.98906,-253.063
556.158,6.99188,-253.109
556.141,6.99317,-253.151
556.212,6.99882,-253.264
555.981,6.98679,-253.164
555.747,6.97074,-253.042
555.539,6.95613,-252.921
555.345,6.94211,-252.796
555.161,6.92852,-252.67
554.99,6.91573,-252.556
554.798,6.90335,-252.44
554.605,6.89122,-252.326
554.408,6.87942,-252.212
554.189,6.86726,-252.086
553.986,6.85386,-251.967
553.808,6.84345,-251.859
553.623,6.83509,-251.754
553.489,6.83344,-251.653
553.351,6.82793,-251.57
553.223,6.82188,-251.494
553.106,6.81379,-251.423
553.044,6.80322,-251.349
552.946,6.79265,-251.269
552.857,6.78882,-251.195
552.776,6.78966,-251.108
552.694,6.78933,-251.047
552.638,6.78412,-251.02
552.587,6.7589,-250.983
552.534,6.72888,-250.957
552.477,6.71195,-250.932
552.413,6.70715,-250.907
552.365,6.70471,-250.9
552.287,6.69961,-250.875
552.218,6.69631,-250.863
552.149,6.69656,-250.85
552.082,6.6968,-250.833
552.015,6.69676,-250.821
551.95,6.69417,-250.805
551.88,6.68794,-250.78
551.801,6.67894,-250.746
551.722,6.66791,-250.72
551.621,6.64174,-250.626
551.519,6.61203,-250.536
551.414,6.57981,-250.447
551.319,6.54896,-250.394
551.221,6.51506,-250.293
551.095,6.47727,-250.118
551.515,6.48865,-250.285
551.931,6.51453,-250.525
552.932,6.57032,-251.07
553.59,6.60453,-251.434
554.278,6.64158,-251.811
554.712,6.66687,-252.051
554.723,6.66547,-252.063
555.377,6.70024,-252.428
556.065,6.73662,-252.819
556.726,6.77096,-253.205
557.453,6.80768,-253.628
558.416,6.86037,-254.156
559.316,6.91373,-254.651
560.98,7.00503,-255.536
563.093,7.11547,-256.648
565.208,7.22408,-257.76
567.331,7.33189,-258.875
569.463,7.44262,-259.993
571.603,7.55808,-261.112
573.762,7.67694,-262.237
575.927,7.79505,-263.363
578.098,7.90934,-264.493
580.33,8.02605,-265.658
582.672,8.14904,-266.877
585.013,8.27154,-268.101
587.052,8.37329,-269.18
588.761,8.45918,-270.111
590.499,8.54746,-271.065
592.391,8.64273,-272.093
594.294,8.74184,-273.097
596.126,8.84004,-274.059
597.951,8.9356,-275.03
599.776,9.03106,-275.967
601.634,9.12382,-276.924
603.539,9.21685,-277.904
605.38,9.30565,-278.854
607.331,9.40421,-279.851
609.314,9.5071,-280.861
611.339,9.61096,-281.89
612.981,9.6864,-282.734
614.879,9.77259,-283.694
616.736,9.85996,-284.629
618.652,9.95647,-285.591
620.573,10.0603,-286.547
622.509,10.1664,-287.504
624.471,10.2712,-288.471
626.439,10.3735,-289.443
628.543,10.4757,-290.498
630.483,10.5641,-291.674
632.281,10.6327,-292.754
634.04,10.7134,-293.748
635.861,10.8029,-294.776
637.841,10.904,-295.882
639.578,10.9912,-296.922
641.049,11.081,-297.957
642.664,11.1567,-298.913
644.395,11.2287,-299.841
646.151,11.3083,-300.733
648.077,11.3986,-301.643
650.009,11.4861,-302.559
651.987,11.5912,-303.488
653.963,11.7034,-304.416
655.954,11.8153,-305.36
657.907,11.9124,-306.288
659.869,12.0086,-307.21
661.865,12.108,-308.137
663.865,12.2096,-309.063
665.88,12.3121,-309.99
667.924,12.4192,-310.928
669.962,12.5271,-311.86
672.011,12.6331,-312.795
674.088,12.737,-313.738
676.17,12.8446,-314.678
678.246,12.952,-315.621
680.353,13.0591,-316.571
682.489,13.1642,-317.527
684.634,13.2684,-318.483
685.405,13.3073,-318.918
687.551,13.4058,-319.858
689.686,13.5017,-320.791
691.821,13.5992,-321.72
693.96,13.6979,-322.646
696.118,13.7982,-323.579
698.29,13.9004,-324.518
700.464,14.0013,-325.455
702.695,14.1048,-326.415
704.356,14.1886,-327.194
706.584,14.292,-328.148
708.83,14.3969,-329.112
711.067,14.5033,-330.075
713.3,14.6075,-331.036
715.548,14.7107,-332.004
717.803,14.8186,-332.976
720.057,14.9305,-333.947
722.324,15.0404,-334.924
724.592,15.1438,-335.901
726.883,15.2439,-336.888
729.178,15.3483,-337.874
731.483,15.46,-338.859
733.795,15.5799,-339.849
736.108,15.7011,-340.836
738.432,15.8214,-341.827
740.763,15.939,-342.822
743.091,16.0541,-343.815
745.425,16.1669,-344.809
747.77,16.2772,-345.804
750.118,16.3838,-346.797
752.467,16.4885,-347.788
754.828,16.5955,-348.782
757.188,16.7038,-349.775
759.566,16.8138,-350.77
761.937,16.925,-351.76
764.307,17.0359,-352.748
766.684,17.147,-353.738
769.071,17.2583,-354.727
771.464,17.3677,-355.715
773.857,17.4736,-356.698
776.25,17.5745,-357.678
778.662,17.6726,-358.659
781.081,17.7698,-359.637
783.503,17.8691,-360.611
785.926,17.9682,-361.581
788.34,18.0641,-362.542
790.774,18.1586,-363.516
793.222,18.2471,-364.489
795.64,18.3334,-365.448
798.05,18.4201,-366.407
800.415,18.5065,-367.345
802.734,18.594,-368.272
804.721,18.6843,-369.112
806.29,18.7722,-369.825
808.871,18.8727,-370.802
811.464,18.9761,-371.783
814.04,19.0755,-372.748
816.628,19.1646,-373.721
819.217,19.2397,-374.69
821.825,19.3025,-375.667
824.412,19.3659,-376.632
827.002,19.4367,-377.594
829.591,19.5125,-378.555
832.181,19.5913,-379.513
834.769,19.6708,-380.471
837.357,19.751,-381.428
839.938,19.8291,-382.378
842.513,19.9029,-383.323
845.083,19.9726,-384.265
847.657,20.0386,-385.207
850.223,20.103,-386.146
852.791,20.17,-387.084
855.35,20.2364,-388.013
857.905,20.302,-388.943
860.502,20.3684,-389.891
863.242,20.4339,-390.879
865.89,20.4915,-391.832
868.554,20.5477,-392.797
871.198,20.6013,-393.75
873.839,20.6578,-394.702
876.469,20.7166,-395.648
879.094,20.7756,-396.591
881.72,20.8327,-397.529
884.339,20.8894,-398.465
886.943,20.9427,-399.393
889.539,20.9907,-400.315
892.132,21.033,-401.238
894.726,21.0738,-402.16
897.312,21.1168,-403.078
899.892,21.1626,-403.991
902.469,21.2078,-404.9
905.044,21.25,-405.808
907.618,21.288,-406.713
910.184,21.3224,-407.616
912.742,21.3539,-408.514
915.292,21.3842,-409.409
917.836,21.4165,-410.301
920.364,21.4485,-411.182
922.894,21.4792,-412.062
925.414,21.5089,-412.938
927.922,21.5383,-413.809
930.425,21.5678,-414.676
932.923,21.5968,-415.541
935.419,21.625,-416.404
937.92,21.6514,-417.269
940.422,21.6761,-418.132
942.925,21.6985,-418.992
945.427,21.7175,-419.847
947.92,21.7325,-420.699
950.417,21.7434,-421.547
952.924,21.7544,-422.396
955.423,21.7664,-423.239
957.92,21.7794,-424.08
960.417,21.7923,-424.92
962.916,21.8058,-425.758
965.418,21.8177,-426.594
967.934,21.8279,-427.434
970.456,21.8363,-428.273
972.977,21.8438,-429.109
975.497,21.8475,-429.941
978.018,21.8492,-430.77
980.532,21.8476,-431.596
983.048,21.8448,-432.421
985.563,21.8423,-433.241
988.086,21.8416,-434.06
990.606,21.8399,-434.876
993.125,21.8358,-435.689
995.643,21.8274,-436.501
998.163,21.8168,-437.315
1000.68,21.8028,-438.122
1003.19,21.7901,-438.926
1005.69,21.7777,-439.725
1008.18,21.7641,-440.518
1010.67,21.7493,-441.308
1013.15,21.7358,-442.096
1015.64,21.7209,-442.885
1018.13,21.7053,-443.671
1020.62,21.6906,-444.456
1023.12,21.6763,-445.242
1025.61,21.6628,-446.021
1028.11,21.6508,-446.8
1030.61,21.6386,-447.58
1033.1,21.6248,-448.353
1035.59,21.6104,-449.124
1038.09,21.5952,-449.896
1040.58,21.5776,-450.664
1043.07,21.5594,-451.429
1045.56,21.5421,-452.194
1048.05,21.5256,-452.957
1050.54,21.5111,-453.719
1053.02,21.4998,-454.48
1055.51,21.4904,-455.242
1057.99,21.4816,-456.002
1060.47,21.4729,-456.761
1062.94,21.4641,-457.516
1065.39,21.457,-458.267
1067.85,21.4504,-459.015
1070.29,21.4407,-459.76
1072.73,21.43,-460.504
1075.16,21.4235,-461.246
1077.6,21.4216,-461.986
1080.03,21.4206,-462.722
1082.46,21.4163,-463.455
1084.88,21.4105,-464.183
1087.29,21.4044,-464.909
1089.7,21.399,-465.629
1092.1,21.396,-466.346
1094.49,21.3962,-467.059
1096.87,21.3969,-467.766
1099.25,21.3941,-468.469
1101.62,21.3853,-469.169
1104,21.3743,-469.867
1106.36,21.3673,-470.56
1108.73,21.3674,-471.251
1111.09,21.3731,-471.937
1113.44,21.3769,-472.617
1115.77,21.3756,-473.294
1116.83,21.3721,-473.593
1117.17,21.3684,-473.678
1117.83,21.3641,-473.857
1118.63,21.3619,-474.075
1119.1,21.3595,-474.188
1119.87,21.3596,-474.398
1120.07,21.3574,-474.428
1119.97,21.3538,-474.377
1119.99,21.3508,-474.369
1119.62,21.3484,-474.254
1119.75,21.3502,-474.285
1120.27,21.3519,-474.436
1120.42,21.3529,-474.476
1120.77,21.3555,-474.575
1121.81,21.3594,-474.89
1122.65,21.3619,-475.148
1123.12,21.3633,-475.296
1123.54,21.3646,-475.433
1123.95,21.365,-475.567
1126.15,21.371,-476.242
1128.34,21.3783,-476.922
1130.54,21.3872,-477.609
1132.73,21.396,-478.299
1134.93,21.4048,-478.995
1137.13,21.4122,-479.701
1139.33,21.4189,-480.412
1141.53,21.4263,-481.129
1143.72,21.4363,-481.853
1145.9,21.4494,-482.578
1148.08,21.4633,-483.31
1150.27,21.477,-484.049
1152.45,21.4907,-484.791
1154.63,21.5051,-485.536
1156.8,21.5196,-486.285
1158.98,21.5332,-487.038
1160.9,21.5456,-487.719
1163.05,21.556,-488.462
1165.2,21.5631,-489.204
1167.34,21.568,-489.949
1169.49,21.5711,-490.695
1171.63,21.5726,-491.444
1173.78,21.5742,-492.192
1175.92,21.5773,-492.935
1178.04,21.5801,-493.674
1180.01,21.5827,-494.367
1182.1,21.5877,-495.09
1184.19,21.595,-495.814
1186.27,21.6078,-496.531
1188.35,21.629,-497.24
1190.45,21.6531,-497.954
1192.48,21.6742,-498.645
1193.56,21.6771,-499.063
1194.56,21.6641,-499.459
1195.52,21.6499,-499.835
1196.5,21.6518,-500.214
1196.35,21.6471,-500.252
1196.02,21.6426,-500.223
1195.92,21.6385,-500.257
1195.96,21.6387,-500.329
1196.11,21.6401,-500.429
1195.72,21.6413,-500.356
1195.34,21.6414,-500.28
1194.96,21.64,-500.202
1194.98,21.6413,-500.234
1195.15,21.6432,-500.31
1195.9,21.6523,-500.548
1197.04,21.6651,-500.898
1197.85,21.6729,-501.159
1198.65,21.6791,-501.413
1199.46,21.6858,-501.671
1198.98,21.6759,-501.567
1198.5,21.6712,-501.465
1198.02,21.6651,-501.358
1197.55,21.6647,-501.259
1197.07,21.662,-501.158
1196.58,21.6586,-501.049
1196.09,21.6578,-500.932
1195.6,21.6633,-500.825
1195.12,21.6677,-500.712
1194.63,21.6647,-500.599
1194.15,21.6554,-500.479
1194.11,21.6454,-500.473
1194.06,21.6413,-500.456
1194.85,21.6495,-500.659
1196.73,21.6691,-501.161
1198.64,21.6899,-501.666
1200.55,21.7095,-502.167
1202.47,21.7269,-502.668
1204.39,21.7452,-503.165
1206.32,21.7623,-503.663
1208.24,21.7785,-504.161
1210.18,21.7945,-504.661
1212.1,21.8072,-505.16
1214.03,21.8206,-505.658
1215.95,21.8369,-506.153
1217.87,21.8569,-506.646
1219.79,21.8773,-507.137
1221.71,21.8973,-507.629
1223.63,21.9155,-508.118
1225.55,21.9342,-508.613
1227.46,21.9549,-509.108
1229.37,21.9772,-509.601
1231.27,22.0011,-510.095
1233.17,22.0268,-510.588
1235.05,22.0545,-511.084
1236.93,22.0834,-511.581
1238.79,22.1135,-512.081
1240.63,22.1452,-512.579
1242.46,22.177,-513.076
1244.28,22.2078,-513.571
1246.07,22.2374,-514.063
1247.85,22.2651,-514.552
1249.61,22.2928,-515.039
1251.36,22.3199,-515.523
1253.1,22.3469,-516.008
1254.82,22.3736,-516.492
1256.52,22.4004,-516.978
1258.21,22.427,-517.462
1259.88,22.4534,-517.945
1261.53,22.4795,-518.427
1263.17,22.5054,-518.909
1264.79,22.5327,-519.395
1266.39,22.5615,-519.888
1267.97,22.592,-520.386
1269.54,22.622,-520.891
1271.08,22.6524,-521.407
1272.6,22.6826,-521.939
1274.1,22.7128,-522.49
1275.59,22.7451,-523.06
1277.05,22.78,-523.652
1278.49,22.817,-524.264
1279.92,22.8565,-524.897
1281.33,22.8982,-525.55
1282.71,22.9406,-526.227
1284.08,22.9859,-526.928
1285.43,23.0331,-527.657
1286.76,23.0867,-528.413
1288.08,23.1436,-529.196
1289.38,23.2034,-530.009
1290.65,23.2645,-530.847
1291.9,23.327,-531.717
1293.14,23.3914,-532.619
1294.34,23.4593,-533.553
1295.52,23.5328,-534.518
1296.68,23.6115,-535.511
1297.8,23.6947,-536.532
1298.9,23.7801,-537.579
1299.96,23.8662,-538.656
1301,23.9518,-539.76
1302.01,24.0388,-540.892
1302.99,24.1289,-542.054
1303.93,24.2224,-543.242
1304.84,24.3187,-544.453
1305.71,24.4165,-545.691
1306.55,24.5156,-546.956
1307.35,24.6165,-548.245
1308.12,24.7205,-549.554
1308.84,24.8277,-550.882
1309.53,24.9366,-552.228
1310.18,25.048,-553.596
1310.79,25.1615,-554.983
1311.37,25.2768,-556.387
1311.9,25.395,-557.807
1312.4,25.5161,-559.244
1312.86,25.6375,-560.692
1313.28,25.7612,-562.154
1313.66,25.8853,-563.63
1314,26.0098,-565.114
1314.3,26.1367,-566.613
1314.57,26.2656,-568.123
1314.8,26.3963,-569.643
1314.99,26.5294,-571.172
1315.14,26.6615,-572.71
1315.26,26.7928,-574.253
1315.33,26.9232,-575.807
1315.36,27.0523,-577.369
1315.34,27.1841,-578.94
1315.29,27.3176,-580.516
1315.19,27.4546,-582.092
1315.04,27.5926,-583.665
1314.85,27.7311,-585.242
1314.62,27.8694,-586.819
1314.33,28.0085,-588.397
1314.01,28.1491,-589.976
1313.63,28.2897,-591.546
1313.21,28.4313,-593.111
1312.75,28.5723,-594.665
1312.23,28.713,-596.212
1311.67,28.8525,-597.741
1311.06,28.9937,-599.261
1310.4,29.1354,-600.766
1309.7,29.2772,-602.253
1308.95,29.4189,-603.717
1308.17,29.5598,-605.159
1307.34,29.6997,-606.579
1306.46,29.839,-607.977
1305.54,29.9781,-609.351
1304.58,30.118,-610.701
1303.57,30.257,-612.022
1302.52,30.3936,-613.318
1301.43,30.5284,-614.586
1300.3,30.6601,-615.826
1299.13,30.7911,-617.04
1297.92,30.9214,-618.226
1296.67,31.0526,-619.38
1295.39,31.1819,-620.5
1294.07,31.311,-621.59
1292.72,31.4388,-622.649
1291.33,31.5658,-623.674
1289.91,31.6921,-624.673
1288.48,31.8154,-625.635
1287,31.9395,-626.57
1285.51,32.0628,-627.471
1283.99,32.1853,-628.335
1282.45,32.3073,-629.172
1280.89,32.4256,-629.975
1279.31,32.5421,-630.747
1277.71,32.6585,-631.492
1276.09,32.7742,-632.212
1274.47,32.8878,-632.908
1272.82,32.9995,-633.584
1271.17,33.1077,-634.238
1269.51,33.2154,-634.875
1267.83,33.3219,-635.493
1266.14,33.4288,-636.098
1264.44,33.5332,-636.684
1262.73,33.6404,-637.257
1261.02,33.7478,-637.816
1259.3,33.8553,-638.364
1257.58,33.9616,-638.903
1255.86,34.0674,-639.432
1254.14,34.172,-639.953
1252.42,34.2761,-640.464
1250.7,34.3797,-640.968
1248.98,34.4829,-641.463
1247.27,34.5851,-641.953
1245.56,34.6879,-642.439
1243.84,34.7888,-642.923
1242.12,34.8889,-643.403
1240.4,34.9884,-643.881
1238.69,35.0884,-644.354
1236.97,35.1893,-644.827
1235.26,35.292,-645.297
1233.55,35.3959,-645.765
1231.84,35.5002,-646.23
1230.13,35.6041,-646.693
1228.43,35.7075,-647.153
1226.73,35.8099,-647.61
1225.04,35.9111,-648.062
1223.36,36.0119,-648.51
1221.69,36.1093,-648.953
1220.03,36.2043,-649.391
1218.37,36.295,-649.826
1216.72,36.3845,-650.256
1215.07,36.4708,-650.679
1213.43,36.558,-651.097
1211.8,36.6434,-651.506
1210.18,36.7278,-651.904
1208.57,36.8102,-652.288
1206.96,36.8914,-652.655
1205.35,36.9714,-653.004
1203.76,37.0501,-653.334
1202.18,37.1263,-653.641
1200.6,37.2006,-653.923
1199.04,37.2726,-654.177
1197.48,37.3403,-654.401
1195.93,37.4045,-654.594
1194.39,37.464,-654.753
1192.85,37.5204,-654.88
1191.32,37.5745,-654.97
1189.8,37.6271,-655.024
1188.28,37.6777,-655.039
1186.76,37.7261,-655.012
1185.24,37.7707,-654.94
1183.73,37.8111,-654.82
1182.22,37.8461,-654.659
1180.73,37.8775,-654.452
1179.23,37.9052,-654.2
1177.75,37.9313,-653.9
1176.28,37.955,-653.552
1174.83,37.9765,-653.156
1173.39,37.9925,-652.709
1171.96,38.0057,-652.209
1170.56,38.0136,-651.659
1169.17,38.0189,-651.06
1167.8,38.0191,-650.414
1166.46,38.0173,-649.719
1165.15,38.0113,-648.979
1163.87,38.0041,-648.192
1162.62,37.9916,-647.361
1161.4,37.9739,-646.485
1160.22,37.9522,-645.564
1159.07,37.9233,-644.609
1157.95,37.8907,-643.601
1156.87,37.8526,-642.555
1155.82,37.811,-641.474
1154.81,37.7619,-640.349
1153.83,37.7094,-639.192
1152.88,37.654,-637.992
1151.96,37.5976,-636.757
1151.08,37.5426,-635.496
1150.23,37.4781,-634.2
1149.42,37.4141,-632.882
1148.64,37.3424,-631.538
1147.91,37.2723,-630.164
1147.21,37.2014,-628.765
1146.57,37.1292,-627.344
1145.98,37.045,-625.909
1145.44,36.9457,-624.439
1144.94,36.8441,-622.938
1144.49,36.7496,-621.405
1144.09,36.6593,-619.853
1143.74,36.5714,-618.284
1143.45,36.4669,-616.71
1143.2,36.3633,-615.105
1143.01,36.2444,-613.499
1142.87,36.1272,-611.838
1142.77,35.997,-610.171
1142.72,35.8793,-608.491
1142.75,35.7306,-606.821
1142.23,35.6263,-606.883
1142.29,35.4651,-605.01
1142.24,35.2892,-603.489
1142.3,35.1107,-601.832
1142.2,34.9283,-600.287
1142.26,34.7383,-598.715
1142.32,34.5619,-597.164
1142.62,34.357,-595.559
1142.77,34.1695,-594.016
1142.97,33.9855,-592.467
1143.15,33.8108,-591.008
1143.32,33.6404,-589.579
1143.53,33.4761,-588.167
1143.75,33.3027,-586.781
1143.99,33.153,-585.568
1144.21,32.9989,-584.353
1144.45,32.8483,-583.16
1144.7,32.7063,-581.938
1144.93,32.5486,-580.688
1145.17,32.4021,-579.475
1145.4,32.2513,-578.235
1145.62,32.0941,-576.978
1145.86,31.9384,-575.709
1146.17,31.7973,-574.38
1146.53,31.6697,-573.043
1146.89,31.53,-571.691
1147.18,31.3738,-570.379
