-0,-0,-0
-0.00921638,-0.00110163,0.0906684
-0.0230538,-0.00255919,0.182335
-0.0355377,-0.00454145,0.277367
-0.0532837,-0.00506146,0.3784
-0.0756861,-0.00565403,0.48893
-0.0982709,-0.00664297,0.612399
-0.12729,-0.00711342,0.748082
-0.159351,-0.00924103,0.894022
-0.198624,-0.0116747,1.05025
-0.248599,-0.0151431,1.21454
-0.312717,-0.0193797,1.38155
-0.382607,-0.0250935,1.55371
-0.457944,-0.0310759,1.73285
-0.533623,-0.0349485,1.91628
-0.619451,-0.038505,2.10177
-0.715602,-0.0404076,2.29151
-0.816879,-0.0424481,2.48106
-0.928227,-0.0445586,2.66847
-1.04579,-0.0447691,2.85291
-1.16863,-0.0432976,3.03939
-1.29523,-0.0424991,3.22665
-1.43376,-0.0446372,3.41369
-1.59489,-0.0490952,3.59637
-1.77967,-0.0547963,3.77164
-1.97594,-0.058691,3.94227
-2.18165,-0.0610911,4.11039
-2.3987,-0.0608722,4.28137
-2.63583,-0.0598302,4.44602
-2.89551,-0.0601612,4.5971
-3.17458,-0.058135,4.74077
-3.47292,-0.0525849,4.87405
-3.79499,-0.0446184,4.99133
-4.13281,-0.0355321,5.09304
-4.48496,-0.0299798,5.17873
-4.84957,-0.0289046,5.2464
-5.22595,-0.0286645,5.30206
-5.61026,-0.0275177,5.34066
-6.01493,-0.0233664,5.35578
-6.44005,-0.0147005,5.35736
-6.88215,-0.00580207,5.34995
-7.3402,0.00121329,5.33342
-7.81769,0.00595484,5.30491
-8.30764,0.01051,5.26395
-8.81555,0.019074,5.21739
-9.33757,0.0291449,5.16605
-9.87938,0.0355396,5.11005
-10.4356,0.037256,5.04607
-11.0068,0.0380629,4.97666
-11.5965,0.0444743,4.90685
-12.2036,0.0553959,4.83958
-12.8268,0.0641636,4.77193
-13.4666,0.0686937,4.70292
-14.1201,0.0755348,4.6307
-14.7858,0.0852044,4.55974
-15.4679,0.0979892,4.49163
-16.1732,0.111887,4.42274
-16.8962,0.123315,4.34687
-17.629,0.132392,4.27261
-18.376,0.148917,4.19316
-19.1357,0.166566,4.11163
-19.9161,0.184474,4.02769
-20.7032,0.199122,3.95435
-21.4944,0.211129,3.88299
-22.2918,0.222618,3.80979
-23.0936,0.23363,3.73421
-23.9009,0.24167,3.66069
-24.7175,0.252401,3.58923
-25.5466,0.261243,3.51312
-26.388,0.266634,3.43193
-27.2367,0.277159,3.35017
-28.0839,0.288259,3.26676
-28.9256,0.299919,3.18416
-29.7644,0.313659,3.10463
-30.5992,0.328943,3.02439
-31.437,0.344111,2.9442
-32.2755,0.356104,2.86605
-33.1142,0.366191,2.78319
-33.9454,0.378292,2.70195
-34.7767,0.389191,2.62133
-35.6146,0.397494,2.54099
-36.454,0.403933,2.45945
-37.2969,0.414876,2.38237
-38.1386,0.430015,2.30664
-38.9789,0.44428,2.22737
-39.8109,0.462563,2.15062
-40.635,0.481482,2.07401
-41.4607,0.495175,1.99426
-42.2891,0.507908,1.90798
-43.1236,0.520435,1.82227
-43.9513,0.525866,1.74363
-44.7762,0.533434,1.66991
-45.5986,0.541294,1.59518
-46.4234,0.546829,1.51391
-47.2509,0.552216,1.43474
-48.0699,0.55944,1.35608
-48.8807,0.568798,1.27447
-49.6775,0.57539,1.18427
-50.48,0.583174,1.08843
-51.2758,0.590315,0.993801
-52.0712,0.593709,0.903
-52.8593,0.598246,0.816733
-53.6404,0.603398,0.726691
-54.4169,0.608791,0.638146
-55.1977,0.617319,0.549977
-55.9729,0.626097,0.46295
-56.7429,0.634859,0.373903
-57.5055,0.64537,0.288109
-58.2589,0.656752,0.202609
-59.0019,0.667542,0.117559
-59.7371,0.677709,0.030428
-60.4611,0.685927,-0.0565039
-61.1751,0.692447,-0.14194
-61.8762,0.6962,-0.225826
-62.5596,0.699424,-0.299725
-63.2287,0.703907,-0.36658
-63.8875,0.708308,-0.427579
-64.529,0.712794,-0.483888
-65.1535,0.717778,-0.531137
-65.7655,0.724905,-0.568206
-66.3587,0.73123,-0.588243
-66.9266,0.736991,-0.590104
-67.4725,0.741932,-0.567364
-68.0015,0.748161,-0.528079
-68.5085,0.754167,-0.467651
-68.9969,0.760292,-0.385623
-69.4698,0.765134,-0.281376
-69.9317,0.769257,-0.156772
-70.3799,0.77113,-0.00437779
-70.7992,0.770713,0.167404
-71.2105,0.774874,0.356189
-71.612,0.784683,0.566469
-72.0005,0.79324,0.792007
-72.3755,0.798835,1.0452
-72.7291,0.80344,1.32677
-73.0628,0.805298,1.63258
-73.388,0.808248,1.94051
-73.694,0.812193,2.25533
-73.986,0.818076,2.59354
-74.2698,0.823182,2.96053
-74.5461,0.828545,3.36441
-74.8077,0.835501,3.80028
-75.0485,0.834749,4.25306
-75.2802,0.828202,4.74038
-75.4923,0.823104,5.24413
-75.6884,0.819093,5.761
-75.8724,0.814385,6.30072
-76.0403,0.805776,6.86305
-76.1974,0.797888,7.44295
-76.3514,0.793965,8.04286
-76.5041,0.790072,8.66075
-76.6544,0.788068,9.29177
-76.8006,0.784016,9.93988
-76.932,0.780895,10.6019
-77.0569,0.777777,11.2804
-77.1785,0.778807,11.9797
-77.2936,0.777703,12.6932
-77.4024,0.771347,13.4181
-77.5047,0.763158,14.1489
-77.5994,0.758579,14.8912
-77.6927,0.753273,15.654
-77.7842,0.743907,16.4229
-77.8772,0.732326,17.1928
-77.9609,0.725402,17.9638
-78.0374,0.722097,18.7261
-78.1126,0.718584,19.4901
-78.1848,0.716706,20.2568
-78.2546,0.712504,21.0251
-78.3205,0.708517,21.7901
-78.3848,0.702473,22.5457
-78.4548,0.69718,23.2965
-78.5234,0.68752,24.0481
-78.5901,0.676331,24.804
-78.6575,0.661874,25.5626
-78.7285,0.645394,26.3252
-78.7973,0.630777,27.0886
-78.856,0.622168,27.8501
-78.9092,0.609822,28.6046
-78.9614,0.59914,29.357
-79.0185,0.592499,30.1098
-79.0682,0.58485,30.862
-79.1219,0.576884,31.6234
-79.1841,0.571243,32.396
-79.2438,0.564471,33.1746
-79.3014,0.556621,33.9544
-79.3586,0.551594,34.7397
-79.4255,0.545775,35.5295
-79.4996,0.536189,36.3258
-79.5714,0.52733,37.1226
-79.6408,0.519185,37.925
-79.714,0.508922,38.7333
-79.7887,0.494892,39.5605
-79.8631,0.479894,40.3867
-79.9417,0.470058,41.2212
-80.023,0.459717,42.0579
-80.1054,0.450014,42.9102
-80.1875,0.44262,43.7644
-80.2725,0.437883,44.6225
-80.3546,0.433595,45.4854
-80.4303,0.426685,46.3485
-80.5024,0.418149,47.2201
-80.5765,0.411561,48.0924
-80.6487,0.400516,48.9653
-80.7176,0.390268,49.8406
-80.7889,0.37936,50.7084
-80.8633,0.366798,51.5751
-80.9398,0.353916,52.4354
-81.0133,0.339322,53.291
-81.0915,0.319855,54.137
-81.1646,0.29837,54.9881
-81.2304,0.282877,55.8405
-81.2996,0.263833,56.6968
-81.3691,0.248569,57.5505
-81.4357,0.240757,58.3925
-81.4992,0.2305,59.2323
-81.5707,0.217173,60.0641
-81.6482,0.200954,60.8887
-81.7313,0.184386,61.7102
-81.8137,0.166587,62.5232
-81.9009,0.144426,63.3322
-81.9949,0.121967,64.1394
-82.0906,0.103566,64.9441
-82.1889,0.0825962,65.7468
-82.2858,0.0634954,66.5461
-82.3838,0.0489988,67.3399
-82.4868,0.0380058,68.1282
-82.5912,0.0274376,68.9148
-82.7025,0.0168162,69.6913
-82.8262,0.00712629,70.4624
-82.9509,-0.000733351,71.2284
-83.075,-0.0105079,71.9946
-83.2075,-0.0220282,72.7601
-83.3453,-0.0289713,73.5255
-83.4835,-0.0383758,74.2843
-83.6243,-0.0526136,75.0395
-83.7686,-0.0598333,75.7887
-83.9173,-0.0655648,76.5295
-84.0747,-0.0755534,77.2664
-84.2431,-0.0878772,78.0042
-84.422,-0.0922788,78.743
-84.6096,-0.0984224,79.4725
-84.8044,-0.104674,80.1977
-85.0095,-0.111206,80.9063
-85.2186,-0.1161,81.6061
-85.4342,-0.117528,82.3106
-85.6593,-0.11992,83.026
-85.9016,-0.130496,83.7421
-86.1559,-0.135262,84.4552
-86.4084,-0.136249,85.1581
-86.6701,-0.138491,85.8594
-86.935,-0.146525,86.5498
-87.2071,-0.15251,87.2481
-87.4924,-0.161028,87.9525
-87.7831,-0.175452,88.6452
-88.0797,-0.189462,89.3441
-88.3796,-0.19443,90.0471
-88.6935,-0.199359,90.7542
-89.0211,-0.209203,91.4527
-89.3515,-0.212981,92.1389
-89.6703,-0.213124,92.8229
-89.9862,-0.215919,93.5148
-90.3159,-0.220899,94.205
-90.6567,-0.229274,94.8957
-90.9981,-0.237954,95.5938
-91.3363,-0.249378,96.2881
-91.6798,-0.257854,96.9689
-92.0303,-0.264616,97.6542
-92.3836,-0.275803,98.3368
-92.7457,-0.290544,99.0247
-93.1083,-0.304438,99.7072
-93.472,-0.317235,100.386
-93.8347,-0.330162,101.062
-94.1988,-0.341978,101.733
-94.5666,-0.353713,102.401
-94.9388,-0.366031,103.059
-95.3115,-0.379763,103.716
-95.6804,-0.394248,104.365
-96.0475,-0.411644,105.007
-96.4222,-0.426606,105.649
-96.7956,-0.439945,106.284
-97.1684,-0.453183,106.917
-97.5396,-0.466532,107.544
-97.9038,-0.477356,108.158
-98.2593,-0.481331,108.756
-98.6141,-0.48626,109.338
-98.9629,-0.491429,109.904
-99.3052,-0.497391,110.456
-99.6364,-0.502734,110.992
-99.9601,-0.512458,111.508
-100.273,-0.521364,112.008
-100.572,-0.528767,112.489
-100.859,-0.535685,112.954
-101.135,-0.542184,113.396
-101.406,-0.550349,113.812
-101.664,-0.557526,114.212
-101.907,-0.559478,114.601
-102.142,-0.565349,114.969
-102.375,-0.570875,115.315
-102.607,-0.577573,115.64
-102.83,-0.584259,115.948
-103.043,-0.590303,116.242
-103.241,-0.595213,116.518
-103.427,-0.599048,116.777
-103.606,-0.601684,117.017
-103.782,-0.604363,117.24
-103.956,-0.607636,117.443
-104.128,-0.611662,117.629
-104.295,-0.615972,117.8
-104.458,-0.618804,117.958
-104.615,-0.619388,118.103
-104.775,-0.618257,118.238
-104.944,-0.617918,118.366
-105.111,-0.61762,118.496
-105.276,-0.614746,118.631
-105.445,-0.613468,118.761
-105.622,-0.612933,118.879
-105.807,-0.61038,118.988
-105.994,-0.607957,119.092
-106.182,-0.606336,119.191
-106.375,-0.605506,119.279
-106.571,-0.604544,119.36
-106.769,-0.606195,119.437
-106.969,-0.608196,119.51
-107.185,-0.608146,119.577
-107.419,-0.603932,119.641
-107.672,-0.598998,119.697
-107.946,-0.592315,119.747
-108.238,-0.584935,119.785
-108.543,-0.577335,119.816
-108.864,-0.571387,119.831
-109.199,-0.564684,119.827
-109.548,-0.558358,119.805
-109.914,-0.549843,119.771
-110.286,-0.544267,119.716
-110.67,-0.537605,119.642
-111.065,-0.528066,119.543
-111.47,-0.51693,119.419
-111.885,-0.505602,119.273
-112.308,-0.49422,119.104
-112.739,-0.485704,118.91
-113.173,-0.476768,118.686
-113.612,-0.468205,118.434
-114.05,-0.459638,118.157
-114.49,-0.451496,117.848
-114.94,-0.443,117.517
-115.395,-0.434931,117.161
-115.865,-0.425523,116.786
-116.345,-0.415745,116.392
-116.835,-0.406813,115.986
-117.335,-0.398085,115.566
-117.846,-0.389149,115.126
-118.364,-0.379,114.674
-118.893,-0.367457,114.206
-119.436,-0.355931,113.727
-119.987,-0.344368,113.237
-120.548,-0.331925,112.736
-121.123,-0.318638,112.223
-121.707,-0.306402,111.698
-122.303,-0.293427,111.164
-122.915,-0.27988,110.616
-123.54,-0.264882,110.055
-124.171,-0.25083,109.483
-124.813,-0.237946,108.901
-125.462,-0.224551,108.315
-126.118,-0.208693,107.721
-126.786,-0.191875,107.115
-127.466,-0.177017,106.502
-128.153,-0.165384,105.88
-128.843,-0.155266,105.248
-129.54,-0.147124,104.609
-130.242,-0.140001,103.959
-130.957,-0.136103,103.296
-131.677,-0.133439,102.629
-132.409,-0.130832,101.954
-133.139,-0.125912,101.283
-133.867,-0.120483,100.614
-134.595,-0.114465,99.9451
-135.32,-0.107524,99.2768
-136.043,-0.0987718,98.6054
-136.777,-0.0882154,97.9326
-137.505,-0.0762242,97.2609
-138.233,-0.0658035,96.5871
-138.963,-0.056199,95.9182
-139.692,-0.0440991,95.2411
-140.415,-0.0334188,94.5689
-141.131,-0.0221203,93.889
-141.854,-0.0140239,93.214
-142.575,-0.0076108,92.5443
-143.297,1.38071e-05,91.8695
-144.014,0.00720641,91.1966
-144.734,0.0147545,90.5178
-145.451,0.0209845,89.8482
-146.174,0.0278448,89.1748
-146.892,0.0354378,88.5049
-147.615,0.0410713,87.8387
-148.335,0.0469815,87.1766
-149.061,0.057826,86.5132
-149.788,0.0707195,85.85
-150.512,0.0840887,85.1868
-151.23,0.100647,84.5274
-151.948,0.116679,83.8679
-152.667,0.128691,83.205
-153.388,0.139763,82.5416
-154.107,0.150143,81.8837
-154.822,0.162394,81.2274
-155.528,0.173966,80.5747
-156.232,0.185669,79.9221
-156.942,0.198013,79.2657
-157.65,0.212512,78.6098
-158.355,0.228841,77.9568
-159.052,0.244951,77.3103
-159.748,0.26006,76.6616
-160.442,0.274872,76.0119
-161.13,0.286832,75.3654
-161.818,0.298606,74.7219
-162.506,0.310932,74.0788
-163.196,0.323275,73.4378
-163.886,0.335696,72.803
-164.574,0.347835,72.1677
-165.257,0.359826,71.5377
-165.945,0.372638,70.9061
-166.633,0.385256,70.2813
-167.314,0.396186,69.6592
-167.986,0.405636,69.0437
-168.66,0.416355,68.4295
-169.327,0.425352,67.8195
-169.989,0.430544,67.2074
-170.649,0.434684,66.6023
-171.298,0.437978,66.0098
-171.938,0.441743,65.4249
-172.57,0.446542,64.8471
-173.19,0.449403,64.2839
-173.804,0.451113,63.7247
-174.409,0.453915,63.1769
-175.007,0.457292,62.6393
-175.604,0.463147,62.1009
-176.187,0.468254,61.571
-176.768,0.472941,61.0477
-177.33,0.478329,60.5359
-177.889,0.484933,60.0307
-178.593,0.492131,59.5553
-179.29,0.511219,59.0904
-180.037,0.523789,58.6023
-180.825,0.501085,58.0042
-181.309,0.505973,57.5381
-181.783,0.51299,57.0754
-182.238,0.519185,56.6164
-182.68,0.524882,56.1583
-183.105,0.528126,55.7018
-183.517,0.531417,55.2427
-183.91,0.534794,54.7863
-184.283,0.53735,54.3263
-184.632,0.538845,53.8602
-184.954,0.540201,53.389
-185.25,0.540588,52.9137
-185.52,0.540186,52.4376
-185.77,0.540833,51.9578
-185.995,0.542223,51.479
-186.185,0.542446,50.9972
-186.344,0.543769,50.5134
-186.474,0.541141,50.0457
-186.585,0.539033,49.575
-186.675,0.534454,49.1044
-186.75,0.531849,48.6316
-186.805,0.531949,48.1556
-186.829,0.529282,47.6785
-186.836,0.527332,47.197
-186.803,0.523209,46.7205
-186.756,0.522552,46.2442
-186.694,0.525563,45.7772
-186.608,0.528546,45.3203
-186.494,0.528521,44.8745
-186.353,0.524781,44.441
-186.186,0.526281,44.0203
-186.003,0.5328,43.6098
-185.806,0.540011,43.2038
-185.582,0.543791,42.802
-185.328,0.543833,42.4098
-185.057,0.542934,42.0218
-184.779,0.543099,41.6366
-184.492,0.543499,41.2562
-184.189,0.543625,40.8856
-183.872,0.545999,40.5189
-183.546,0.549222,40.1523
-183.211,0.552513,39.7814
-182.869,0.553869,39.4106
-182.518,0.554916,39.0378
-182.16,0.55753,38.6626
-181.798,0.561021,38.2805
-181.429,0.563164,37.8888
-181.053,0.563438,37.4898
-180.663,0.561271,37.0905
-180.262,0.559863,36.6876
-179.849,0.562306,36.2712
-179.433,0.566355,35.8359
-179.011,0.566264,35.3897
-178.577,0.562051,34.9368
-178.128,0.560009,34.4806
-177.671,0.562605,34.0118
-177.204,0.560377,33.5266
-176.725,0.554909,33.0219
-176.226,0.548646,32.5068
-175.714,0.543049,31.987
-175.194,0.536213,31.4536
-174.664,0.532757,30.9046
-174.126,0.532794,30.3466
-173.573,0.534305,29.7739
-173.006,0.533419,29.1918
-172.431,0.534941,28.6053
-171.85,0.539706,28.0038
-171.262,0.544282,27.3883
-170.661,0.545596,26.7629
-170.054,0.549301,26.123
-169.441,0.55185,25.4823
-168.822,0.556032,24.8334
-168.197,0.560266,24.1717
-167.562,0.560697,23.5044
-166.915,0.559972,22.8236
-166.267,0.557441,22.1388
-165.615,0.556656,21.4466
-164.963,0.555681,20.753
-164.318,0.557242,20.0558
-163.677,0.558613,19.3569
-163.031,0.55967,18.6717
-162.382,0.565788,17.9846
-161.734,0.573159,17.298
-161.083,0.581512,16.6142
-160.441,0.585471,15.9482
-159.802,0.58775,15.2903
-159.167,0.586361,14.6285
-158.53,0.580605,13.9671
-157.895,0.574574,13.3041
-157.265,0.569321,12.6415
-156.636,0.567442,11.9809
-156.013,0.564845,11.3182
-155.4,0.561748,10.6525
-154.803,0.559175,9.98084
-154.219,0.559144,9.30206
-153.654,0.561859,8.60612
-153.105,0.564193,7.89598
-152.579,0.569651,7.17475
-152.078,0.577984,6.44986
-151.599,0.589595,5.69782
-151.143,0.599356,4.93922
-150.716,0.611762,4.15476
-150.321,0.61998,3.37856
-149.949,0.625917,2.59602
-149.599,0.627697,1.80703
-149.271,0.625495,1.0101
-148.965,0.61596,0.211103
-148.684,0.609808,-0.606386
-148.42,0.611043,-1.42915
-148.16,0.609479,-2.26241
-147.912,0.606998,-3.11162
-147.685,0.610917,-3.9817
-147.471,0.617729,-4.85561
-147.265,0.621152,-5.73685
-147.075,0.624449,-6.63169
-146.897,0.635123,-7.5411
-146.724,0.644725,-8.466
-146.543,0.658184,-9.39214
-146.356,0.678028,-10.3093
-146.16,0.695078,-11.2449
-145.963,0.711602,-12.1914
-145.759,0.724504,-13.1483
-145.56,0.736888,-14.1176
-145.363,0.751397,-15.1052
-145.162,0.764985,-16.0964
-144.958,0.781129,-17.0987
-144.749,0.795651,-18.1039
-144.539,0.81006,-19.1196
-144.325,0.822432,-20.1395
-144.107,0.832768,-21.167
-143.892,0.841753,-22.1993
-143.68,0.849963,-23.2351
-143.473,0.858319,-24.2742
-143.267,0.866052,-25.3135
-143.062,0.875537,-26.3518
-142.862,0.885805,-27.392
-142.662,0.896066,-28.4291
-142.463,0.906169,-29.4603
-142.265,0.917693,-30.4975
-142.068,0.928772,-31.53
-141.872,0.936136,-32.5666
-141.677,0.942555,-33.5915
-141.484,0.950876,-34.6191
-141.294,0.957513,-35.635
-141.107,0.966931,-36.6472
-140.923,0.975706,-37.6576
-140.744,0.985008,-38.6643
-140.567,0.993937,-39.6749
-140.398,1.00478,-40.6806
-140.226,1.01661,-41.692
-140.058,1.02944,-42.6942
-139.894,1.04244,-43.6975
-139.729,1.0541,-44.695
-139.566,1.06467,-45.6903
-139.402,1.0728,-46.6842
-139.239,1.08181,-47.6729
-139.082,1.08798,-48.6493
-138.93,1.09154,-49.6276
-138.776,1.09265,-50.6035
-138.62,1.09507,-51.5798
-138.465,1.09841,-52.5517
-138.308,1.10175,-53.5189
-138.149,1.10731,-54.4849
-137.989,1.11194,-55.4419
-137.826,1.11709,-56.3947
-137.667,1.12202,-57.3447
-137.504,1.12614,-58.2891
-137.336,1.12938,-59.2284
-137.167,1.12921,-60.161
-137,1.13105,-61.095
-136.832,1.13342,-62.0217
-136.665,1.13598,-62.9478
-136.501,1.13954,-63.865
-136.34,1.14393,-64.7645
-136.181,1.14751,-65.6475
-136.026,1.15262,-66.518
-135.88,1.15758,-67.3764
-135.743,1.16109,-68.2153
-135.618,1.16399,-69.0381
-135.502,1.16893,-69.8445
-135.4,1.17541,-70.6402
-135.31,1.17943,-71.4085
-135.226,1.1825,-72.1514
-135.147,1.18759,-72.8669
-135.082,1.1919,-73.5652
-135.019,1.19434,-74.2305
-134.966,1.19776,-74.8697
-134.92,1.20346,-75.4882
-134.885,1.2084,-76.0797
-134.85,1.21247,-76.6419
-134.821,1.21749,-77.1826
-134.798,1.22436,-77.6962
-134.797,1.23621,-78.1918
-134.795,1.24455,-78.641
-134.828,1.14136,-78.7395
-134.896,0.999129,-78.2921
-135.24,0.779928,-77.1536
-134.959,0.576076,-76.2743
-134.933,0.608633,-76.2411
-134.904,0.616905,-76.4777
-134.216,0.644244,-77.268
-133.32,0.695481,-78.1727
-132.48,0.663819,-78.9046
-131.982,0.581476,-79.1744
-131.962,0.577855,-79.3627
-131.926,0.580384,-79.5244
-131.917,0.581661,-79.6925
-131.883,0.57724,-79.8343
-131.883,0.57735,-79.9828
-131.875,0.573,-80.1239
-131.858,0.574811,-80.2538
-131.838,0.576722,-80.3789
-131.817,0.588154,-80.4972
-131.802,0.59674,-80.6117
-131.794,0.614346,-80.7182
-131.782,0.619806,-80.8024
-131.761,0.621633,-80.862
-131.743,0.621072,-80.9045
-131.733,0.621534,-80.9407
-131.725,0.621963,-80.9662
-131.722,0.620238,-80.9817
-131.721,0.619485,-80.991
-131.723,0.617072,-80.9923
-131.725,0.614602,-80.9907
-131.727,0.612445,-80.9905
-131.727,0.608783,-80.9931
-131.73,0.609685,-80.9933
-131.731,0.601813,-80.9948
-131.736,0.596544,-80.9974
-131.74,0.595773,-81.0011
-131.743,0.596533,-81.0046
-131.746,0.59648,-81.0087
-131.751,0.593822,-81.0142
-131.752,0.593716,-81.0168
-131.755,0.590193,-81.0193
-131.758,0.587131,-81.0221
-131.758,0.586786,-81.0237
-131.76,0.585869,-81.0256
-131.761,0.584557,-81.0277
-131.763,0.5837,-81.0299
-131.764,0.582932,-81.0322
-131.765,0.581968,-81.0344
-131.766,0.5814,-81.0366
-131.766,0.580696,-81.0388
-131.766,0.579998,-81.0409
-131.768,0.579304,-81.0432
-131.77,0.578638,-81.0454
-131.771,0.578337,-81.0476
-131.772,0.578545,-81.0493
-131.773,0.578841,-81.0509
-131.774,0.578404,-81.0529
-131.775,0.579413,-81.0546
-131.776,0.585148,-81.0561
-131.776,0.586648,-81.058
-131.777,0.586092,-81.0601
-131.776,0.587273,-81.063
-131.774,0.587095,-81.0669
-131.774,0.586449,-81.0703
-131.776,0.589428,-81.0711
-131.776,0.587663,-81.0747
-131.777,0.589754,-81.0762
-131.778,0.595529,-81.0769
-131.78,0.598573,-81.0777
-131.783,0.603904,-81.0781
-131.784,0.607977,-81.0792
-131.786,0.610737,-81.0805
-131.787,0.613952,-81.082
-131.789,0.616167,-81.0836
-131.791,0.618524,-81.0853
-131.792,0.620936,-81.0871
-131.795,0.621468,-81.0889
-131.798,0.622074,-81.0911
-131.799,0.621985,-81.0933
-131.802,0.621693,-81.0952
-131.802,0.622424,-81.0977
-131.805,0.624523,-81.1014
-131.804,0.627154,-81.109
-131.801,0.628671,-81.1219
-131.795,0.631055,-81.1388
-131.786,0.630989,-81.1591
-131.776,0.629005,-81.1833
-131.766,0.626029,-81.21
-131.756,0.626825,-81.2419
-131.742,0.624967,-81.2783
-131.728,0.622942,-81.318
-131.708,0.620235,-81.362
-131.685,0.619318,-81.4087
-131.654,0.615942,-81.4608
-131.62,0.614127,-81.5218
-131.577,0.6147,-81.5951
-131.521,0.612815,-81.6792
-131.455,0.611174,-81.7797
-131.381,0.609155,-81.892
-131.298,0.606415,-82.0167
-131.206,0.605459,-82.1504
-131.107,0.606773,-82.2999
-130.997,0.608978,-82.4552
-130.882,0.611025,-82.6175
-130.76,0.610796,-82.7836
-130.627,0.611049,-82.9541
-130.475,0.612629,-83.1298
-130.312,0.615346,-83.3114
-130.13,0.618346,-83.4971
-129.929,0.616041,-83.6887
-129.704,0.611026,-83.8925
-129.45,0.610689,-84.1085
-129.167,0.609144,-84.327
-128.843,0.608954,-84.5502
-128.481,0.605489,-84.7747
-128.074,0.6054,-85.0054
-127.632,0.601687,-85.2174
-127.151,0.592076,-85.4116
-126.636,0.587345,-85.5886
-126.092,0.583589,-85.7489
-125.516,0.577946,-85.8842
-124.908,0.569746,-85.9921
-124.271,0.559955,-86.0735
-123.617,0.547375,-86.1225
-122.929,0.53585,-86.1493
-122.228,0.51843,-86.1425
-121.503,0.498727,-86.1116
-120.759,0.475473,-86.0634
-119.992,0.448151,-86.0033
-119.199,0.41819,-85.9306
-118.386,0.384166,-85.8465
-117.553,0.345739,-85.7503
-116.697,0.304666,-85.6383
-115.825,0.261305,-85.5084
-114.928,0.213828,-85.3598
-114.016,0.161378,-85.1986
-113.079,0.107963,-85.0303
-112.122,0.0541618,-84.8587
-111.143,-0.00119266,-84.6817
-110.132,-0.0540025,-84.5033
-109.106,-0.111895,-84.3176
-108.056,-0.168955,-84.1216
-106.997,-0.23045,-83.9198
-105.921,-0.294108,-83.7076
-104.834,-0.357972,-83.4903
-103.731,-0.42236,-83.266
-102.607,-0.485635,-83.0335
-101.465,-0.548636,-82.7892
-100.31,-0.610803,-82.5361
-99.1473,-0.673788,-82.279
-97.9656,-0.739193,-82.0222
-96.7751,-0.806174,-81.7683
-95.5723,-0.874171,-81.5106
-94.3823,-0.943265,-81.2592
-93.1966,-1.01119,-81.007
-92.02,-1.07962,-80.7532
-90.8505,-1.15244,-80.499
-89.6862,-1.22451,-80.2465
-88.5108,-1.2978,-79.9899
-87.3368,-1.37189,-79.7325
-86.1565,-1.44344,-79.4801
-84.9878,-1.51485,-79.228
-83.8177,-1.58545,-78.9788
-82.6603,-1.66151,-78.7281
-81.5018,-1.73383,-78.4767
-80.3424,-1.80395,-78.2268
-79.175,-1.87317,-77.9728
-78.0336,-1.94227,-77.7216
-76.8939,-2.01121,-77.4715
-75.7699,-2.08175,-77.2222
-74.6418,-2.1545,-76.9745
-73.5136,-2.22521,-76.7301
-72.3842,-2.29398,-76.4846
-71.2537,-2.36061,-76.2424
-70.1235,-2.42852,-76.0024
-68.9964,-2.50041,-75.7545
-67.8699,-2.56926,-75.5044
-66.745,-2.63935,-75.2515
-65.6254,-2.70722,-74.99
-64.5204,-2.77877,-74.7274
-63.4154,-2.84561,-74.4668
-62.315,-2.91156,-74.2052
-61.2213,-2.98014,-73.9385
-60.1327,-3.05035,-73.6667
-59.0618,-3.12164,-73.3952
-57.9901,-3.19316,-73.123
-56.9221,-3.26325,-72.8484
-55.8587,-3.3321,-72.5745
-54.7945,-3.39882,-72.3041
-53.7256,-3.46221,-72.0382
-52.6468,-3.52844,-71.777
-51.5627,-3.59141,-71.5244
-50.4925,-3.65675,-71.2717
-49.4282,-3.72548,-71.0195
-48.3643,-3.7919,-70.7699
-47.2903,-3.85719,-70.5194
-46.2231,-3.92274,-70.2675
-45.1489,-3.98313,-70.0176
-44.0913,-4.04874,-69.7698
-43.0352,-4.11416,-69.528
-41.9816,-4.18166,-69.2887
-40.9298,-4.25073,-69.054
-39.8773,-4.32068,-68.8203
-38.8198,-4.39068,-68.5884
-37.7592,-4.46012,-68.3533
-36.708,-4.52756,-68.1147
-35.6518,-4.59163,-67.8734
-34.6129,-4.65686,-67.6285
-33.5739,-4.72142,-67.3833
-32.5291,-4.78623,-67.1365
-31.4894,-4.85374,-66.8929
-30.4568,-4.92003,-66.6507
-29.4268,-4.98918,-66.4103
-28.3824,-5.054,-66.1697
-27.3408,-5.11841,-65.9274
-26.3058,-5.17821,-65.6863
-25.2791,-5.23667,-65.4465
-24.2515,-5.29886,-65.2031
-23.2235,-5.36528,-64.9538
-22.2048,-5.43371,-64.7066
-21.1912,-5.50483,-64.4593
-20.1835,-5.57711,-64.2147
-19.185,-5.64999,-63.9742
-18.1861,-5.72271,-63.7327
-17.1878,-5.79533,-63.4935
-16.1878,-5.86588,-63.2543
-15.1909,-5.93584,-63.014
-14.1946,-6.0014,-62.7731
-13.1974,-6.06639,-62.5363
-12.2075,-6.13206,-62.3008
-11.2211,-6.19823,-62.0696
-10.2361,-6.26342,-61.8373
-9.25366,-6.32668,-61.6053
-8.27174,-6.39095,-61.3783
-7.31163,-6.457,-61.15
-6.35088,-6.52208,-60.9236
-5.40678,-6.58547,-60.6984
-4.4777,-6.64867,-60.4813
-3.57789,-6.7081,-60.2674
-2.69933,-6.76803,-60.0566
-1.83917,-6.82634,-59.8534
-1.00888,-6.88223,-59.6538
-0.190193,-6.93577,-59.4538
0.610286,-6.98851,-59.2518
1.39746,-7.04232,-59.0486
2.16226,-7.09431,-58.8481
2.91368,-7.14488,-58.6488
3.64249,-7.19565,-58.447
4.33056,-7.24958,-58.2466
4.99466,-7.30065,-58.0387
5.64067,-7.35056,-57.8299
6.26121,-7.40014,-57.6206
6.85531,-7.44894,-57.4072
7.42746,-7.49612,-57.187
7.97815,-7.54309,-56.955
8.52379,-7.58823,-56.7093
9.0572,-7.63162,-56.4662
9.56686,-7.67457,-56.2209
10.0606,-7.71728,-55.9609
10.5376,-7.7603,-55.6915
10.9991,-7.80526,-55.41
11.43,-7.84899,-55.1274
11.8423,-7.89375,-54.8307
12.2425,-7.93805,-54.517
12.6186,-7.9819,-54.1972
12.9649,-8.03135,-53.8541
13.2774,-8.07952,-53.5001
13.5674,-8.12642,-53.1483
13.8439,-8.16713,-52.7793
14.1039,-8.21868,-52.392
14.3336,-8.27482,-51.988
14.5334,-8.32792,-51.5645
14.7122,-8.36595,-51.1308
14.8808,-8.39542,-50.683
15.0366,-8.426,-50.2207
15.1584,-8.45196,-49.7458
15.2321,-8.47924,-49.2675
15.2859,-8.50139,-48.7933
15.331,-8.5216,-48.314
15.3561,-8.54288,-47.8324
15.3601,-8.56417,-47.3496
15.3402,-8.58134,-46.8562
15.3047,-8.59733,-46.3613
15.2633,-8.61839,-45.8618
15.2152,-8.64093,-45.3562
15.158,-8.66158,-44.8356
15.0963,-8.68031,-44.3108
15.0241,-8.70014,-43.776
14.9415,-8.72044,-43.2313
14.8488,-8.74072,-42.6722
14.745,-8.75993,-42.1019
14.6332,-8.78038,-41.5106
14.5137,-8.8024,-40.9051
14.3806,-8.82345,-40.285
14.2358,-8.84574,-39.6507
14.083,-8.86771,-39.0003
13.9248,-8.89137,-38.332
13.7619,-8.91692,-37.6489
13.5928,-8.94425,-36.948
13.4199,-8.97171,-36.2306
13.2427,-8.99978,-35.5055
13.0602,-9.02701,-34.7673
12.8733,-9.05278,-34.0243
12.6848,-9.07905,-33.282
12.4933,-9.10275,-32.5406
12.3026,-9.1255,-31.8023
12.1036,-9.14734,-31.0594
11.902,-9.16818,-30.3171
11.6983,-9.18955,-29.5782
11.4863,-9.21119,-28.8418
11.2817,-9.23551,-28.1066
11.0741,-9.26024,-27.3707
10.8671,-9.28575,-26.6349
10.6596,-9.30956,-25.8965
10.4553,-9.33408,-25.1597
10.2466,-9.35761,-24.4229
10.0414,-9.38133,-23.6901
9.83716,-9.40314,-22.9556
9.63182,-9.42682,-22.2279
9.42669,-9.44943,-21.5018
9.22585,-9.47237,-20.7751
9.02921,-9.49406,-20.0575
8.8333,-9.51626,-19.3407
8.63614,-9.53954,-18.6272
8.44791,-9.56194,-17.918
8.26437,-9.58353,-17.2244
8.07876,-9.60383,-16.5492
7.89682,-9.62703,-15.8791
7.72691,-9.64828,-15.2264
7.55584,-9.66799,-14.5803
7.38113,-9.68816,-13.947
7.20696,-9.71194,-13.3182
7.03918,-9.73787,-12.6948
6.87039,-9.76223,-12.0711
6.70445,-9.78676,-11.4547
6.53959,-9.81246,-10.846
6.37181,-9.83715,-10.2386
6.20873,-9.86192,-9.63383
6.04479,-9.88553,-9.03167
5.88348,-9.90926,-8.43084
5.7262,-9.93392,-7.83366
5.56952,-9.95886,-7.24051
5.40758,-9.98078,-6.65118
5.24815,-10.0043,-6.06585
5.0889,-10.0296,-5.48213
4.92592,-10.0547,-4.9048
4.76481,-10.0821,-4.33214
4.60483,-10.1068,-3.75803
4.44241,-10.1302,-3.18496
4.27716,-10.1536,-2.61773
4.11153,-10.1766,-2.05609
3.94924,-10.1993,-1.49979
3.78865,-10.2204,-0.950203
3.6301,-10.2405,-0.41
3.47346,-10.2609,0.121574
3.32007,-10.2811,0.644514
3.17034,-10.3019,1.15425
3.02454,-10.3246,1.6539
2.88449,-10.3439,2.14173
2.74876,-10.366,2.61796
2.61594,-10.3857,3.08384
2.48656,-10.404,3.54016
2.36069,-10.4228,3.98646
2.23685,-10.4398,4.42168
2.11956,-10.4564,4.8444
2.00689,-10.4724,5.25363
1.89747,-10.4872,5.64714
1.79098,-10.5019,6.02196
1.68937,-10.516,6.3764
1.59511,-10.5293,6.70835
1.50984,-10.5412,7.02114
1.42902,-10.551,7.31479
1.3521,-10.5621,7.59229
1.277,-10.5723,7.85909
1.20571,-10.5821,8.11639
1.13559,-10.5918,8.36936
1.06597,-10.6012,8.62063
0.996649,-10.6111,8.87122
0.928525,-10.6214,9.12055
0.861877,-10.6324,9.36826
0.796424,-10.6427,9.61371
0.731055,-10.6529,9.85794
0.665139,-10.6632,10.0997
0.600574,-10.6729,10.3406
0.535985,-10.6827,10.5795
0.470258,-10.6923,10.8168
0.399164,-10.7016,11.0497
0.324788,-10.7103,11.2778
0.248292,-10.7188,11.5041
0.168489,-10.7267,11.7281
0.0872762,-10.7344,11.9516
0.00613746,-10.7427,12.1764
-0.0705451,-10.7511,12.4005
-0.147085,-10.7575,12.6223
-0.225174,-10.764,12.8428
-0.304016,-10.7725,13.0588
-0.379017,-10.7818,13.2751
-0.446643,-10.7915,13.4895
-0.513277,-10.7999,13.7057
-0.578846,-10.8098,13.9203
-0.643717,-10.819,14.1361
-0.705315,-10.8285,14.3482
-0.767682,-10.8382,14.5613
-0.829303,-10.8486,14.7741
-0.886403,-10.858,14.9897
-0.945661,-10.8674,15.205
-1.00445,-10.8766,15.4199
-1.06343,-10.8855,15.6402
-1.12526,-10.8967,15.8675
-1.18595,-10.9081,16.1076
-1.2489,-10.9185,16.3556
-1.31342,-10.9306,16.6147
-1.38066,-10.9426,16.8867
-1.44661,-10.9551,17.17
-1.50935,-10.9677,17.4617
-1.57579,-10.98,17.7627
-1.64197,-10.9926,18.0686
-1.71413,-11.0051,18.3858
-1.79026,-11.0183,18.7122
-1.86275,-11.0324,19.0456
-1.93193,-11.0484,19.3867
-2.00164,-11.0649,19.7377
-2.0768,-11.0808,20.094
-2.15499,-11.0968,20.4553
-2.23871,-11.1106,20.8323
-2.31911,-11.1237,21.2194
-2.38747,-11.1389,21.6118
-2.44182,-11.1578,22.0047
-2.49605,-11.1821,22.3914
-2.57063,-11.2069,22.7658
-2.6664,-11.2275,23.1346
-2.77364,-11.2409,23.4922
-2.88572,-11.251,23.8411
-2.99802,-11.2619,24.1908
-3.11171,-11.2728,24.5349
-3.24097,-11.2886,24.8728
-3.38352,-11.3025,25.1976
-3.53161,-11.3115,25.5149
-3.68102,-11.3184,25.8239
-3.83006,-11.3252,26.1305
-3.98552,-11.3319,26.4386
-4.14789,-11.3393,26.7412
-4.30409,-11.3457,27.0341
-4.46559,-11.3492,27.341
-4.6201,-11.3526,27.6506
-4.7574,-11.3586,27.9548
-4.87685,-11.365,28.2443
-4.98184,-11.3685,28.4993
-5.07265,-11.3742,28.7178
-5.14775,-11.3824,28.904
-5.20315,-11.39,29.0559
-5.23848,-11.3959,29.1726
-5.26418,-11.3997,29.2574
-5.28049,-11.4025,29.3064
-5.28856,-11.404,29.3288
-5.28711,-11.4049,29.3266
-5.28299,-11.4082,29.3133
-5.28237,-11.415,29.309
-5.28237,-11.4189,29.309
-5.28017,-11.4177,29.3079
-5.27969,-11.4171,29.3085
-5.28109,-11.4189,29.3117
-5.28141,-11.4202,29.3123
-5.28012,-11.4213,29.3104
