0,0,-0
0.0160495,-0.00621995,0.289328
0.0291162,-0.0109941,0.582257
0.0422004,-0.0141402,0.880813
0.0487246,-0.0170108,1.18354
0.053067,-0.0189632,1.49992
0.0526715,-0.0218174,1.82165
0.0390022,-0.028148,2.15328
0.00888757,-0.0345896,2.49493
-0.0257163,-0.0388886,2.84874
-0.0633354,-0.04274,3.21307
-0.109051,-0.0454269,3.58977
-0.161885,-0.0504695,3.9775
-0.229314,-0.056923,4.37459
-0.305698,-0.0638998,4.78229
-0.389091,-0.0704398,5.2005
-0.475623,-0.077855,5.6302
-0.562866,-0.0847978,6.07286
-0.661861,-0.0907128,6.52846
-0.767427,-0.0972396,6.99707
-0.878908,-0.107678,7.47469
-0.991058,-0.119538,7.96634
-1.10537,-0.131851,8.47105
-1.23612,-0.146086,8.98303
-1.38518,-0.159528,9.50282
-1.53975,-0.177413,10.0368
-1.69604,-0.199426,10.5844
-1.8565,-0.219543,11.1485
-2.03352,-0.243193,11.7195
-2.22028,-0.269697,12.3014
-2.41201,-0.299224,12.8937
-2.61022,-0.333532,13.495
-2.81617,-0.371924,14.1074
-3.03058,-0.414703,14.7302
-3.25125,-0.464015,15.3632
-3.47953,-0.521583,16.0057
-3.7169,-0.584358,16.6585
-3.96071,-0.652623,17.3223
-4.21431,-0.725285,17.9942
-4.47604,-0.800459,18.678
-4.74454,-0.880235,19.3746
-5.01631,-0.964,20.0803
-5.29721,-1.04704,20.7943
-5.58604,-1.12964,21.5157
-5.88374,-1.21216,22.242
-6.19365,-1.2929,22.9779
-6.51834,-1.37241,23.7165
-6.85487,-1.45026,24.4607
-7.19895,-1.52445,25.2077
-7.55119,-1.59668,25.9633
-7.91515,-1.66784,26.7259
-8.29431,-1.73976,27.4956
-8.68205,-1.81224,28.2728
-9.08162,-1.88193,29.058
-9.49375,-1.94897,29.8485
-9.9174,-2.01492,30.6461
-10.3506,-2.07841,31.4496
-10.7951,-2.13719,32.2582
-11.2509,-2.19528,33.0724
-11.7169,-2.25471,33.898
-12.195,-2.31467,34.737
-12.6932,-2.37252,35.5945
-13.198,-2.43372,36.4584
-13.713,-2.49617,37.339
-14.2341,-2.55991,38.2332
-14.7597,-2.62434,39.1363
-15.2918,-2.68784,40.0503
-15.8284,-2.75196,40.9698
-16.3716,-2.81684,41.8933
-16.9203,-2.88096,42.8134
-17.4716,-2.94449,43.7307
-18.0282,-3.00637,44.6387
-18.5906,-3.06686,45.5363
-19.1632,-3.12726,46.4264
-19.7504,-3.18683,47.3155
-20.352,-3.24771,48.2014
-20.9662,-3.30583,49.0826
-21.5834,-3.36075,49.9567
-22.2055,-3.41938,50.8271
-22.8331,-3.48092,51.6894
-23.4636,-3.54582,52.5558
-24.1011,-3.61073,53.4231
-24.7444,-3.6738,54.2876
-25.3917,-3.73082,55.1471
-26.0441,-3.78679,56.0019
-26.7009,-3.84412,56.8536
-27.3614,-3.90257,57.7022
-28.0298,-3.96204,58.5492
-28.7086,-4.02253,59.3945
-29.3946,-4.08356,60.2338
-30.0878,-4.14428,61.0693
-30.7909,-4.20411,61.902
-31.5014,-4.26493,62.7305
-32.221,-4.32801,63.5517
-32.9486,-4.39174,64.3697
-33.6918,-4.4567,65.1872
-34.4396,-4.52187,65.9968
-35.1965,-4.58563,66.8001
-35.9642,-4.64978,67.6028
-36.746,-4.71338,68.3989
-37.5402,-4.77736,69.1919
-38.3435,-4.84348,69.9847
-39.1601,-4.90896,70.7755
-39.9821,-4.97464,71.5634
-40.8117,-5.04263,72.3482
-41.6529,-5.11211,73.1322
-42.5036,-5.18398,73.9163
-43.3656,-5.25715,74.6994
-44.2379,-5.33194,75.4812
-45.1147,-5.40461,76.2586
-45.9997,-5.47747,77.0331
-46.8956,-5.55151,77.8067
-47.7989,-5.6251,78.5803
-48.7087,-5.70048,79.3532
-49.6241,-5.77719,80.1244
-50.546,-5.85509,80.8924
-51.4792,-5.93611,81.6622
-52.4205,-6.01854,82.4215
-53.3751,-6.09939,83.1701
-54.346,-6.18039,83.9076
-55.3256,-6.26037,84.6341
-56.3154,-6.3369,85.3505
-57.3172,-6.41806,86.0592
-58.3358,-6.49982,86.7604
-59.3666,-6.58458,87.4555
-60.4086,-6.66963,88.1399
-61.4586,-6.75395,88.8075
-62.5203,-6.83824,89.4636
-63.5927,-6.92439,90.1065
-64.6754,-7.01344,90.7391
-65.7693,-7.10234,91.363
-66.8767,-7.19097,91.9778
-67.99,-7.27947,92.586
-69.1105,-7.36684,93.1846
-70.2357,-7.45369,93.7781
-71.3685,-7.54273,94.3651
-72.5053,-7.63707,94.9411
-73.6432,-7.73509,95.5102
-74.7828,-7.83474,96.0747
-75.9283,-7.93452,96.634
-77.0696,-8.03187,97.1886
-78.211,-8.12494,97.7356
-79.3529,-8.21636,98.2757
-80.4871,-8.30448,98.8072
-81.6263,-8.39229,99.3364
-82.7575,-8.47668,99.8586
-83.8909,-8.55665,100.375
-85.0186,-8.63559,100.885
-86.1239,-8.71597,101.387
-87.2162,-8.79471,101.883
-88.2926,-8.8737,102.372
-89.3562,-8.95441,102.851
-90.406,-9.03653,103.324
-91.4452,-9.1165,103.79
-92.4735,-9.19803,104.258
-93.4899,-9.27969,104.729
-94.4983,-9.35878,105.206
-95.5016,-9.43648,105.689
-96.4963,-9.51231,106.178
-97.4789,-9.58749,106.675
-98.4541,-9.66142,107.18
-99.4188,-9.73619,107.694
-100.371,-9.81101,108.217
-101.315,-9.88701,108.751
-102.251,-9.96391,109.297
-103.175,-10.0425,109.855
-104.086,-10.1192,110.423
-104.986,-10.195,111.003
-105.868,-10.2723,111.587
-106.736,-10.3461,112.18
-107.589,-10.4206,112.784
-108.427,-10.4947,113.396
-109.255,-10.5675,114.01
-110.069,-10.6381,114.633
-110.866,-10.7052,115.255
-111.649,-10.7698,115.881
-112.421,-10.8345,116.516
-113.176,-10.9007,117.157
-113.923,-10.9648,117.806
-114.656,-11.0281,118.458
-115.377,-11.0895,119.114
-116.086,-11.1483,119.771
-116.784,-11.2054,120.43
-117.472,-11.2609,121.093
-118.146,-11.3172,121.756
-118.806,-11.3706,122.417
-119.449,-11.421,123.079
-120.081,-11.4693,123.741
-120.698,-11.5168,124.406
-121.299,-11.5624,125.074
-121.884,-11.6063,125.742
-122.453,-11.6481,126.413
-123.008,-11.6883,127.093
-123.554,-11.7272,127.782
-124.087,-11.7674,128.481
-124.61,-11.8061,129.188
-125.12,-11.8432,129.902
-125.615,-11.8775,130.622
-126.099,-11.9096,131.349
-126.572,-11.9404,132.083
-127.036,-11.9692,132.823
-127.496,-11.9965,133.57
-127.949,-12.0232,134.326
-128.392,-12.0506,135.089
-128.825,-12.0768,135.861
-129.252,-12.1022,136.643
-129.675,-12.1273,137.433
-130.099,-12.1519,138.234
-130.521,-12.1743,139.048
-130.945,-12.1943,139.876
-131.37,-12.2128,140.715
-131.793,-12.2252,141.57
-132.215,-12.2366,142.442
-132.637,-12.2467,143.332
-133.054,-12.2534,144.236
-133.469,-12.26,145.158
-133.882,-12.2646,146.094
-134.289,-12.2692,147.048
-134.692,-12.2747,148.019
-135.091,-12.2826,149.009
-135.488,-12.2908,150.025
-135.878,-12.2983,151.066
-136.254,-12.307,152.132
-136.614,-12.3128,153.225
-136.95,-12.3177,154.334
-137.264,-12.3221,155.463
-137.555,-12.3247,156.62
-137.826,-12.3229,157.79
-138.075,-12.3177,158.985
-138.299,-12.3104,160.196
-138.497,-12.2974,161.42
-138.669,-12.2842,162.667
-138.815,-12.2715,163.925
-138.936,-12.2593,165.206
-139.035,-12.2475,166.504
-139.11,-12.2323,167.816
-139.162,-12.2153,169.14
-139.183,-12.1987,170.48
-139.18,-12.1816,171.832
-139.148,-12.1658,173.193
-139.088,-12.1527,174.568
-139.003,-12.1414,175.954
-138.89,-12.1328,177.357
-138.748,-12.1294,178.776
-138.579,-12.1322,180.202
-138.384,-12.1415,181.631
-138.159,-12.1602,183.066
-137.913,-12.1854,184.499
-137.636,-12.2177,185.934
-137.327,-12.2529,187.383
-136.993,-12.2894,188.828
-136.631,-12.33,190.277
-136.244,-12.3745,191.732
-135.832,-12.4235,193.197
-135.386,-12.4758,194.674
-134.912,-12.5304,196.155
-134.399,-12.5933,197.644
-133.865,-12.658,199.12
-133.286,-12.7346,200.597
-132.673,-12.8189,202.077
-132.042,-12.9056,203.555
-131.356,-13.0034,205.032
-130.633,-13.1071,206.498
-129.873,-13.2116,207.956
-129.059,-13.327,209.389
-128.204,-13.4479,210.805
-127.308,-13.5756,212.191
-126.377,-13.7054,213.559
-125.399,-13.843,214.898
-124.386,-13.9902,216.209
-123.335,-14.1453,217.504
-122.242,-14.3034,218.783
-121.121,-14.4662,220.043
-119.97,-14.6287,221.284
-118.793,-14.7992,222.495
-117.588,-14.9764,223.686
-116.36,-15.1586,224.852
-115.105,-15.3476,226.003
-113.822,-15.5386,227.135
-112.519,-15.7319,228.239
-111.202,-15.9244,229.309
-109.872,-16.1179,230.339
-108.528,-16.3131,231.336
-107.179,-16.5099,232.295
-105.81,-16.708,233.213
-104.43,-16.9043,234.102
-103.034,-17.0968,234.951
-101.633,-17.2845,235.758
-100.235,-17.4696,236.517
-98.8216,-17.6504,237.238
-97.4051,-17.8297,237.915
-95.9851,-18.0084,238.553
-94.554,-18.1855,239.149
-93.1199,-18.3627,239.707
-91.6809,-18.538,240.235
-90.2466,-18.7123,240.728
-88.8252,-18.8908,241.19
-87.4096,-19.0798,241.622
-85.9959,-19.2768,242.024
-84.5837,-19.4777,242.399
-83.1762,-19.6756,242.743
-81.7717,-19.8716,243.055
-80.3653,-20.0635,243.334
-78.9695,-20.2553,243.58
-77.5835,-20.4455,243.796
-76.2024,-20.6325,243.997
-74.8436,-20.8234,244.161
-73.4701,-21.0174,244.303
-72.1155,-21.206,244.418
-70.7715,-21.3874,244.511
-69.4356,-21.5648,244.582
-68.1195,-21.7394,244.641
-66.8257,-21.9118,244.693
-65.537,-22.0782,244.723
-64.272,-22.2514,244.751
-63.028,-22.4272,244.771
-61.7958,-22.5993,244.792
-60.5673,-22.7754,244.803
-59.3517,-22.9427,244.81
-58.1542,-23.0983,244.815
-56.9742,-23.251,244.823
-55.8074,-23.4041,244.831
-54.6489,-23.5589,244.844
-53.5012,-23.7134,244.861
-52.3623,-23.8663,244.88
-51.243,-24.0179,244.904
-50.1281,-24.1673,244.933
-49.0239,-24.3158,244.966
-47.9229,-24.4661,245.004
-46.8293,-24.6152,245.048
-45.7404,-24.7609,245.101
-44.6524,-24.9069,245.164
-43.568,-25.0513,245.238
-42.486,-25.1935,245.318
-41.4107,-25.3351,245.403
-40.3418,-25.4743,245.496
-39.2799,-25.6123,245.593
-38.223,-25.7476,245.697
-37.1737,-25.8876,245.811
-36.1273,-26.0244,245.931
-35.0859,-26.1627,246.057
-34.0459,-26.3004,246.19
-33.0193,-26.4353,246.33
-31.9866,-26.5715,246.475
-30.964,-26.7047,246.625
-29.9491,-26.8358,246.777
-28.9405,-26.9681,246.941
-27.9438,-27.1001,247.112
-26.9571,-27.2325,247.29
-25.9713,-27.3649,247.481
-24.9846,-27.497,247.68
-23.9981,-27.6278,247.883
-23.0085,-27.7563,248.085
-22.0087,-27.8857,248.29
-21.0126,-28.0169,248.499
-20.0059,-28.1501,248.708
-18.9984,-28.2848,248.926
-17.9844,-28.4186,249.145
-16.973,-28.5508,249.369
-15.9549,-28.6831,249.595
-14.9452,-28.8159,249.828
-13.9361,-28.944,250.066
-12.9281,-29.0736,250.309
-11.9205,-29.2049,250.56
-10.9179,-29.3375,250.819
-9.91783,-29.4675,251.084
-8.92631,-29.5987,251.355
-7.93996,-29.727,251.634
-6.95505,-29.8558,251.928
-5.97349,-29.9866,252.237
-4.99859,-30.1161,252.556
-4.0345,-30.2437,252.887
-3.07573,-30.3703,253.228
-2.12212,-30.498,253.579
-1.17204,-30.6259,253.942
-0.227816,-30.7521,254.312
0.712493,-30.8762,254.688
1.64554,-30.9992,255.069
2.57368,-31.1199,255.46
3.49362,-31.2408,255.856
4.40345,-31.3604,256.255
5.30612,-31.4759,256.662
6.20148,-31.5943,257.076
7.08887,-31.7119,257.492
7.96603,-31.8249,257.918
8.83764,-31.9361,258.347
9.6998,-32.0446,258.783
10.5497,-32.1474,259.226
11.3909,-32.2464,259.674
12.2239,-32.3458,260.127
13.0502,-32.4457,260.588
13.8666,-32.5426,261.052
14.6753,-32.6376,261.52
15.4779,-32.7339,261.995
16.2773,-32.8274,262.479
17.0741,-32.9207,262.971
17.8688,-33.0127,263.47
18.6603,-33.0999,263.974
19.4528,-33.1852,264.484
20.2462,-33.2684,264.999
21.0413,-33.348,265.517
21.8362,-33.4266,266.037
22.6309,-33.5049,266.56
23.4246,-33.582,267.083
24.2203,-33.6589,267.607
25.0185,-33.7374,268.137
25.8189,-33.8166,268.666
26.6189,-33.8923,269.199
27.4195,-33.9646,269.735
28.2216,-34.0356,270.274
29.0235,-34.104,270.815
29.8259,-34.1702,271.358
30.6342,-34.2377,271.91
31.4429,-34.3039,272.459
32.2548,-34.3697,273.009
33.0698,-34.434,273.562
33.8828,-34.497,274.113
34.6928,-34.5574,274.666
35.5022,-34.6152,275.217
36.3092,-34.6745,275.767
37.1122,-34.7306,276.32
37.9149,-34.7834,276.873
38.7148,-34.8359,277.43
39.5166,-34.8851,277.992
40.315,-34.9335,278.555
41.1066,-34.9794,279.123
41.8935,-35.0225,279.694
42.6711,-35.0643,280.273
43.446,-35.1058,280.858
44.2198,-35.1424,281.45
44.9891,-35.1809,282.047
45.7511,-35.2161,282.65
46.507,-35.2468,283.258
47.259,-35.2793,283.876
48.0027,-35.312,284.505
48.7427,-35.3416,285.145
49.4758,-35.3712,285.797
50.2021,-35.3973,286.462
50.9225,-35.422,287.133
51.6392,-35.4433,287.819
52.3541,-35.4603,288.518
53.0654,-35.4757,289.228
53.7725,-35.4866,289.947
54.4724,-35.4944,290.675
55.1644,-35.5,291.417
55.8475,-35.5035,292.175
56.5215,-35.5061,292.945
57.1865,-35.5045,293.726
57.8414,-35.5,294.52
58.4901,-35.4934,295.324
59.1256,-35.4863,296.141
59.75,-35.4773,296.967
60.3658,-35.467,297.807
60.9749,-35.4559,298.658
61.5785,-35.4466,299.515
62.1764,-35.4345,300.383
62.7711,-35.4206,301.263
63.3625,-35.4056,302.157
63.9459,-35.3867,303.059
64.527,-35.3647,303.968
65.1071,-35.3401,304.888
65.6855,-35.3171,305.813
66.2624,-35.2944,306.733
66.8412,-35.2731,307.669
67.4205,-35.2568,308.609
68.0049,-35.2451,309.556
68.5964,-35.233,310.51
69.1844,-35.2205,311.461
69.7734,-35.21,312.412
70.3613,-35.1976,313.37
70.9511,-35.1872,314.331
71.5417,-35.1771,315.292
72.1305,-35.168,316.258
72.714,-35.1589,317.228
73.2905,-35.1505,318.2
73.8591,-35.139,319.176
74.4176,-35.127,320.158
74.9614,-35.115,321.146
75.4897,-35.1017,322.137
76.0049,-35.0865,323.133
76.5048,-35.0709,324.138
76.9925,-35.0548,325.146
77.4664,-35.036,326.155
77.9251,-35.015,327.171
78.3671,-34.9939,328.192
78.7907,-34.9731,329.217
79.1986,-34.9515,330.245
79.5919,-34.9296,331.276
79.974,-34.9068,332.312
80.3511,-34.8843,333.346
80.7267,-34.8596,334.38
81.0982,-34.8361,335.414
81.4654,-34.8122,336.448
81.8266,-34.7902,337.482
82.1822,-34.7684,338.518
82.5307,-34.7474,339.553
82.8717,-34.7285,340.59
83.2042,-34.7099,341.629
83.5307,-34.6907,342.671
83.8459,-34.6692,343.713
84.1554,-34.6464,344.755
84.4578,-34.622,345.791
84.758,-34.6015,346.826
85.0545,-34.5796,347.856
85.3479,-34.5607,348.884
85.6341,-34.5414,349.903
85.9175,-34.523,350.913
86.2065,-34.505,351.908
86.5033,-34.4873,352.882
86.8117,-34.4721,353.837
87.1288,-34.4568,354.773
87.4496,-34.4422,355.69
87.7674,-34.4284,356.588
88.0846,-34.4146,357.473
88.4006,-34.4011,358.354
88.7139,-34.3886,359.234
89.0185,-34.3767,360.112
89.3145,-34.364,360.99
89.5978,-34.3499,361.868
89.8655,-34.3376,362.748
90.1181,-34.3244,363.627
90.3527,-34.3107,364.506
90.5671,-34.2957,365.393
90.7551,-34.2798,366.284
90.9158,-34.2661,367.182
91.0593,-34.2577,368.096
91.1769,-34.2445,369.015
91.263,-34.2303,369.935
91.328,-34.2193,370.87
91.3638,-34.2059,371.802
91.366,-34.1892,372.735
91.3416,-34.174,373.668
91.2899,-34.1576,374.603
91.2097,-34.1458,375.536
91.1105,-34.1318,376.476
90.9919,-34.1108,377.424
90.8589,-34.094,378.38
90.7261,-34.073,379.337
90.5909,-34.0494,380.296
90.4569,-34.03,381.267
90.3227,-34.0156,382.251
90.1935,-34.0043,383.247
90.0692,-33.9928,384.251
89.9486,-33.9826,385.261
89.8296,-33.9749,386.279
89.7118,-33.9696,387.308
89.5939,-33.9665,388.352
89.4733,-33.9641,389.41
89.3486,-33.9624,390.478
89.2232,-33.9582,391.557
89.0957,-33.9532,392.645
88.9668,-33.9481,393.742
88.8387,-33.9427,394.85
88.709,-33.9412,395.967
88.5785,-33.9415,397.087
88.4474,-33.9446,398.213
88.3133,-33.9511,399.345
88.1734,-33.9593,400.479
88.0217,-33.9675,401.608
87.8578,-33.9757,402.733
87.6813,-33.9854,403.853
87.4938,-33.9958,404.971
87.2931,-34.0064,406.09
87.0832,-34.018,407.204
86.8641,-34.0293,408.31
86.6344,-34.0406,409.409
86.394,-34.0521,410.499
86.147,-34.0661,411.585
85.8912,-34.0811,412.666
85.628,-34.0963,413.744
85.3617,-34.112,414.82
85.092,-34.1271,415.893
84.8158,-34.1472,416.961
84.5386,-34.1676,418.027
84.2521,-34.1895,419.098
83.9549,-34.214,420.169
83.6532,-34.2348,421.239
83.3462,-34.2561,422.309
83.0304,-34.2783,423.38
82.7142,-34.299,424.455
82.3981,-34.3185,425.531
82.0835,-34.3315,426.608
81.7681,-34.344,427.687
81.4523,-34.3556,428.77
81.1343,-34.369,429.855
80.8127,-34.3811,430.94
80.4881,-34.3955,432.026
80.1602,-34.4088,433.116
79.8271,-34.4218,434.207
79.4909,-34.4336,435.297
79.1539,-34.4419,436.388
78.8141,-34.4481,437.477
78.4763,-34.4522,438.565
78.1412,-34.4536,439.653
77.8071,-34.4531,440.745
77.478,-34.4517,441.838
77.1485,-34.4478,442.929
76.8195,-34.4419,444.019
76.4919,-34.4355,445.106
76.1692,-34.4284,446.193
75.8513,-34.4203,447.276
75.535,-34.4106,448.359
75.2231,-34.4012,449.441
74.9149,-34.388,450.517
74.6088,-34.3728,451.587
74.3045,-34.3567,452.65
74.0073,-34.3392,453.709
73.7084,-34.3225,454.762
73.4164,-34.3045,455.811
73.1226,-34.2867,456.851
72.8275,-34.2683,457.889
72.5362,-34.2504,458.922
72.2426,-34.2304,459.949
71.9501,-34.2113,460.969
71.6592,-34.1899,461.982
71.3706,-34.1703,462.989
71.0833,-34.1493,463.991
70.7959,-34.128,464.989
70.5113,-34.1071,465.979
70.2283,-34.0836,466.963
69.9434,-34.0601,467.941
69.6583,-34.0365,468.911
69.3752,-34.0116,469.875
69.0951,-33.9866,470.834
68.8173,-33.9586,471.787
68.5412,-33.9275,472.736
68.2669,-33.8944,473.682
67.9934,-33.8588,474.622
67.718,-33.8198,475.556
67.4449,-33.7786,476.483
67.1724,-33.7342,477.405
66.9002,-33.6884,478.322
66.6243,-33.6429,479.235
66.3507,-33.597,480.142
66.0805,-33.5499,481.042
65.8096,-33.5045,481.932
65.5445,-33.4595,482.813
65.2887,-33.4133,483.69
65.0337,-33.368,484.554
64.778,-33.3236,485.407
64.5305,-33.2808,486.242
64.2877,-33.2397,487.063
64.0489,-33.2001,487.871
63.8127,-33.1627,488.666
63.5808,-33.1269,489.452
63.3536,-33.0918,490.233
63.1304,-33.0564,491.008
62.9074,-33.0207,491.783
62.6835,-32.9852,492.557
62.4696,-32.9511,493.33
62.2588,-32.9171,494.104
62.0521,-32.8803,494.88
61.8571,-32.8434,495.659
61.6755,-32.8037,496.444
61.5093,-32.7616,497.231
61.3595,-32.717,498.015
61.2241,-32.668,498.804
61.1085,-32.6159,499.595
61.0168,-32.5662,500.39
60.9466,-32.514,501.186
60.899,-32.4607,501.982
60.8733,-32.4082,502.78
60.8689,-32.3566,503.581
60.8866,-32.305,504.383
60.9262,-32.2545,505.187
60.9886,-32.2034,505.993
61.0714,-32.1505,506.8
61.1732,-32.0966,507.609
61.2969,-32.042,508.421
61.4408,-31.9869,509.232
61.6041,-31.9319,510.044
61.7879,-31.8781,510.855
61.9896,-31.8234,511.667
62.2084,-31.7702,512.479
62.4415,-31.7172,513.293
62.6895,-31.6649,514.106
62.9532,-31.6127,514.917
63.2342,-31.5609,515.726
63.5309,-31.5099,516.534
63.8434,-31.4586,517.341
64.1772,-31.4046,518.145
64.5256,-31.3513,518.947
64.8856,-31.3004,519.744
65.2621,-31.2468,520.534
65.6534,-31.1937,521.317
66.0565,-31.1455,522.101
66.4725,-31.0953,522.88
66.9095,-31.0458,523.653
67.3697,-30.9993,524.415
67.8484,-30.9521,525.169
68.3446,-30.9018,525.911
68.8623,-30.8518,526.638
69.4005,-30.8025,527.349
69.9572,-30.7548,528.044
70.532,-30.7064,528.72
71.1239,-30.6572,529.378
71.7283,-30.6096,530.017
72.3464,-30.5618,530.639
72.9755,-30.5152,531.248
73.6199,-30.467,531.844
74.2812,-30.4157,532.431
74.9538,-30.3656,533.011
75.6363,-30.3181,533.579
76.3311,-30.2668,534.134
77.0401,-30.2116,534.675
77.7669,-30.1583,535.208
78.5052,-30.104,535.734
79.2548,-30.0461,536.241
80.0181,-29.9869,536.729
80.7967,-29.9277,537.2
81.5916,-29.867,537.653
82.405,-29.8071,538.09
83.2356,-29.7478,538.507
84.083,-29.687,538.906
84.9448,-29.6258,539.291
85.8223,-29.5658,539.657
86.7141,-29.5048,540.006
87.6206,-29.4436,540.335
88.5421,-29.3835,540.644
89.4804,-29.3249,540.931
90.435,-29.2646,541.194
91.4048,-29.206,541.434
92.3901,-29.147,541.645
93.3848,-29.0866,541.826
94.3931,-29.0247,541.985
95.4115,-28.9654,542.118
96.438,-28.9036,542.227
97.4743,-28.8424,542.311
98.5229,-28.7821,542.37
99.5803,-28.7197,542.407
100.644,-28.6571,542.418
101.712,-28.5917,542.404
102.782,-28.5265,542.367
103.857,-28.46,542.303
104.936,-28.3959,542.21
106.015,-28.3328,542.087
107.098,-28.2707,541.934
108.185,-28.2083,541.756
109.264,-28.1476,541.552
110.343,-28.0867,541.326
111.427,-28.0241,541.08
112.514,-27.9653,540.809
113.598,-27.9081,540.517
114.675,-27.8528,540.201
115.751,-27.8002,539.863
116.829,-27.7502,539.5
117.903,-27.7029,539.112
118.971,-27.6531,538.701
120.037,-27.6018,538.268
121.1,-27.5507,537.812
122.157,-27.5,537.342
123.205,-27.4487,536.862
124.254,-27.3978,536.368
125.306,-27.3482,535.866
126.36,-27.2968,535.36
127.416,-27.2439,534.854
128.478,-27.1886,534.348
129.544,-27.1303,533.841
130.616,-27.0678,533.332
131.692,-27.0024,532.817
132.77,-26.9349,532.298
133.846,-26.8663,531.777
134.931,-26.7988,531.248
136.012,-26.7346,530.719
137.099,-26.6698,530.187
138.192,-26.6042,529.653
139.29,-26.5374,529.115
140.393,-26.4675,528.573
141.499,-26.3947,528.027
142.609,-26.3199,527.476
143.724,-26.2442,526.919
144.84,-26.1692,526.36
145.959,-26.0945,525.798
147.09,-26.0198,525.234
148.228,-25.9444,524.667
149.373,-25.8668,524.101
150.52,-25.7895,523.533
151.674,-25.717,522.96
152.837,-25.6462,522.382
154.012,-25.5766,521.799
155.196,-25.5034,521.212
156.383,-25.4274,520.624
157.577,-25.3505,520.035
158.777,-25.2757,519.443
159.982,-25.2,518.845
161.192,-25.1239,518.244
162.407,-25.0479,517.639
163.628,-24.9726,517.029
164.858,-24.8975,516.416
166.094,-24.8206,515.797
167.336,-24.7419,515.176
168.582,-24.6625,514.557
169.832,-24.5834,513.94
171.091,-24.5055,513.318
172.354,-24.4286,512.693
173.614,-24.3508,512.061
174.873,-24.2748,511.424
176.133,-24.2003,510.785
177.394,-24.1257,510.147
178.657,-24.0491,509.51
179.92,-23.9718,508.879
181.184,-23.8926,508.248
182.448,-23.8138,507.618
183.705,-23.7355,506.985
184.965,-23.6577,506.351
186.224,-23.5838,505.715
187.481,-23.5093,505.085
188.75,-23.4334,504.462
190.014,-23.3533,503.841
191.273,-23.2673,503.23
192.526,-23.1835,502.614
193.784,-23.1045,502.004
195.034,-23.0303,501.399
196.285,-22.958,500.797
197.538,-22.8863,500.196
198.789,-22.8117,499.594
200.034,-22.7356,498.995
201.277,-22.6605,498.399
202.516,-22.5881,497.799
203.753,-22.5183,497.197
204.985,-22.4505,496.592
206.214,-22.3835,495.985
207.44,-22.3146,495.377
208.664,-22.2432,494.769
209.878,-22.1712,494.157
211.086,-22.0984,493.543
212.287,-22.0283,492.926
213.485,-21.9592,492.307
214.683,-21.8932,491.689
215.874,-21.8268,491.07
217.057,-21.7596,490.453
218.229,-21.6921,489.837
219.384,-21.6261,489.223
220.522,-21.5591,488.615
221.642,-21.4948,488.012
222.743,-21.4297,487.419
223.826,-21.3656,486.834
224.891,-21.3022,486.26
225.938,-21.241,485.693
226.967,-21.1819,485.134
227.978,-21.1241,484.588
228.973,-21.0672,484.054
229.952,-21.0109,483.537
230.918,-20.9548,483.034
231.879,-20.8994,482.548
232.838,-20.8437,482.077
233.794,-20.7893,481.626
234.747,-20.7356,481.197
235.701,-20.6815,480.797
236.651,-20.6321,480.416
237.602,-20.5835,480.051
238.56,-20.5344,479.709
239.524,-20.4865,479.382
240.496,-20.4369,479.074
241.477,-20.3856,478.789
242.466,-20.3326,478.526
243.46,-20.2777,478.281
244.454,-20.2184,478.06
245.449,-20.1585,477.861
246.444,-20.0971,477.681
247.442,-20.0355,477.522
248.442,-19.9754,477.38
249.443,-19.9144,477.26
250.445,-19.8545,477.163
251.45,-19.7968,477.091
252.462,-19.7407,477.048
253.48,-19.6871,477.035
254.502,-19.6333,477.054
255.527,-19.5784,477.103
256.555,-19.5214,477.185
257.584,-19.4632,477.302
258.617,-19.404,477.449
259.645,-19.3414,477.633
260.672,-19.2774,477.843
261.702,-19.2148,478.083
262.727,-19.1539,478.353
263.752,-19.0928,478.654
264.78,-19.0308,478.985
265.801,-18.967,479.346
266.815,-18.9012,479.735
267.815,-18.8346,480.157
268.811,-18.7663,480.603
269.798,-18.7,481.084
270.779,-18.6285,481.596
271.752,-18.5545,482.133
272.715,-18.4775,482.692
273.667,-18.3966,483.276
274.605,-18.3112,483.89
275.536,-18.2248,484.524
276.457,-18.1363,485.183
277.366,-18.0476,485.868
278.272,-17.9554,486.566
279.169,-17.8633,487.283
280.062,-17.7706,488.015
280.95,-17.6775,488.758
281.832,-17.5852,489.514
282.706,-17.4947,490.279
283.575,-17.4058,491.054
284.436,-17.32,491.837
285.293,-17.2348,492.626
286.143,-17.1487,493.417
286.992,-17.0613,494.21
287.836,-16.9737,495.005
288.679,-16.882,495.803
289.518,-16.7891,496.603
290.352,-16.6978,497.404
291.185,-16.6083,498.199
292.015,-16.5241,498.994
292.839,-16.4425,499.785
293.657,-16.3621,500.571
294.469,-16.2809,501.349
295.275,-16.2002,502.115
296.075,-16.1194,502.869
296.87,-16.0392,503.606
297.656,-15.9611,504.325
298.437,-15.8858,505.024
299.215,-15.8131,505.704
299.991,-15.7475,506.359
300.761,-15.6859,506.99
301.526,-15.6279,507.597
302.285,-15.5727,508.181
303.039,-15.5211,508.74
303.782,-15.4764,509.271
304.514,-15.4383,509.776
305.229,-15.4069,510.255
305.932,-15.3851,510.72
306.635,-15.3649,511.161
307.342,-15.3553,511.579
308.048,-15.3519,511.983
308.76,-15.3461,512.356
309.477,-15.3388,512.698
310.199,-15.3362,513.005
310.921,-15.3324,513.28
311.651,-15.3301,513.52
312.391,-15.3304,513.73
313.139,-15.3358,513.918
313.898,-15.3458,514.079
314.67,-15.3575,514.205
315.452,-15.372,514.299
316.24,-15.3888,514.365
317.025,-15.403,514.4
317.806,-15.4121,514.387
318.583,-15.422,514.342
319.352,-15.4336,514.273
320.116,-15.4477,514.171
320.872,-15.4588,514.032
321.611,-15.4712,513.869
322.358,-15.4862,513.701
323.096,-15.5011,513.511
323.824,-15.5129,513.303
324.547,-15.5254,513.08
325.272,-15.5369,512.849
325.992,-15.5454,512.602
326.71,-15.5552,512.343
327.422,-15.5658,512.068
328.131,-15.5744,511.782
328.836,-15.5801,511.481
329.533,-15.5891,511.162
330.22,-15.6001,510.823
330.895,-15.61,510.461
331.563,-15.6165,510.079
332.218,-15.6266,509.67
332.847,-15.6374,509.23
333.452,-15.646,508.761
334.037,-15.6505,508.269
334.6,-15.6563,507.758
335.14,-15.661,507.225
335.645,-15.6637,506.669
336.126,-15.6666,506.098
336.576,-15.6685,505.517
336.996,-15.6732,504.925
337.393,-15.6714,504.326
337.762,-15.6699,503.721
338.112,-15.6685,503.106
338.442,-15.6684,502.479
338.759,-15.6666,501.839
339.062,-15.6639,501.187
339.344,-15.6615,500.525
339.607,-15.6566,499.851
339.854,-15.6486,499.169
340.081,-15.6404,498.476
340.285,-15.6373,497.777
340.466,-15.6318,497.074
340.623,-15.6224,496.365
340.756,-15.6063,495.644
340.864,-15.5927,494.914
340.947,-15.5814,494.175
341.014,-15.5696,493.438
341.052,-15.5489,492.696
341.065,-15.5298,491.95
341.052,-15.5077,491.192
341.013,-15.4866,490.425
340.948,-15.4635,489.653
340.861,-15.441,488.874
340.756,-15.4183,488.087
340.63,-15.3945,487.291
340.489,-15.373,486.49
340.337,-15.3505,485.682
340.169,-15.3281,484.868
339.987,-15.3042,484.045
339.795,-15.2827,483.215
339.59,-15.2623,482.378
339.371,-15.2378,481.535
339.142,-15.2096,480.686
338.906,-15.1861,479.831
338.668,-15.162,478.971
338.429,-15.1356,478.105
338.184,-15.1112,477.229
337.932,-15.0867,476.341
337.677,-15.0621,475.441
337.421,-15.037,474.537
337.16,-15.0092,473.63
336.896,-14.9792,472.715
336.631,-14.9504,471.79
336.363,-14.9237,470.859
336.088,-14.8955,469.921
335.809,-14.8688,468.976
335.528,-14.8425,468.025
335.242,-14.8156,467.07
334.953,-14.787,466.108
334.661,-14.7607,465.145
334.368,-14.7344,464.181
334.076,-14.7061,463.214
333.78,-14.6784,462.244
333.483,-14.6503,461.272
333.185,-14.6213,460.305
332.884,-14.5894,459.339
332.581,-14.5637,458.369
332.274,-14.536,457.398
331.972,-14.5083,456.427
331.673,-14.4784,455.455
331.378,-14.4516,454.48
331.09,-14.4263,453.505
330.801,-14.4023,452.531
330.523,-14.3815,451.557
330.251,-14.3655,450.582
329.982,-14.3509,449.607
329.724,-14.3398,448.627
329.474,-14.3301,447.642
329.228,-14.3169,446.655
328.991,-14.3043,445.666
328.762,-14.2883,444.675
328.546,-14.2715,443.685
328.348,-14.255,442.696
328.171,-14.2417,441.71
328.01,-14.2286,440.724
327.864,-14.2196,439.737
327.726,-14.2117,438.746
327.601,-14.202,437.754
327.49,-14.1943,436.764
327.393,-14.1835,435.774
327.316,-14.1726,434.784
327.252,-14.1622,433.79
327.202,-14.1506,432.799
327.163,-14.1372,431.81
327.136,-14.1226,430.822
327.12,-14.108,429.832
327.115,-14.0918,428.843
327.123,-14.0757,427.851
327.147,-14.0581,426.857
327.18,-14.0401,425.867
327.221,-14.0201,424.877
327.276,-14.0028,423.892
327.343,-13.9857,422.906
327.421,-13.9697,421.921
327.514,-13.9565,420.936
327.617,-13.9458,419.951
327.73,-13.9356,418.969
327.853,-13.9265,417.988
327.984,-13.918,417.008
328.124,-13.9124,416.032
328.272,-13.9054,415.059
328.428,-13.8981,414.087
328.595,-13.8916,413.12
328.766,-13.8829,412.158
328.944,-13.8735,411.201
329.132,-13.8626,410.244
329.326,-13.8532,409.29
329.526,-13.8422,408.344
329.732,-13.8299,407.397
329.944,-13.8168,406.455
330.16,-13.8034,405.522
330.381,-13.7902,404.599
330.605,-13.7782,403.689
330.835,-13.7702,402.789
331.066,-13.7648,401.901
331.301,-13.7624,401.027
331.537,-13.7623,400.17
331.773,-13.766,399.33
332.012,-13.7748,398.512
332.253,-13.7902,397.722
332.492,-13.8093,396.957
332.732,-13.8333,396.214
332.968,-13.8651,395.495
333.197,-13.9047,394.798
333.42,-13.9475,394.122
333.639,-13.99,393.459
333.854,-14.0325,392.798
334.063,-14.0776,392.134
334.266,-14.1228,391.471
334.464,-14.1676,390.814
334.652,-14.2101,390.165
334.829,-14.248,389.517
334.988,-14.2833,388.867
335.123,-14.3191,388.209
335.24,-14.3521,387.551
335.333,-14.3816,386.895
335.398,-14.4066,386.244
335.437,-14.4257,385.595
335.446,-14.4383,384.947
335.425,-14.4483,384.301
335.377,-14.4596,383.659
335.305,-14.4661,383.02
335.207,-14.4638,382.383
335.072,-14.4573,381.746
334.903,-14.4534,381.109
334.707,-14.4485,380.475
334.487,-14.4364,379.844
334.235,-14.4212,379.218
333.947,-14.4036,378.603
333.625,-14.3866,377.995
333.271,-14.366,377.394
332.889,-14.3434,376.8
332.482,-14.322,376.214
332.052,-14.3008,375.635
331.599,-14.2771,375.063
331.123,-14.2504,374.496
330.625,-14.2247,373.932
330.11,-14.2008,373.365
329.578,-14.1753,372.791
329.028,-14.1493,372.213
328.462,-14.1236,371.632
327.876,-14.0955,371.046
327.273,-14.0663,370.458
326.652,-14.0388,369.865
326.018,-14.0111,369.262
325.373,-13.9814,368.65
324.721,-13.9521,368.02
324.067,-13.9226,367.372
323.41,-13.8926,366.714
322.747,-13.863,366.046
322.073,-13.8318,365.373
321.393,-13.8022,364.692
320.706,-13.7729,364.002
320.013,-13.7433,363.307
319.315,-13.7118,362.602
318.611,-13.6837,361.886
317.901,-13.6558,361.166
317.188,-13.6284,360.439
316.47,-13.6039,359.702
315.751,-13.584,358.96
315.027,-13.5629,358.211
314.302,-13.5474,357.454
313.573,-13.5306,356.693
312.843,-13.5146,355.926
312.114,-13.499,355.157
311.39,-13.481,354.384
310.669,-13.4618,353.607
309.952,-13.444,352.823
309.243,-13.4228,352.036
308.535,-13.4012,351.242
307.83,-13.3806,350.442
307.135,-13.3634,349.636
306.451,-13.3473,348.82
305.778,-13.3328,347.996
305.122,-13.3207,347.16
304.481,-13.3088,346.311
303.853,-13.3002,345.45
303.244,-13.2918,344.578
302.643,-13.2826,343.694
302.049,-13.2717,342.795
301.468,-13.2621,341.89
300.898,-13.2448,340.98
300.335,-13.2292,340.061
299.786,-13.2182,339.13
299.247,-13.2088,338.191
298.717,-13.2009,337.243
298.197,-13.1961,336.286
297.687,-13.1916,335.319
297.181,-13.1873,334.341
296.68,-13.1831,333.354
296.185,-13.1764,332.361
295.694,-13.1681,331.36
295.209,-13.1584,330.356
294.72,-13.1522,329.347
294.234,-13.1422,328.337
293.743,-13.135,327.318
293.252,-13.1294,326.295
292.761,-13.1233,325.266
292.269,-13.1142,324.23
291.777,-13.1058,323.189
291.287,-13.0951,322.147
290.803,-13.0869,321.101
290.314,-13.0802,320.044
289.824,-13.0771,318.975
289.333,-13.0676,317.898
288.833,-13.0538,316.819
288.329,-13.0381,315.738
287.823,-13.0217,314.656
287.315,-13.0066,313.566
286.807,-12.9946,312.47
286.297,-12.9821,311.364
285.787,-12.9692,310.253
285.273,-12.953,309.136
284.751,-12.9363,308.016
284.221,-12.9197,306.892
283.679,-12.9008,305.771
283.126,-12.8837,304.652
282.559,-12.8673,303.532
281.975,-12.8521,302.412
281.375,-12.8325,301.294
280.763,-12.8102,300.181
280.139,-12.7885,299.072
279.507,-12.7703,297.967
278.865,-12.7519,296.856
278.21,-12.7338,295.743
277.548,-12.7103,294.628
276.874,-12.6808,293.519
276.188,-12.6509,292.415
275.503,-12.6203,291.316
274.813,-12.5913,290.215
274.129,-12.5693,289.101
273.438,-12.5439,287.987
272.749,-12.5181,286.87
272.05,-12.4903,285.755
271.349,-12.4617,284.636
270.644,-12.4315,283.518
269.939,-12.3995,282.397
269.232,-12.3674,281.272
268.525,-12.3355,280.144
267.816,-12.3044,279.013
267.102,-12.2709,277.882
266.381,-12.2364,276.749
265.657,-12.1998,275.622
264.932,-12.1627,274.491
264.203,-12.1277,273.357
263.473,-12.0931,272.218
262.739,-12.0581,271.077
262.001,-12.0219,269.934
261.262,-11.9833,268.791
260.524,-11.9478,267.644
259.789,-11.9132,266.493
259.048,-11.8791,265.334
258.306,-11.8442,264.171
257.559,-11.8087,263.005
256.811,-11.7721,261.837
256.06,-11.7372,260.667
255.309,-11.7024,259.492
254.555,-11.6695,258.313
253.796,-11.6356,257.13
253.035,-11.6016,255.943
252.27,-11.5658,254.753
251.503,-11.53,253.56
250.734,-11.4954,252.368
249.962,-11.4622,251.175
249.189,-11.4302,249.977
248.415,-11.3993,248.777
247.641,-11.3642,247.575
246.86,-11.3309,246.369
246.069,-11.2946,245.163
245.277,-11.2575,243.962
244.481,-11.2211,242.763
243.684,-11.1883,241.562
242.882,-11.1559,240.36
242.076,-11.1227,239.157
241.264,-11.0871,237.953
240.452,-11.0473,236.751
239.641,-11.007,235.551
238.83,-10.9672,234.349
238.013,-10.9261,233.144
237.196,-10.8849,231.941
236.382,-10.8414,230.739
235.569,-10.8,229.537
234.759,-10.7596,228.327
233.95,-10.72,227.119
233.142,-10.6806,225.908
232.336,-10.6405,224.697
231.531,-10.5988,223.482
230.729,-10.5581,222.269
229.934,-10.518,221.056
229.143,-10.4843,219.84
228.354,-10.4525,218.62
227.566,-10.4206,217.397
226.783,-10.3844,216.175
225.998,-10.3462,214.952
225.217,-10.307,213.729
224.438,-10.2668,212.504
223.662,-10.2282,211.275
222.892,-10.188,210.046
222.129,-10.149,208.812
221.374,-10.1122,207.572
220.63,-10.077,206.328
219.901,-10.0429,205.077
219.178,-10.0125,203.818
218.465,-9.97991,202.556
217.761,-9.94709,201.287
217.06,-9.91401,200.018
216.374,-9.88159,198.746
215.693,-9.84914,197.472
215.016,-9.82201,196.19
214.347,-9.79478,194.906
213.679,-9.76544,193.619
213.017,-9.73577,192.332
212.359,-9.7073,191.046
211.707,-9.68009,189.758
211.06,-9.65525,188.469
210.418,-9.63119,187.175
209.778,-9.60509,185.88
209.141,-9.57796,184.584
208.508,-9.55047,183.287
207.878,-9.52379,181.989
207.249,-9.49713,180.691
206.621,-9.4703,179.389
205.997,-9.4441,178.084
205.379,-9.42062,176.778
204.766,-9.39647,175.461
204.153,-9.37257,174.14
203.542,-9.3418,172.823
202.932,-9.31079,171.506
202.319,-9.28127,170.19
201.706,-9.25104,168.874
201.095,-9.22233,167.562
200.486,-9.19491,166.248
199.88,-9.16959,164.933
199.276,-9.14747,163.615
198.671,-9.1251,162.296
198.071,-9.10363,160.977
197.47,-9.0791,159.66
196.873,-9.05596,158.34
196.276,-9.03345,157.021
195.682,-9.01274,155.704
195.089,-8.99302,154.388
194.496,-8.97478,153.071
193.906,-8.95786,151.753
193.316,-8.94035,150.438
192.722,-8.92203,149.122
192.124,-8.90331,147.807
191.519,-8.88074,146.496
190.905,-8.85498,145.189
190.283,-8.82616,143.89
189.65,-8.79558,142.596
189.007,-8.76376,141.312
188.351,-8.73288,140.034
187.682,-8.70421,138.763
186.999,-8.67568,137.5
186.301,-8.64561,136.247
185.591,-8.61374,135.005
184.866,-8.58117,133.774
184.129,-8.54943,132.55
183.379,-8.51795,131.34
182.614,-8.48491,130.136
181.829,-8.45239,128.945
181.03,-8.41712,127.762
180.216,-8.37889,126.588
179.391,-8.33784,125.427
178.557,-8.2982,124.278
177.711,-8.25932,123.137
176.86,-8.22348,122.004
175.992,-8.18777,120.879
175.115,-8.14874,119.757
174.235,-8.11137,118.636
173.35,-8.06963,117.527
172.461,-8.03179,116.418
171.568,-7.99745,115.31
170.662,-7.95836,114.211
169.751,-7.91881,113.112
168.833,-7.87532,112.017
167.913,-7.83069,110.925
166.99,-7.78794,109.833
166.056,-7.74389,108.74
165.113,-7.69887,107.65
164.16,-7.64805,106.571
163.201,-7.59775,105.498
162.233,-7.55016,104.435
161.255,-7.50444,103.381
160.271,-7.46004,102.331
159.28,-7.41474,101.283
158.288,-7.36759,100.234
157.295,-7.31877,99.1871
156.3,-7.26784,98.1427
155.303,-7.21585,97.0963
154.308,-7.16395,96.0453
153.316,-7.11044,94.9916
152.33,-7.06123,93.9361
151.347,-7.01433,92.8847
150.357,-6.97439,91.8289
149.357,-6.93424,90.7688
148.356,-6.89131,89.7072
147.358,-6.84722,88.6423
146.364,-6.80364,87.5758
145.37,-6.76127,86.5094
144.375,-6.71941,85.4429
143.373,-6.6792,84.372
142.371,-6.63807,83.303
141.368,-6.59464,82.2343
140.359,-6.54919,81.1625
139.347,-6.50234,80.0936
138.333,-6.4562,79.0264
137.314,-6.41133,77.9622
136.291,-6.3658,76.8994
135.266,-6.31873,75.8381
134.238,-6.27006,74.7773
133.207,-6.21991,73.7181
132.171,-6.16783,72.6603
131.134,-6.11425,71.6079
130.09,-6.06204,70.5548
129.044,-6.01131,69.5017
127.996,-5.96077,68.4455
126.947,-5.90802,67.3885
125.9,-5.85395,66.3288
124.852,-5.79914,65.2681
123.799,-5.74125,64.2086
122.742,-5.68384,63.1535
121.689,-5.62888,62.1036
120.64,-5.57824,61.0522
119.588,-5.53582,59.9888
118.535,-5.49101,58.9213
117.481,-5.44019,57.8588
116.428,-5.38884,56.8024
115.374,-5.33997,55.7435
114.318,-5.29289,54.6829
113.263,-5.24632,53.6225
112.211,-5.19983,52.5613
111.162,-5.15418,51.4982
110.115,-5.10929,50.4356
109.073,-5.06443,49.3736
108.033,-5.01642,48.3095
106.991,-4.96903,47.2436
105.951,-4.9215,46.1814
104.913,-4.87203,45.1221
103.875,-4.8217,44.0651
102.839,-4.77448,43.0063
101.806,-4.73005,41.9465
100.774,-4.68675,40.8847
99.7394,-4.6434,39.8205
98.707,-4.59866,38.7594
97.9098,-4.56449,37.9324
96.5717,-4.52853,36.5986
95.3402,-4.4747,35.3279
93.9044,-4.40615,33.8169
92.5389,-4.34516,32.3875
91.3525,-4.29057,31.1607
90.1953,-4.2367,29.9688
89.0434,-4.18055,28.7799
87.8945,-4.12562,27.5933
86.7507,-4.07532,26.397
85.623,-4.02449,25.2173
84.4986,-3.97232,24.0491
83.3785,-3.92341,22.8848
82.2708,-3.87707,21.7369
81.1636,-3.83131,20.5867
80.0608,-3.78493,19.435
78.9485,-3.7362,18.2691
77.8467,-3.68895,17.1038
76.7405,-3.64446,15.9392
75.6444,-3.60101,14.7779
74.5503,-3.56191,13.6244
73.4613,-3.52308,12.4704
72.4189,-3.48661,11.368
71.3885,-3.44999,10.2725
70.3785,-3.41426,9.19215
69.372,-3.38162,8.11379
67.6859,-3.33431,6.31186
66.0087,-3.29309,4.5231
64.3354,-3.25614,2.72995
62.6219,-3.2322,0.907213
61.566,-3.20729,-0.217581
60.5755,-3.20015,-1.27502
59.5882,-3.19172,-2.32335
58.6042,-3.18095,-3.36779
57.6276,-3.16953,-4.4049
56.6605,-3.16165,-5.43656
55.6943,-3.1579,-6.4642
54.7287,-3.16107,-7.49085
53.764,-3.16168,-8.51493
52.8148,-3.1598,-9.53843
51.8868,-3.15592,-10.5595
50.9755,-3.15341,-11.5776
50.0823,-3.151,-12.5873
49.2005,-3.15241,-13.5769
48.3297,-3.15852,-14.5518
47.4739,-3.16854,-15.5202
46.6354,-3.18257,-16.4854
45.8182,-3.19522,-17.4415
45.0191,-3.20882,-18.3826
44.2356,-3.22368,-19.3099
43.4696,-3.23804,-20.2202
42.7252,-3.25172,-21.1024
42.0065,-3.26321,-21.9629
41.3076,-3.27707,-22.8076
40.6245,-3.29387,-23.6335
39.9541,-3.30846,-24.4314
39.3015,-3.32219,-25.1959
38.664,-3.33493,-25.9248
38.0397,-3.34736,-26.6194
37.4277,-3.36369,-27.2815
36.8216,-3.38113,-27.9061
36.2201,-3.39948,-28.4943
35.6241,-3.41809,-29.0518
35.0269,-3.43706,-29.5734
34.4193,-3.4591,-30.0509
33.8056,-3.48385,-30.4851
33.1962,-3.50742,-30.8845
32.5919,-3.53164,-31.2439
31.9876,-3.55927,-31.5623
31.3748,-3.58545,-31.8403
30.7482,-3.60974,-32.085
30.1125,-3.63771,-32.2966
29.4664,-3.66326,-32.4763
28.8167,-3.6818,-32.6241
28.1632,-3.69631,-32.7324
27.5119,-3.71093,-32.7907
26.8631,-3.73052,-32.8077
26.2226,-3.73976,-32.7914
25.5909,-3.74765,-32.7427
24.9697,-3.75258,-32.6634
24.3582,-3.7619,-32.5451
23.7536,-3.77305,-32.387
23.1601,-3.78181,-32.1986
22.5751,-3.792,-31.9811
22.0033,-3.80165,-31.7336
21.4562,-3.81469,-31.4587
20.9262,-3.82833,-31.1494
20.3981,-3.84055,-30.8061
19.8977,-3.85591,-30.4382
19.4073,-3.8733,-30.0382
18.9309,-3.88925,-29.6049
18.4769,-3.90258,-29.147
18.0467,-3.91769,-28.6648
17.6348,-3.93561,-28.1466
17.2403,-3.95458,-27.5946
16.8666,-3.97337,-27.0135
16.5136,-3.99734,-26.4038
16.1851,-4.02511,-25.767
15.8787,-4.05506,-25.1006
15.5869,-4.08721,-24.4038
15.3121,-4.11856,-23.6838
15.056,-4.15132,-22.9393
14.8262,-4.18558,-22.167
14.6113,-4.22363,-21.3753
14.4052,-4.26587,-20.5682
14.2072,-4.30865,-19.741
14.0253,-4.35307,-18.8924
13.8534,-4.40162,-18.0286
13.6873,-4.45084,-17.1518
13.5259,-4.49914,-16.2666
13.3706,-4.54353,-15.3745
13.2163,-4.58888,-14.4697
13.0541,-4.63383,-13.5607
12.8874,-4.67724,-12.6435
12.7231,-4.71814,-11.7196
12.5656,-4.75567,-10.7871
12.4053,-4.79617,-9.84802
12.2383,-4.83786,-8.89955
12.0764,-4.87672,-7.94764
11.9144,-4.91349,-6.98392
11.755,-4.9507,-6.01633
11.5983,-4.98648,-5.03989
11.444,-5.02057,-4.05295
11.2917,-5.05607,-3.06422
11.1391,-5.09218,-2.08647
10.9953,-5.12691,-1.1233
10.8515,-5.1612,-0.174903
10.7073,-5.19571,0.757999
10.5655,-5.22912,1.68176
10.4236,-5.2603,2.594
10.282,-5.28931,3.49081
10.1386,-5.31592,4.37349
9.99772,-5.34362,5.23929
9.84922,-5.3733,6.0869
9.70035,-5.40249,6.92499
9.55439,-5.42961,7.75518
9.41133,-5.45445,8.57652
9.26778,-5.4791,9.3809
9.12333,-5.49962,10.1611
8.97339,-5.51526,10.925
8.82197,-5.52474,11.6805
8.67637,-5.53417,12.4286
8.52753,-5.55067,13.1706
8.37173,-5.56251,13.8977
8.20895,-5.5657,14.6131
8.04941,-5.57069,15.3231
7.8826,-5.57857,16.0354
7.70676,-5.58716,16.7519
7.51737,-5.5927,17.4686
7.32017,-5.60195,18.1821
7.11256,-5.61185,18.893
6.89397,-5.62094,19.5962
6.67202,-5.62951,20.2976
6.43941,-5.64243,20.9993
6.20218,-5.65767,21.7029
